0.470534
0.4344
0.387697
0.336963
0.28501
0.232877
0.181036
0.129898
0.0799264
0.0316116
-0.0146072
-0.0584196
-0.0996805
-0.138403
-0.174725
-0.208862
-0.241068
-0.271609
-0.300738
-0.328689
-0.355673
-0.381874
-0.407452
-0.432546
-0.457274
-0.481618
-0.505238
-0.528151
-0.550638
-0.573001
-0.595545
-0.61859
-0.642501
-0.667726
-0.694822
-0.724457
-0.757301
-0.793695
-0.832926
-0.871934
-0.903457
-0.914164
-0.884351
-0.792033
-0.623413
-0.387551
-0.123293
0.113794
0.278783
0.363461
0.391984
0.378977
0.352383
0.326411
0.304081
0.284243
0.264387
0.239416
0.207289
0.167916
0.120994
0.0664745
0.00381712
-0.071678
0.42731
0.357921
0.290949
0.231244
0.178132
0.129101
0.0819031
0.0352251
-0.01137
-0.0577232
-0.103382
-0.147848
-0.190738
-0.231844
-0.271133
-0.308709
-0.344765
-0.379538
-0.413284
-0.446248
-0.478661
-0.510716
-0.542574
-0.574359
-0.606127
-0.637404
-0.667353
-0.696161
-0.724333
-0.75232
-0.780512
-0.809249
-0.838852
-0.869651
-0.901995
-0.936202
-0.972386
-1.01004
-1.04726
-1.07949
-1.09798
-1.0887
-1.03335
-0.914273
-0.724168
-0.476401
-0.207384
0.0322885
0.202403
0.289953
0.318706
0.315136
0.302633
0.29446
0.29332
0.296252
0.299322
0.294397
0.277442
0.246693
0.200078
0.135161
0.0487408
-0.0667615
0.344258
0.229188
0.133328
0.0596311
0.00352201
-0.0416616
-0.0815179
-0.11962
-0.15773
-0.196362
-0.235339
-0.274223
-0.312589
-0.350163
-0.38685
-0.422714
-0.457924
-0.492711
-0.527326
-0.562013
-0.596999
-0.632445
-0.668461
-0.705089
-0.742183
-0.778281
-0.812606
-0.845665
-0.878126
-0.910555
-0.9434
-0.977001
-1.01162
-1.04744
-1.08456
-1.12288
-1.16187
-1.20005
-1.23423
-1.25841
-1.26271
-1.23322
-1.15382
-1.01141
-0.803702
-0.54576
-0.273326
-0.0312525
0.143742
0.236954
0.269835
0.272068
0.268031
0.27167
0.284473
0.302837
0.321524
0.328873
0.319854
0.291497
0.239804
0.160101
0.0466794
-0.110967
0.233379
0.0640802
-0.0655649
-0.155251
-0.214102
-0.253486
-0.282872
-0.308555
-0.333983
-0.360612
-0.388735
-0.418111
-0.448369
-0.479221
-0.510541
-0.542353
-0.574791
-0.608046
-0.642324
-0.677813
-0.714681
-0.752975
-0.792662
-0.833594
-0.875023
-0.914477
-0.95183
-0.987859
-1.02331
-1.05879
-1.09478
-1.1316
-1.16942
-1.20828
-1.248
-1.28803
-1.32714
-1.36289
-1.39094
-1.40419
-1.39226
-1.34187
-1.23939
-1.07535
-0.850223
-0.58312
-0.308651
-0.0675433
0.105217
0.202399
0.239753
0.246228
0.248943
0.260836
0.283049
0.312098
0.339444
0.352264
0.345282
0.313965
0.252441
0.153825
0.0104173
-0.191002
0.10689
-0.120659
-0.28542
-0.390821
-0.451214
-0.482993
-0.499733
-0.510697
-0.521244
-0.533928
-0.54959
-0.568211
-0.589467
-0.613038
-0.638734
-0.666506
-0.696411
-0.728547
-0.763008
-0.799858
-0.839149
-0.880709
-0.924247
-0.969243
-1.01341
-1.05482
-1.09379
-1.13114
-1.16763
-1.2039
-1.24045
-1.27758
-1.31541
-1.35384
-1.39242
-1.43017
-1.46525
-1.49445
-1.51258
-1.5119
-1.48178
-1.40975
-1.28391
-1.09628
-0.854039
-0.578393
-0.303232
-0.0711419
0.0947507
0.190273
0.228284
0.239096
0.247572
0.265447
0.29377
0.328495
0.357787
0.370013
0.359547
0.320246
0.244393
0.123284
-0.0521924
-0.297843
-0.023708
-0.309028
-0.507122
-0.62655
-0.68746
-0.7112
-0.715218
-0.711624
-0.707686
-0.707078
-0.711191
-0.720192
-0.73375
-0.751458
-0.773009
-0.798235
-0.827058
-0.859422
-0.895236
-0.934369
-0.976722
-1.02178
-1.06884
-1.11665
-1.16139
-1.20246
-1.24048
-1.27625
-1.31055
-1.34408
-1.3774
-1.41089
-1.44467
-1.47856
-1.51192
-1.54343
-1.57077
-1.59016
-1.59582
-1.57911
-1.52938
-1.43368
-1.28035
-1.06785
-0.806266
-0.519283
-0.248885
-0.029401
0.123905
0.209455
0.245412
0.258912
0.270935
0.292075
0.322536
0.357526
0.382708
0.388904
0.369907
0.318126
0.224051
0.0776551
-0.131567
-0.421225
-0.149182
-0.48812
-0.715551
-0.846629
-0.907655
-0.924488
-0.917796
-0.902064
-0.886237
-0.875029
-0.870342
-0.872482
-0.881044
-0.895451
-0.915206
-0.939946
-0.96939
-1.00325
-1.04119
-1.08282
-1.12791
-1.17546
-1.22418
-1.2709
-1.31287
-1.3501
-1.38332
-1.41343
-1.44135
-1.46798
-1.49412
-1.52029
-1.54671
-1.57318
-1.59891
-1.62224
-1.64047
-1.64908
-1.64122
-1.60743
-1.53547
-1.40993
-1.226
-0.980357
-0.690188
-0.39808
-0.138868
0.0618269
0.191394
0.260797
0.290767
0.303203
0.316476
0.337671
0.366758
0.395237
0.411992
0.408666
0.378028
0.310916
0.196178
0.0222207
-0.221804
-0.553951
-0.263309
-0.649298
-0.900868
-1.04097
-1.10209
-1.11395
-1.09961
-1.0753
-1.05126
-1.03311
-1.02319
-1.0219
-1.02865
-1.04258
-1.06289
-1.08889
-1.12002
-1.15568
-1.19521
-1.23802
-1.28378
-1.33087
-1.37711
-1.41792
-1.45245
-1.4812
-1.50514
-1.52547
-1.54345
-1.56033
-1.57721
-1.59478
-1.6133
-1.63248
-1.65119
-1.66737
-1.67753
-1.67576
-1.6546
-1.60067
-1.49912
-1.33788
-1.11057
-0.824609
-0.516981
-0.228322
0.0088799
0.173712
0.27187
0.322485
0.343547
0.355192
0.368734
0.388365
0.413345
0.431888
0.438091
0.423707
0.380046
0.296128
0.158457
-0.0448258
-0.322919
-0.693717
-0.362722
-0.788057
-1.05821
-1.20466
-1.26576
-1.27434
-1.25513
-1.22549
-1.19665
-1.17493
-1.16303
-1.16133
-1.16896
-1.18459
-1.20694
-1.23488
-1.26746
-1.30374
-1.34277
-1.38377
-1.42648
-1.46857
-1.50617
-1.5364
-1.55939
-1.57615
-1.58815
-1.59707
-1.60458
-1.61227
-1.62137
-1.6326
-1.64596
-1.66083
-1.67547
-1.68702
-1.69059
-1.67925
-1.64065
-1.55733
-1.4205
-1.21248
-0.931406
-0.614321
-0.300637
-0.0305576
0.164096
0.28447
0.3515
0.383122
0.398277
0.409604
0.42167
0.438285
0.454713
0.46201
0.457376
0.431756
0.374502
0.271545
0.108419
-0.124179
-0.433146
-0.837577
-0.446231
-0.903063
-1.18647
-1.33665
-1.39722
-1.40336
-1.3809
-1.34793
-1.3164
-1.2932
-1.28128
-1.28092
-1.29078
-1.30894
-1.33347
-1.3627
-1.39524
-1.42983
-1.46528
-1.50081
-1.53634
-1.56876
-1.59375
-1.6107
-1.62059
-1.62507
-1.62616
-1.62587
-1.62614
-1.62855
-1.63426
-1.64357
-1.65585
-1.67014
-1.68356
-1.69167
-1.68858
-1.66121
-1.59642
-1.47981
-1.28988
-1.01976
-0.695733
-0.357401
-0.0510156
0.17599
0.315872
0.392829
0.429236
0.446221
0.457696
0.466195
0.475166
0.486046
0.489329
0.485767
0.470877
0.433909
0.360735
0.23544
0.0459324
-0.213628
-0.549355
-0.981856
-0.514034
-0.994975
-1.28686
-1.43827
-1.4974
-1.50112
-1.47585
-1.44021
-1.40668
-1.38261
-1.37114
-1.37235
-1.38439
-1.40462
-1.43041
-1.4595
-1.4901
-1.52066
-1.54987
-1.57712
-1.6028
-1.62278
-1.63477
-1.63946
-1.63855
-1.63415
-1.62862
-1.62405
-1.62215
-1.6242
-1.63107
-1.64237
-1.65681
-1.67207
-1.68351
-1.68625
-1.66881
-1.61708
-1.51739
-1.34755
-1.09187
-0.766838
-0.403653
-0.0542321
0.21553
0.381404
0.466171
0.499882
0.510299
0.516768
0.52185
0.525473
0.528757
0.526026
0.517054
0.504083
0.479605
0.429206
0.336467
0.187088
-0.0275169
-0.310629
-0.668964
-1.12238
-0.567072
-1.06545
-1.36164
-1.51199
-1.56855
-1.56939
-1.54123
-1.50292
-1.46736
-1.44229
-1.43097
-1.43327
-1.44682
-1.46829
-1.49432
-1.52211
-1.54947
-1.57467
-1.59633
-1.6144
-1.62981
-1.63839
-1.63998
-1.63615
-1.62897
-1.62057
-1.61343
-1.60931
-1.6096
-1.61492
-1.6253
-1.63979
-1.65536
-1.66873
-1.67445
-1.66154
-1.61945
-1.53495
-1.38493
-1.14887
-0.830392
-0.448767
-0.0528606
0.273495
0.482502
0.584339
0.613046
0.607367
0.598375
0.593753
0.589746
0.585465
0.575728
0.557043
0.538873
0.517855
0.482036
0.414652
0.299962
0.126757
-0.110227
-0.412557
-0.788483
-1.2557
-0.606601
-1.11649
-1.41344
-1.56064
-1.61344
-1.61088
-1.57974
-1.53894
-1.50159
-1.47568
-1.46457
-1.46791
-1.48281
-1.50525
-1.53118
-1.55726
-1.58095
-1.60043
-1.61441
-1.62404
-1.63056
-1.63078
-1.62614
-1.61847
-1.60977
-1.60203
-1.59694
-1.596
-1.60003
-1.60834
-1.62033
-1.63384
-1.645
-1.64923
-1.63918
-1.60429
-1.53291
-1.4025
-1.18937
-0.88701
-0.499298
-0.0640175
0.326527
0.601046
0.742364
0.77612
0.752918
0.719179
0.692855
0.672667
0.655593
0.638088
0.607639
0.579714
0.5548
0.524623
0.474395
0.387249
0.250024
0.0548088
-0.200696
-0.517511
-0.905819
-1.37734
-0.633956
-1.1501
-1.4448
-1.58704
-1.635
-1.62862
-1.59474
-1.55217
-1.51405
-1.48842
-1.47864
-1.48401
-1.50107
-1.52502
-1.55114
-1.57556
-1.59563
-1.60959
-1.61661
-1.61983
-1.62082
-1.61675
-1.60991
-1.60212
-1.5949
-1.58961
-1.5846
-1.58265
-1.58465
-1.59045
-1.59818
-1.60557
-1.60877
-1.60084
-1.57273
-1.51275
-1.40078
-1.21229
-0.933428
-0.555274
-0.0981037
0.3502
0.703485
0.912236
0.976083
0.948733
0.890359
0.833295
0.785291
0.746659
0.712778
0.668381
0.628241
0.594649
0.562733
0.520987
0.453459
0.345331
0.186507
-0.0275672
-0.297121
-0.623883
-1.01923
-1.48306
-0.650413
-1.16817
-1.45814
-1.59396
-1.63626
-1.62588
-1.58986
-1.54689
-1.50992
-1.48681
-1.48055
-1.48987
-1.51047
-1.53674
-1.56331
-1.58606
-1.60258
-1.61082
-1.61146
-1.61137
-1.61185
-1.60441
-1.58872
-1.57135
-1.55525
-1.54268
-1.53422
-1.53092
-1.53317
-1.53958
-1.54697
-1.552
-1.54824
-1.52654
-1.47676
-1.38117
-1.21668
-0.965407
-0.609882
-0.153275
0.33272
0.76067
1.05466
1.17887
1.17458
1.1064
1.02009
0.937741
0.86749
0.807474
0.741339
0.685457
0.639916
0.600926
0.560053
0.503729
0.417145
0.28817
0.110095
-0.118845
-0.398097
-0.731224
-1.12641
-1.56865
-0.657119
-1.17235
-1.45565
-1.58413
-1.62039
-1.60625
-1.5691
-1.52762
-1.49441
-1.47666
-1.47645
-1.49142
-1.51615
-1.5441
-1.56924
-1.58765
-1.59565
-1.59089
-1.57312
-1.5593
-1.54239
-1.52477
-1.50719
-1.49111
-1.47832
-1.47009
-1.46693
-1.46899
-1.47521
-1.4829
-1.48867
-1.48725
-1.46997
-1.42762
-1.34569
-1.20265
-0.979353
-0.654564
-0.21807
0.279331
0.761487
1.14035
1.34497
1.39383
1.34197
1.24073
1.1286
1.02254
0.924571
0.829436
0.752282
0.691373
0.641742
0.596067
0.543398
0.470426
0.364281
0.21617
0.0225162
-0.216598
-0.500833
-0.835555
-1.22366
-1.63309
-0.654937
-1.16375
-1.43855
-1.55866
-1.58786
-1.56845
-1.52796
-1.48498
-1.4519
-1.43552
-1.43725
-1.45385
-1.47907
-1.50579
-1.528
-1.54149
-1.54293
-1.53271
-1.51558
-1.49855
-1.47928
-1.45988
-1.44203
-1.42689
-1.41566
-1.40925
-1.40798
-1.4109
-1.41581
-1.42001
-1.41863
-1.4036
-1.36665
-1.29571
-1.17111
-0.973704
-0.682503
-0.278967
0.206462
0.714431
1.16087
1.4502
1.57234
1.56437
1.47192
1.34369
1.20787
1.06853
0.936962
0.831912
0.750389
0.686728
0.632196
0.577168
0.5104
0.41967
0.294962
0.13085
-0.0738827
-0.318376
-0.60342
-0.934768
-1.30634
-1.67508
-0.644356
-1.14298
-1.40779
-1.51921
-1.54163
-1.51769
-1.47496
-1.43202
-1.40107
-1.38859
-1.39533
-1.4171
-1.44652
-1.47541
-1.49733
-1.50755
-1.50266
-1.48463
-1.46228
-1.44086
-1.41829
-1.39666
-1.37767
-1.36217
-1.35104
-1.34482
-1.343
-1.34365
-1.34468
-1.34196
-1.32774
-1.2947
-1.2328
-1.12366
-0.949032
-0.690474
-0.325447
0.132508
0.639581
1.12695
1.49048
1.69186
1.74786
1.68998
1.56586
1.41151
1.23772
1.06712
0.928158
0.819748
0.737559
0.670544
0.60867
0.541922
0.459503
0.35133
0.210573
0.0345568
-0.176592
-0.422531
-0.705532
-1.02658
-1.36973
-1.69295
-0.625399
-1.11013
-1.36354
-1.46611
-1.48247
-1.4555
-1.41281
-1.37276
-1.34709
-1.34149
-1.35561
-1.38395
-1.41779
-1.44802
-1.46771
-1.47176
-1.45876
-1.43145
-1.40294
-1.37624
-1.34978
-1.32544
-1.3046
-1.28801
-1.2762
-1.2689
-1.26472
-1.26196
-1.25706
-1.24291
-1.21293
-1.15855
-1.06245
-0.90739
-0.678552
-0.352069
0.0711186
0.558384
1.0594
1.47647
1.75079
1.87969
1.8764
1.77772
1.62167
1.42593
1.21971
1.0442
0.903819
0.7974
0.713279
0.64055
0.568966
0.488713
0.390471
0.26686
0.113895
-0.0693458
-0.282561
-0.526385
-0.803825
-1.10743
-1.41002
-1.6854
-0.597974
-1.06492
-1.30529
-1.39865
-1.40946
-1.38069
-1.33993
-1.30512
-1.28721
-1.2907
-1.31373
-1.34906
-1.38646
-1.41635
-1.43096
-1.42583
-1.40206
-1.36513
-1.33059
-1.29841
-1.26786
-1.24058
-1.21784
-1.20012
-1.18726
-1.17818
-1.17169
-1.16448
-1.15011
-1.12285
-1.07491
-0.989924
-0.851723
-0.648968
-0.357913
0.0292485
0.486449
0.9797
1.42652
1.75886
1.95917
2.02177
1.96572
1.82521
1.62595
1.3919
1.18166
1.00722
0.87081
0.763777
0.675278
0.594417
0.511249
0.417043
0.304547
0.168961
0.00830317
-0.177676
-0.389225
-0.627903
-0.895115
-1.17276
-1.42771
-1.65387
-0.562155
-1.00731
-1.23291
-1.31671
-1.32248
-1.29315
-1.2561
-1.22861
-1.2205
-1.23462
-1.26711
-1.30872
-1.34779
-1.37427
-1.38061
-1.36375
-1.32731
-1.2818
-1.24146
-1.20424
-1.17011
-1.14068
-1.11685
-1.09856
-1.08497
-1.07506
-1.06581
-1.05135
-1.02668
-0.984321
-0.908897
-0.785379
-0.605026
-0.344975
0.00823092
0.431655
0.903639
1.35997
1.7325
1.9945
2.12413
2.12145
2.01438
1.82976
1.57933
1.34003
1.13251
0.962704
0.826823
0.716495
0.621076
0.530203
0.434947
0.32811
0.204462
0.0611296
-0.102923
-0.288149
-0.495854
-0.728044
-0.976036
-1.21624
-1.42109
-1.5994
-0.518382
-0.937717
-1.14689
-1.22095
-1.22245
-1.19396
-1.16242
-1.14418
-1.14747
-1.17301
-1.21449
-1.26047
-1.29852
-1.31785
-1.31241
-1.28332
-1.23377
-1.1825
-1.13708
-1.09592
-1.0597
-1.02958
-1.00594
-0.988161
-0.975218
-0.964146
-0.949737
-0.927519
-0.889825
-0.822509
-0.711859
-0.550386
-0.316698
0.00587894
0.39578
0.839712
1.29257
1.6873
1.99742
2.18758
2.24455
2.18267
2.0215
1.77491
1.5156
1.27945
1.07608
0.907389
0.769061
0.652791
0.548689
0.447491
0.34153
0.225042
0.0943252
-0.0523941
-0.216062
-0.397791
-0.599532
-0.821261
-1.04225
-1.23622
-1.39066
-1.52444
-0.467692
-0.857364
-1.04866
-1.11312
-1.1115
-1.08557
-1.06148
-1.05425
-1.07005
-1.10695
-1.15586
-1.20345
-1.23687
-1.24608
-1.22688
-1.18466
-1.12541
-1.07044
-1.02197
-0.979345
-0.943222
-0.914331
-0.892501
-0.876634
-0.863741
-0.849237
-0.829003
-0.794854
-0.734099
-0.634621
-0.488667
-0.276918
0.0183349
0.377205
0.791089
1.23241
1.63637
1.97855
2.2208
2.33554
2.32608
2.20028
1.9706
1.70339
1.44489
1.21099
1.00844
0.837666
0.694174
0.570466
0.457814
0.348049
0.234465
0.112259
-0.0213956
-0.167936
-0.328728
-0.505668
-0.700506
-0.903285
-1.08807
-1.23217
-1.33807
-1.43211
-0.411989
-0.768542
-0.940865
-0.996367
-0.993289
-0.972039
-0.957532
-0.962941
-0.991829
-1.03916
-1.09311
-1.13914
-1.16413
-1.16039
-1.12864
-1.07285
-1.01004
-0.953518
-0.904578
-0.86283
-0.8289
-0.802988
-0.783976
-0.768921
-0.753855
-0.734715
-0.702749
-0.646887
-0.556784
-0.423198
-0.22925
0.0416721
0.372718
0.75797
1.18266
1.58733
1.94822
2.23138
2.39865
2.44253
2.35991
2.15826
1.8948
1.62277
1.3636
1.12926
0.924361
0.748991
0.599482
0.469406
0.350871
0.236228
0.119165
-0.00465829
-0.137669
-0.281427
-0.437875
-0.609046
-0.793997
-0.96867
-1.10858
-1.20355
-1.26552
-1.32578
-0.354297
-0.674942
-0.82777
-0.875523
-0.87321
-0.859209
-0.856552
-0.875957
-0.917851
-0.973781
-1.02956
-1.07048
-1.0841
-1.06655
-1.02379
-0.95772
-0.894666
-0.839302
-0.792193
-0.753459
-0.723405
-0.70085
-0.683079
-0.666708
-0.647465
-0.616201
-0.563549
-0.480805
-0.356712
-0.176664
0.0725198
0.379138
0.738745
1.14458
1.54418
1.91406
2.22697
2.43842
2.53203
2.49528
2.32923
2.07944
1.80332
1.52639
1.26443
1.02663
0.817472
0.637912
0.485102
0.352903
0.233314
0.118472
0.00203267
-0.120116
-0.250233
-0.390158
-0.542207
-0.707528
-0.873327
-1.01136
-1.10376
-1.15247
-1.17664
-1.20922
-0.298859
-0.58177
-0.715318
-0.757184
-0.758399
-0.754514
-0.765902
-0.800153
-0.853994
-0.915619
-0.969653
-1.00111
-1.00145
-0.971563
-0.91475
-0.847173
-0.786097
-0.733453
-0.689955
-0.655626
-0.629097
-0.608038
-0.589499
-0.568818
-0.536862
-0.485847
-0.408221
-0.290989
-0.121481
0.108829
0.394098
0.732747
1.11805
1.50968
1.8817
2.21431
2.46073
2.59612
2.60356
2.47629
2.24747
1.97533
1.68788
1.40399
1.1365
0.894577
0.683722
0.505262
0.355779
0.228033
0.113035
0.00237369
-0.110302
-0.228732
-0.354937
-0.490902
-0.638379
-0.794857
-0.932097
-1.027
-1.0736
-1.08182
-1.07544
-1.086
-0.250933
-0.495506
-0.610871
-0.649348
-0.657242
-0.666362
-0.693551
-0.742496
-0.805797
-0.869102
-0.916748
-0.934779
-0.920827
-0.880109
-0.811852
-0.746018
-0.688018
-0.639375
-0.600363
-0.569292
-0.544341
-0.522673
-0.499195
-0.465311
-0.414488
-0.339582
-0.226742
-0.0649806
0.149709
0.417026
0.738708
1.10516
1.48421
1.85704
2.1997
2.47087
2.63956
2.68386
2.59464
2.38996
2.12699
1.83455
1.53388
1.24128
0.969897
0.729717
0.525965
0.358237
0.220739
0.104175
-0.00160271
-0.105268
-0.212744
-0.32709
-0.449943
-0.583252
-0.726819
-0.862844
-0.963376
-1.01514
-1.02051
-0.995827
-0.966404
-0.959547
-0.216222
-0.423218
-0.522412
-0.560514
-0.578336
-0.602969
-0.646753
-0.708617
-0.777238
-0.837229
-0.872241
-0.874985
-0.848152
-0.788945
-0.719516
-0.656165
-0.602018
-0.557598
-0.521253
-0.49174
-0.465864
-0.438252
-0.401337
-0.349245
-0.274636
-0.163763
-0.00744934
0.195301
0.448708
0.756629
1.10574
1.47161
1.84141
2.1893
2.47345
2.6659
2.73993
2.68087
2.499
2.24667
1.95216
1.63855
1.32541
1.02964
0.764751
0.539328
0.355518
0.209124
0.0911299
-0.00965872
-0.103904
-0.199797
-0.302226
-0.413182
-0.533763
-0.66503
-0.799304
-0.90648
-0.966939
-0.978268
-0.949234
-0.900022
-0.854366
-0.83322
-0.200005
-0.371547
-0.457396
-0.498382
-0.529077
-0.570816
-0.630317
-0.701279
-0.769671
-0.819252
-0.836549
-0.823153
-0.779472
-0.708548
-0.639782
-0.579322
-0.528376
-0.485522
-0.450388
-0.41888
-0.385669
-0.34452
-0.289441
-0.212683
-0.101383
0.051652
0.246483
0.490356
0.787404
1.12069
1.47356
1.83807
2.18366
2.47221
2.67809
2.77236
2.73238
2.56744
2.32364
2.02769
1.70388
1.37483
1.06067
0.777629
0.536454
0.341179
0.188887
0.0711313
-0.0236855
-0.107568
-0.19066
-0.279883
-0.37862
-0.487675
-0.607387
-0.735759
-0.848444
-0.920307
-0.943139
-0.920118
-0.865466
-0.800283
-0.744103
-0.710248
-0.206262
-0.345669
-0.42155
-0.46854
-0.514222
-0.573088
-0.645195
-0.719523
-0.780729
-0.811994
-0.810724
-0.783988
-0.712865
-0.639429
-0.572208
-0.513643
-0.462986
-0.420907
-0.382068
-0.341641
-0.294779
-0.234592
-0.153174
-0.0390723
0.113092
0.304121
0.542861
0.831153
1.15084
1.49126
1.84667
2.1841
2.46692
2.67669
2.7801
2.74681
2.59082
2.35114
2.05312
1.72176
1.38181
1.05584
0.76186
0.511785
0.310571
0.15626
0.041044
-0.0465576
-0.11919
-0.188353
-0.262769
-0.3476
-0.444532
-0.553241
-0.672611
-0.788559
-0.871743
-0.908112
-0.897222
-0.847674
-0.776654
-0.703193
-0.640594
-0.594015
-0.237072
-0.348545
-0.418001
-0.473502
-0.534852
-0.608492
-0.687745
-0.758255
-0.802775
-0.812495
-0.795171
-0.737131
-0.65846
-0.583966
-0.51647
-0.456342
-0.405518
-0.357227
-0.307623
-0.253091
-0.185191
-0.096456
0.0228101
0.176942
0.368161
0.605734
0.88686
1.19487
1.52447
1.86639
2.18879
2.4605
2.66228
2.76379
2.72498
2.56963
2.32981
2.02919
1.69329
1.34792
1.01674
0.718609
0.465808
0.263592
0.110534
-0.000421887
-0.0802482
-0.141577
-0.196563
-0.255199
-0.324288
-0.407058
-0.503591
-0.61233
-0.727359
-0.820269
-0.870338
-0.874154
-0.836114
-0.769199
-0.690791
-0.615362
-0.548741
-0.488007
-0.292452
-0.380644
-0.446947
-0.512339
-0.58786
-0.671435
-0.750262
-0.807286
-0.829194
-0.819508
-0.775828
-0.695998
-0.614305
-0.537843
-0.467412
-0.406294
-0.346668
-0.285928
-0.221565
-0.143187
-0.0444664
0.0822581
0.241382
0.436683
0.675819
0.951124
1.24989
1.56901
1.89426
2.19669
2.45261
2.63963
2.72782
2.67331
2.51225
2.26923
1.96637
1.629
1.28326
0.952613
0.655689
0.40463
0.204674
0.0547131
-0.0516054
-0.124406
-0.175793
-0.217931
-0.261456
-0.314374
-0.381479
-0.464225
-0.561372
-0.669175
-0.767446
-0.830384
-0.849275
-0.825665
-0.768792
-0.693898
-0.615946
-0.543095
-0.473182
-0.395713
-0.370593
-0.440156
-0.505883
-0.580793
-0.666568
-0.752623
-0.821656
-0.856573
-0.855158
-0.830447
-0.748373
-0.662511
-0.577881
-0.497499
-0.425257
-0.353115
-0.279692
-0.203612
-0.112419
-0.00135086
0.13508
0.301963
0.504616
0.747212
1.01766
1.30918
1.6187
1.9254
2.20488
2.44328
2.61201
2.67234
2.60065
2.43176
2.18464
1.88061
1.54446
1.20183
0.875531
0.583217
0.336427
0.140228
-0.00624942
-0.10871
-0.176348
-0.220376
-0.252461
-0.283285
-0.321479
-0.372978
-0.440699
-0.524581
-0.622026
-0.720837
-0.79371
-0.826007
-0.816975
-0.77259
-0.705654
-0.631178
-0.559635
-0.491923
-0.417954
-0.320356
-0.468391
-0.523583
-0.590074
-0.672153
-0.76168
-0.840555
-0.889119
-0.898351
-0.884581
-0.813785
-0.722838
-0.633193
-0.544607
-0.461992
-0.37769
-0.291247
-0.202651
-0.0974139
0.0273438
0.175077
0.352383
0.563832
0.810899
1.07786
1.36414
1.66381
1.95171
2.21142
2.43146
2.58197
2.609
2.52169
2.34397
2.0929
1.78849
1.45506
1.11715
0.796526
0.509926
0.26807
0.0757145
-0.0678604
-0.16782
-0.232515
-0.272191
-0.29771
-0.31935
-0.345834
-0.38368
-0.43688
-0.506721
-0.591738
-0.686378
-0.765945
-0.809837
-0.814216
-0.782641
-0.725292
-0.656602
-0.589189
-0.527805
-0.465912
-0.38597
-0.26446
-0.582131
-0.626369
-0.693507
-0.778131
-0.862318
-0.922855
-0.943904
-0.932019
-0.885698
-0.793054
-0.698355
-0.604899
-0.514051
-0.419689
-0.321492
-0.221084
-0.102123
0.0363102
0.195157
0.384613
0.605604
0.855699
1.1221
1.4049
1.69399
1.96542
2.21202
2.41657
2.54828
2.55004
2.44893
2.26339
2.00877
1.70423
1.37314
1.03922
0.723204
0.441126
0.203191
0.0137626
-0.127916
-0.226701
-0.290328
-0.328217
-0.350393
-0.366497
-0.384971
-0.412482
-0.453598
-0.510643
-0.583575
-0.669265
-0.751397
-0.805573
-0.822417
-0.803268
-0.75589
-0.693397
-0.629797
-0.573821
-0.524116
-0.467137
-0.378581
-0.229418
-0.70797
-0.743489
-0.809242
-0.889289
-0.957089
-0.989956
-0.982467
-0.95599
-0.864295
-0.767115
-0.670303
-0.575391
-0.474886
-0.368227
-0.258032
-0.128011
0.0218972
0.189988
0.389898
0.619985
0.872261
1.13874
1.42136
1.701
1.96076
2.20121
2.39887
2.50836
2.49998
2.39153
2.20106
1.94353
1.63783
1.30691
0.973964
0.659369
0.378825
0.142375
-0.0458375
-0.186816
-0.285446
-0.349203
-0.386973
-0.408095
-0.421558
-0.435334
-0.455907
-0.488017
-0.534515
-0.596307
-0.672117
-0.753803
-0.816786
-0.845386
-0.838491
-0.801324
-0.745141
-0.684211
-0.630413
-0.587879
-0.549437
-0.495335
-0.395255
-0.215148
-0.842273
-0.869801
-0.929946
-0.995384
-1.03689
-1.03607
-1.0101
-0.936374
-0.834874
-0.735861
-0.639086
-0.537145
-0.426461
-0.310132
-0.173661
-0.0171714
0.156342
0.362855
0.598064
0.853895
1.12085
1.40329
1.67852
1.9334
2.17385
2.37304
2.47611
2.46491
2.3554
2.16358
1.904
1.59565
1.26135
0.924615
0.606375
0.322864
0.0843624
-0.105055
-0.246753
-0.346024
-0.410511
-0.448946
-0.470246
-0.482863
-0.494286
-0.510656
-0.536592
-0.575179
-0.627877
-0.694431
-0.771633
-0.841353
-0.882316
-0.888535
-0.862768
-0.813919
-0.755482
-0.701192
-0.659756
-0.630684
-0.60172
-0.547862
-0.433508
-0.219956
-0.981607
-1.00016
-1.04753
-1.08918
-1.09528
-1.06324
-1.00283
-0.900412
-0.796486
-0.699241
-0.598829
-0.488967
-0.371258
-0.234238
-0.0770075
0.0955369
0.303106
0.539116
0.795967
1.06572
1.34727
1.62167
1.87858
2.12552
2.33513
2.44651
2.44396
2.34113
2.15298
1.89324
1.58074
1.23903
0.89276
0.564618
0.272441
0.0274251
-0.166266
-0.310483
-0.411246
-0.476798
-0.516129
-0.538056
-0.550691
-0.56111
-0.575109
-0.597038
-0.629899
-0.675501
-0.734234
-0.804749
-0.877757
-0.930508
-0.950537
-0.937777
-0.898299
-0.843749
-0.788306
-0.743836
-0.715438
-0.698432
-0.676393
-0.620043
-0.48918
-0.240716
-1.12297
-1.12887
-1.15501
-1.16279
-1.13236
-1.06353
-0.963322
-0.852063
-0.751463
-0.653574
-0.547714
-0.433361
-0.301821
-0.149998
0.0160026
0.217465
0.449401
0.701271
0.971312
1.25265
1.52855
1.79168
2.05039
2.27818
2.41254
2.43131
2.34457
2.16706
1.91086
1.59408
1.24122
0.879462
0.534578
0.227291
-0.0294701
-0.231155
-0.380214
-0.483674
-0.550749
-0.591073
-0.613695
-0.626621
-0.636636
-0.649217
-0.66846
-0.697082
-0.736808
-0.788573
-0.851862
-0.923489
-0.985708
-1.01962
-1.02108
-0.993278
-0.945202
-0.890059
-0.841319
-0.808174
-0.792147
-0.78503
-0.767153
-0.705863
-0.556996
-0.273314
-1.26229
-1.24944
-1.24616
-1.21524
-1.13619
-1.02844
-0.906216
-0.796898
-0.697744
-0.596448
-0.48844
-0.366828
-0.226109
-0.0713133
0.116705
0.335909
0.576637
0.840044
1.11741
1.39759
1.66895
1.94034
2.19207
2.36439
2.41722
2.35671
2.19887
1.95296
1.63451
1.2686
0.886022
0.517574
0.188379
-0.0859037
-0.299944
-0.456802
-0.564737
-0.634224
-0.675857
-0.699225
-0.712479
-0.722269
-0.733817
-0.750985
-0.776311
-0.811147
-0.856395
-0.912566
-0.978293
-1.04464
-1.09087
-1.10645
-1.09187
-1.05305
-1.00103
-0.949281
-0.909542
-0.887983
-0.882894
-0.883249
-0.866969
-0.798825
-0.631301
-0.31325
-1.39615
-1.3586
-1.31861
-1.2379
-1.10702
-0.964984
-0.837987
-0.731079
-0.630567
-0.529346
-0.419647
-0.293832
-0.154398
0.0133673
0.211789
0.432717
0.681394
0.948114
1.22858
1.50845
1.79008
2.06402
2.28822
2.38751
2.36402
2.23721
2.01224
1.6989
1.32122
0.91432
0.516066
0.158141
-0.139791
-0.371079
-0.539325
-0.654157
-0.727512
-0.771179
-0.79554
-0.809131
-0.818658
-0.82919
-0.844375
-0.866594
-0.897056
-0.936073
-0.984222
-1.0418
-1.10586
-1.16039
-1.18852
-1.18715
-1.15948
-1.11366
-1.0617
-1.01627
-0.986707
-0.976215
-0.980325
-0.985871
-0.969066
-0.892794
-0.706772
-0.356249
-1.51897
-1.44898
-1.36794
-1.23057
-1.04002
-0.884984
-0.759666
-0.652283
-0.553567
-0.45413
-0.343887
-0.222291
-0.0792891
0.0920406
0.285521
0.508651
0.758354
1.02914
1.3096
1.59719
1.89195
2.17406
2.32818
2.3505
2.2664
2.07643
1.78028
1.39716
0.96584
0.533202
0.140163
-0.187646
-0.441414
-0.6251
-0.749768
-0.828945
-0.87576
-0.901574
-0.915528
-0.924593
-0.933839
-0.946777
-0.96564
-0.99158
-1.0248
-1.06496
-1.11287
-1.16868
-1.22476
-1.26256
-1.27296
-1.25696
-1.21983
-1.17108
-1.12265
-1.08554
-1.06656
-1.06619
-1.07777
-1.08658
-1.06768
-0.982633
-0.778969
-0.398706
-1.62949
-1.52127
-1.38074
-1.18608
-0.955585
-0.795177
-0.668338
-0.563347
-0.468093
-0.370513
-0.266508
-0.149252
-0.00841741
0.151573
0.34045
0.562321
0.811364
1.07979
1.36312
1.69517
2.02306
2.22929
2.30013
2.26751
2.12754
1.86566
1.49015
1.03996
0.571692
0.138512
-0.225134
-0.506722
-0.710111
-0.847802
-0.935003
-0.986275
-1.01408
-1.02834
-1.03652
-1.04389
-1.05398
-1.06892
-1.08981
-1.11691
-1.14972
-1.18763
-1.23201
-1.28228
-1.32496
-1.34488
-1.33973
-1.31259
-1.27015
-1.22233
-1.18013
-1.15253
-1.14389
-1.15246
-1.16992
-1.18044
-1.15839
-1.06447
-0.844528
-0.43785
-1.71965
-1.56699
-1.36935
-1.10355
-0.854773
-0.69114
-0.566693
-0.465325
-0.373155
-0.283074
-0.188676
-0.0781129
0.0469855
0.197304
0.380254
0.593172
0.834421
1.10862
1.47495
1.83996
2.08842
2.20394
2.22482
2.14562
1.9362
1.58752
1.13158
0.632087
0.156632
-0.247816
-0.562381
-0.78972
-0.94359
-1.04097
-1.09796
-1.12819
-1.14253
-1.14912
-1.15371
-1.16002
-1.17027
-1.18555
-1.20614
-1.23169
-1.2613
-1.29445
-1.33318
-1.37398
-1.40053
-1.40457
-1.38744
-1.35343
-1.30983
-1.26614
-1.23192
-1.21412
-1.21501
-1.23114
-1.25298
-1.26401
-1.23816
-1.13565
-0.901154
-0.471762
-1.78842
-1.57622
-1.32489
-0.975862
-0.735804
-0.575949
-0.454998
-0.356948
-0.27297
-0.194842
-0.110481
-0.0175995
0.0927492
0.230381
0.397732
0.596406
0.885358
1.25494
1.62967
1.90655
2.05964
2.12986
2.11408
1.9705
1.66995
1.22877
0.710305
0.195628
-0.252216
-0.604137
-0.859432
-1.03244
-1.14194
-1.20569
-1.23865
-1.2527
-1.25686
-1.25756
-1.25904
-1.26375
-1.27289
-1.28684
-1.3053
-1.32751
-1.35228
-1.37933
-1.41119
-1.43989
-1.45138
-1.44343
-1.41866
-1.38196
-1.34054
-1.303
-1.27733
-1.2687
-1.27777
-1.29987
-1.32468
-1.33524
-1.30528
-1.19473
-0.947551
-0.499294
-1.83353
-1.56267
-1.2466
-0.84335
-0.610225
-0.451853
-0.332961
-0.2431
-0.170962
-0.104261
-0.0377686
0.0366357
0.128783
0.246993
0.397982
0.674663
1.03645
1.39962
1.68705
1.87062
1.98387
2.02596
1.9519
1.71621
1.31356
0.79619
0.252546
-0.237006
-0.628843
-0.915481
-1.11033
-1.23367
-1.3051
-1.34108
-1.35461
-1.35568
-1.35159
-1.34732
-1.34582
-1.34856
-1.35601
-1.36797
-1.38372
-1.40208
-1.42173
-1.44272
-1.46708
-1.48352
-1.48321
-1.46727
-1.43873
-1.40249
-1.36527
-1.33455
-1.31687
-1.31601
-1.33145
-1.35777
-1.38412
-1.39333
-1.35902
-1.24105
-0.983056
-0.519796
-1.83619
-1.51807
-1.1313
-0.707289
-0.476744
-0.318291
-0.206651
-0.12671
-0.066052
-0.0166164
0.0292342
0.0835518
0.154172
0.270082
0.497811
0.820642
1.16093
1.44768
1.65042
1.79508
1.88242
1.87118
1.70786
1.365
0.873715
0.319187
-0.204174
-0.635142
-0.95519
-1.17418
-1.31299
-1.39308
-1.43258
-1.44582
-1.44377
-1.43465
-1.42427
-1.41634
-1.41276
-1.4142
-1.42047
-1.43093
-1.44441
-1.45931
-1.47424
-1.48969
-1.50582
-1.51172
-1.50371
-1.48341
-1.45396
-1.42006
-1.38768
-1.3632
-1.35201
-1.35681
-1.37642
-1.40493
-1.4313
-1.43824
-1.39934
-1.27452
-1.00749
-0.532983
-1.80921
-1.43804
-0.980485
-0.561444
-0.332471
-0.180132
-0.0762842
-0.0070516
0.0371954
0.0656006
0.0920437
0.123791
0.187305
0.357053
0.622217
0.929042
1.208
1.41974
1.57886
1.69133
1.72712
1.63288
1.3635
0.923332
0.382167
-0.159831
-0.624125
-0.977226
-1.22185
-1.37772
-1.4677
-1.5117
-1.52549
-1.52116
-1.50774
-1.49185
-1.47797
-1.46867
-1.46493
-1.46665
-1.47303
-1.48307
-1.49515
-1.50752
-1.51836
-1.52863
-1.53705
-1.53528
-1.52237
-1.49996
-1.47116
-1.44021
-1.41219
-1.39244
-1.38537
-1.3931
-1.41411
-1.44244
-1.46706
-1.47068
-1.4268
-1.29551
-1.02097
-0.538757
-1.75801
-1.3226
-0.787607
-0.401109
-0.182093
-0.0365606
0.0577188
0.11104
0.134771
0.145114
0.149327
0.158067
0.25338
0.456168
0.723029
0.986649
1.19722
1.35177
1.46626
1.52823
1.49103
1.29834
0.928424
0.426413
-0.113169
-0.599267
-0.981627
-1.25201
-1.42633
-1.52774
-1.5778
-1.59379
-1.58891
-1.5731
-1.55357
-1.53541
-1.52184
-1.5144
-1.5131
-1.5171
-1.52529
-1.53634
-1.54878
-1.5608
-1.57058
-1.57698
-1.57983
-1.56977
-1.54981
-1.52272
-1.49162
-1.46031
-1.43333
-1.41536
-1.41019
-1.41932
-1.44083
-1.46844
-1.4909
-1.49084
-1.4418
-1.30433
-1.02366
-0.537188
-1.66921
-1.17804
-0.600574
-0.241548
-0.0299564
0.108079
0.187689
0.221609
0.228457
0.21765
0.197498
0.211808
0.337758
0.557725
0.802345
1.00107
1.13294
1.22626
1.29054
1.29098
1.16769
0.877882
0.43779
-0.075165
-0.566228
-0.969879
-1.2641
-1.45774
-1.57242
-1.63068
-1.65133
-1.6488
-1.63386
-1.61446
-1.59592
-1.58153
-1.57289
-1.57018
-1.57204
-1.57696
-1.583
-1.5878
-1.58904
-1.58742
-1.58443
-1.58104
-1.57155
-1.55475
-1.53151
-1.50388
-1.47448
-1.44669
-1.42445
-1.41179
-1.41172
-1.42507
-1.44936
-1.47795
-1.49942
-1.49641
-1.44275
-1.29981
-1.01455
-0.527412
-1.54289
-1.00103
-0.422611
-0.0829092
0.122295
0.247678
0.309928
0.327703
0.314507
0.279887
0.240033
0.276207
0.426961
0.636962
0.821581
0.931266
0.996216
1.04392
1.05778
0.985064
0.772107
0.408006
-0.055665
-0.531661
-0.944708
-1.25825
-1.47108
-1.60063
-1.66903
-1.69588
-1.69646
-1.68186
-1.66019
-1.63715
-1.61628
-1.59966
-1.58812
-1.58088
-1.57736
-1.5773
-1.5793
-1.58226
-1.5843
-1.58361
-1.57894
-1.57067
-1.5562
-1.5359
-1.51103
-1.48353
-1.4558
-1.43081
-1.41198
-1.40269
-1.40541
-1.42057
-1.44549
-1.47342
-1.49288
-1.48647
-1.42826
-1.28053
-0.99249
-0.508553
-1.38489
-0.789146
-0.245809
0.076873
0.269809
0.380106
0.426622
0.425777
0.388958
0.336555
0.289137
0.346372
0.495277
0.65956
0.760555
0.803349
0.824793
0.8289
0.780304
0.627086
0.339481
-0.0596594
-0.501335
-0.909361
-1.23512
-1.46528
-1.6103
-1.6896
-1.72258
-1.72495
-1.70867
-1.68252
-1.65333
-1.62586
-1.60295
-1.58661
-1.57721
-1.57378
-1.57482
-1.57819
-1.58227
-1.58533
-1.5852
-1.58071
-1.57011
-1.55553
-1.53589
-1.51204
-1.48536
-1.45763
-1.43092
-1.40773
-1.39093
-1.38335
-1.38703
-1.40219
-1.42612
-1.45212
-1.46878
-1.45873
-1.39627
-1.24474
-0.956054
-0.479603
-1.20049
-0.560599
-0.0685655
0.232175
0.410783
0.50588
0.535778
0.511178
0.457359
0.38612
0.342229
0.408471
0.531472
0.627798
0.661285
0.659288
0.641421
0.59275
0.473859
0.248724
-0.0833413
-0.477523
-0.866676
-1.19581
-1.43991
-1.60002
-1.69094
-1.7307
-1.73566
-1.71895
-1.69112
-1.65964
-1.63028
-1.60633
-1.58922
-1.57892
-1.57478
-1.57546
-1.5789
-1.58291
-1.58577
-1.58501
-1.57945
-1.56796
-1.54978
-1.5284
-1.50349
-1.4761
-1.44754
-1.41934
-1.39319
-1.37115
-1.35554
-1.34871
-1.35231
-1.36641
-1.38832
-1.41154
-1.42481
-1.41096
-1.34466
-1.19053
-0.903749
-0.439513
-0.988357
-0.356199
0.0975981
0.378585
0.542425
0.622382
0.630339
0.5875
0.518043
0.422313
0.394093
0.453319
0.534233
0.56725
0.553241
0.514969
0.453851
0.346566
0.16194
-0.113361
-0.45697
-0.817606
-1.14156
-1.395
-1.56927
-1.67267
-1.72109
-1.73138
-1.71797
-1.69239
-1.66293
-1.63481
-1.61093
-1.59295
-1.58132
-1.57544
-1.57421
-1.57591
-1.57819
-1.57921
-1.57689
-1.56893
-1.55509
-1.53422
-1.5082
-1.48023
-1.45046
-1.41993
-1.38979
-1.36129
-1.33578
-1.31485
-1.30033
-1.29405
-1.29731
-1.30995
-1.32936
-1.34926
-1.35873
-1.34096
-1.27127
-1.11597
-0.834076
-0.387282
-0.741334
-0.163261
0.254189
0.514857
0.662129
0.724389
0.711948
0.654168
0.562844
0.460564
0.441167
0.485023
0.514961
0.498521
0.448579
0.374652
0.266768
0.103143
-0.132137
-0.431585
-0.760788
-1.0732
-1.33152
-1.51824
-1.63513
-1.69488
-1.71386
-1.70757
-1.6876
-1.66202
-1.63566
-1.61191
-1.59261
-1.57859
-1.56965
-1.56481
-1.5627
-1.56124
-1.55849
-1.55274
-1.54154
-1.52431
-1.50072
-1.47037
-1.4372
-1.40367
-1.3701
-1.3374
-1.30652
-1.27841
-1.25409
-1.2347
-1.22159
-1.21609
-1.21906
-1.23017
-1.24683
-1.26304
-1.26835
-1.24655
-1.17402
-1.01924
-0.745714
-0.322117
-0.518423
0.0113519
0.395853
0.634228
0.764901
0.807061
0.778225
0.704266
0.591754
0.500398
0.487539
0.50001
0.483552
0.430414
0.349324
0.238461
0.0845154
-0.125777
-0.392024
-0.692627
-0.990676
-1.24943
-1.44654
-1.57715
-1.65072
-1.68235
-1.68631
-1.67378
-1.6524
-1.62786
-1.60373
-1.58228
-1.56463
-1.55097
-1.5407
-1.53275
-1.52555
-1.51716
-1.5063
-1.49117
-1.46985
-1.44283
-1.40963
-1.37242
-1.33432
-1.29734
-1.26184
-1.22852
-1.19811
-1.17128
-1.14871
-1.13116
-1.11951
-1.11464
-1.11701
-1.12612
-1.13944
-1.15134
-1.15194
-1.12594
-1.05118
-0.898967
-0.63785
-0.243675
-0.32025
0.164414
0.514903
0.730718
0.8421
0.866216
0.82302
0.730425
0.616091
0.54088
0.521157
0.498208
0.4464
0.364818
0.254041
0.106587
-0.0873619
-0.329339
-0.605533
-0.887788
-1.14352
-1.34817
-1.49379
-1.5851
-1.63311
-1.64987
-1.6457
-1.62914
-1.60622
-1.58119
-1.55672
-1.53436
-1.51472
-1.49765
-1.48248
-1.4682
-1.45325
-1.43644
-1.41669
-1.39197
-1.36228
-1.32754
-1.28774
-1.24694
-1.20688
-1.16899
-1.13357
-1.10112
-1.07211
-1.04694
-1.02601
-1.00975
-0.998667
-0.993249
-0.993689
-0.999336
-1.00785
-1.01408
-1.00894
-0.978342
-0.902094
-0.75488
-0.51072
-0.152449
-0.146385
0.290558
0.6045
0.794231
0.88689
0.894717
0.837611
0.737703
0.637372
0.572804
0.535628
0.484228
0.408016
0.304097
0.16717
-0.00991597
-0.229693
-0.483166
-0.749135
-1.00046
-1.21472
-1.37902
-1.49208
-1.5599
-1.59175
-1.5979
-1.58709
-1.56627
-1.54035
-1.51273
-1.48546
-1.45965
-1.43564
-1.41317
-1.39173
-1.37039
-1.34793
-1.32384
-1.29684
-1.26533
-1.23009
-1.1906
-1.14897
-1.10789
-1.06853
-1.03178
-0.997832
-0.966965
-0.939412
-0.91535
-0.894937
-0.878357
-0.865852
-0.857653
-0.85376
-0.853516
-0.854867
-0.853317
-0.84088
-0.805083
-0.728203
-0.588763
-0.366377
-0.0502985
0.00221049
0.38673
0.660356
0.823
0.893107
0.879689
0.817655
0.735594
0.652752
0.594116
0.543536
0.477032
0.388136
0.270736
0.116976
-0.0773906
-0.307922
-0.559504
-0.810527
-1.03753
-1.22429
-1.363
-1.45424
-1.50497
-1.52436
-1.52161
-1.50445
-1.4789
-1.44919
-1.41813
-1.38737
-1.35773
-1.32938
-1.30212
-1.2756
-1.24893
-1.22153
-1.19297
-1.16151
-1.12721
-1.08971
-1.04906
-1.00861
-0.969472
-0.932316
-0.89761
-0.865413
-0.835805
-0.808817
-0.784442
-0.762664
-0.7435
-0.727023
-0.713314
-0.702297
-0.693413
-0.685019
-0.673458
-0.652135
-0.610636
-0.534184
-0.405459
-0.209466
0.0590285
0.122951
0.448741
0.669404
0.790098
0.837209
0.829768
0.791795
0.735746
0.670333
0.618054
0.565338
0.497696
0.407012
0.284701
0.122247
-0.081665
-0.31781
-0.567529
-0.808416
-1.01998
-1.18793
-1.30778
-1.38244
-1.41963
-1.42856
-1.41801
-1.39523
-1.36569
-1.33308
-1.29972
-1.26687
-1.23509
-1.20441
-1.17478
-1.14578
-1.1167
-1.08747
-1.05728
-1.02449
-0.989891
-0.952629
-0.914005
-0.876279
-0.839929
-0.80525
-0.772405
-0.741327
-0.711933
-0.6841
-0.657688
-0.632566
-0.608648
-0.58592
-0.564409
-0.544061
-0.524507
-0.5046
-0.481643
-0.450631
-0.403529
-0.328869
-0.21362
-0.0477447
0.169588
0.201177
0.451507
0.617072
0.710422
0.755985
0.768133
0.760335
0.73182
0.686701
0.645711
0.601947
0.543412
0.45868
0.337645
0.173104
-0.0353975
-0.274659
-0.523371
-0.758061
-0.95851
-1.11264
-1.21798
-1.2791
-1.30474
-1.30465
-1.28775
-1.26104
-1.22947
-1.19615
-1.16284
-1.13039
-1.09903
-1.06874
-1.03943
-1.01061
-0.981911
-0.953316
-0.923456
-0.891985
-0.858908
-0.823662
-0.788292
-0.753723
-0.720103
-0.687486
-0.655832
-0.624978
-0.59473
-0.564871
-0.535179
-0.505461
-0.475585
-0.44551
-0.41528
-0.384931
-0.354333
-0.322853
-0.288756
-0.248651
-0.196972
-0.125674
-0.0259489
0.107849
0.273226
0.226527
0.401567
0.521027
0.599343
0.652673
0.688267
0.711316
0.713192
0.694587
0.673836
0.648579
0.607077
0.534666
0.42006
0.259604
0.051022
-0.188846
-0.43726
-0.668661
-0.862218
-1.00633
-1.09974
-1.14884
-1.16401
-1.15613
-1.13443
-1.10565
-1.07411
-1.04221
-1.01111
-0.981179
-0.952398
-0.924635
-0.897682
-0.871021
-0.844596
-0.81806
-0.79023
-0.761418
-0.731009
-0.69916
-0.667456
-0.636087
-0.605023
-0.574176
-0.543399
-0.512476
-0.481162
-0.449199
-0.416336
-0.382357
-0.347119
-0.310585
-0.272828
-0.233974
-0.1941
-0.153015
-0.109822
-0.0625922
-0.00807352
0.0585068
0.142011
0.244286
0.36042
0.19421
0.302082
0.386328
0.457054
0.521098
0.580423
0.634949
0.671589
0.687514
0.696615
0.698364
0.681706
0.629625
0.527919
0.375548
0.169756
-0.0706664
-0.320988
-0.553101
-0.743602
-0.880073
-0.962529
-0.99983
-1.00468
-0.989334
-0.963355
-0.933106
-0.902212
-0.872386
-0.8442
-0.817609
-0.792322
-0.768074
-0.74448
-0.721114
-0.697963
-0.67449
-0.65002
-0.624807
-0.598299
-0.570986
-0.543527
-0.515888
-0.487957
-0.459587
-0.430598
-0.400766
-0.369845
-0.337575
-0.303701
-0.267997
-0.230297
-0.190527
-0.148726
-0.10501
-0.0595342
-0.0123774
0.0367267
0.0884997
0.144191
0.205646
0.274192
0.348446
0.42179
0.0962944
0.148061
0.2058
0.272577
0.347917
0.430366
0.516595
0.59103
0.64784
0.695473
0.733063
0.751265
0.732222
0.655529
0.515659
0.315562
0.0733958
-0.182908
-0.420274
-0.610616
-0.740213
-0.811153
-0.835672
-0.829194
-0.805375
-0.774082
-0.741325
-0.710134
-0.681621
-0.655847
-0.632377
-0.610664
-0.590253
-0.570629
-0.551399
-0.532466
-0.513337
-0.493709
-0.473644
-0.452848
-0.431593
-0.409975
-0.387884
-0.365189
-0.341739
-0.317361
-0.291849
-0.264972
-0.236473
-0.20608
-0.173514
-0.138515
-0.100868
-0.0604287
-0.0171264
0.0290122
0.0778752
0.129367
0.183332
0.23943
0.297058
0.3545
0.407548
0.448218
