-1.15883
-1.21407
-1.23595
-1.23786
-1.22647
-1.21613
-1.19143
-1.1402
-1.06739
-0.969147
-0.840083
-0.673742
-0.462869
-0.200484
0.114529
0.46766
0.827023
1.17854
1.50808
1.80188
2.04937
2.2469
2.39943
2.51991
2.62623
2.72921
2.8123
2.85529
2.82922
2.71667
2.52613
2.27783
1.99543
1.68171
1.36913
1.09803
0.869919
0.681732
0.528237
0.403838
0.303045
0.220631
0.151867
0.0927296
0.0399852
-0.00885513
-0.0556676
-0.101862
-0.148159
-0.193772
-0.238337
-0.282825
-0.32817
-0.374958
-0.42332
-0.472824
-0.522312
-0.569626
-0.611182
-0.641363
-0.65184
-0.63109
-0.564637
-0.436654
-1.24165
-1.31474
-1.34882
-1.3533
-1.33382
-1.30557
-1.26383
-1.18884
-1.09546
-0.982735
-0.84843
-0.689579
-0.50241
-0.281584
-0.0204216
0.276296
0.602775
0.95932
1.34225
1.74322
2.14944
2.54536
2.9161
3.25189
3.55226
3.81605
3.99819
4.06114
3.95776
3.67364
3.24873
2.74819
2.23243
1.74087
1.33413
1.01271
0.766057
0.578745
0.435704
0.324525
0.235702
0.162141
0.0986172
0.0413211
-0.0125081
-0.0648979
-0.117404
-0.171256
-0.226141
-0.278674
-0.327753
-0.375165
-0.422344
-0.470176
-0.51888
-0.567899
-0.615756
-0.65977
-0.695571
-0.716374
-0.712073
-0.6684
-0.566785
-0.38613
-1.29436
-1.36748
-1.40505
-1.40794
-1.37884
-1.3299
-1.27744
-1.18417
-1.07747
-0.958195
-0.825705
-0.678459
-0.513559
-0.325775
-0.107
0.144259
0.433448
0.770565
1.16241
1.60889
2.10034
2.61626
3.12717
3.60184
4.02196
4.37142
4.60053
4.66248
4.498
4.08957
3.49295
2.8051
2.13314
1.56027
1.11781
0.79338
0.562897
0.400198
0.283162
0.195433
0.125779
0.0667685
0.013541
-0.037108
-0.0873669
-0.13884
-0.192835
-0.25034
-0.308098
-0.360461
-0.407179
-0.450735
-0.493187
-0.535914
-0.579471
-0.623492
-0.666575
-0.705988
-0.737111
-0.752482
-0.740408
-0.683383
-0.557372
-0.334289
-1.331
-1.39118
-1.42372
-1.42083
-1.38138
-1.31047
-1.25467
-1.14795
-1.03311
-0.912089
-0.784858
-0.650151
-0.505247
-0.345097
-0.161517
0.0519843
0.305644
0.614718
0.994517
1.45325
1.98635
2.57074
3.16338
3.71247
4.18428
4.53979
4.74498
4.76232
4.53615
4.04421
3.33792
2.55101
1.82397
1.2415
0.816349
0.523984
0.32994
0.202018
0.11529
0.0525042
0.00255735
-0.0413912
-0.0834936
-0.126327
-0.171608
-0.220632
-0.274499
-0.333499
-0.389978
-0.437198
-0.477033
-0.512636
-0.546748
-0.581359
-0.617532
-0.655329
-0.693709
-0.730216
-0.760278
-0.775871
-0.763408
-0.701236
-0.558502
-0.298735
-1.35901
-1.3975
-1.41869
-1.40714
-1.3563
-1.26389
-1.20894
-1.0919
-0.971366
-0.850173
-0.728414
-0.604675
-0.476082
-0.337524
-0.180699
0.00373754
0.228989
0.512026
0.872757
1.32441
1.86535
2.46986
3.08633
3.65415
4.13398
4.45817
4.62871
4.61566
4.34252
3.76082
2.96273
2.1301
1.4121
0.870707
0.497669
0.256524
0.106941
0.0152443
-0.0429068
-0.083533
-0.116493
-0.147591
-0.180205
-0.216383
-0.257505
-0.304657
-0.358739
-0.417309
-0.468999
-0.508514
-0.539402
-0.565529
-0.590357
-0.616531
-0.64569
-0.678419
-0.71416
-0.750844
-0.78397
-0.804775
-0.797348
-0.735281
-0.580173
-0.286291
-1.3834
-1.39513
-1.40106
-1.37843
-1.31417
-1.20206
-1.14708
-1.0215
-0.895685
-0.77374
-0.65577
-0.539896
-0.422774
-0.298934
-0.160114
0.0035327
0.205932
0.464138
0.797208
1.21796
1.7247
2.29319
2.87674
3.42197
3.86581
4.17058
4.33519
4.28922
3.92522
3.24152
2.39962
1.59778
0.95521
0.498395
0.20049
0.0189643
-0.0860216
-0.145185
-0.179693
-0.203016
-0.223226
-0.244974
-0.270942
-0.302781
-0.341644
-0.388441
-0.44368
-0.499861
-0.544317
-0.575225
-0.596892
-0.613913
-0.630443
-0.649733
-0.67395
-0.704158
-0.740232
-0.780386
-0.819987
-0.849251
-0.849706
-0.790119
-0.624465
-0.297378
-1.40796
-1.39073
-1.37872
-1.34197
-1.26208
-1.13166
-1.07311
-0.939991
-0.808681
-0.684891
-0.568636
-0.457287
-0.346815
-0.231353
-0.102785
0.0486736
0.235413
0.472543
0.776491
1.15797
1.61527
2.12861
2.661
3.16565
3.54357
3.80181
3.90609
3.75023
3.26103
2.52215
1.72668
1.03585
0.517446
0.167318
-0.0500548
-0.175036
-0.241767
-0.275341
-0.292599
-0.304089
-0.316079
-0.33219
-0.35456
-0.384558
-0.423158
-0.47106
-0.527785
-0.580205
-0.616476
-0.638712
-0.651891
-0.661274
-0.671592
-0.686556
-0.708709
-0.739439
-0.778852
-0.825179
-0.873336
-0.912296
-0.92111
-0.864154
-0.688266
-0.328521
-1.43516
-1.38827
-1.35588
-1.30188
-1.20495
-1.05688
-0.991352
-0.851642
-0.714901
-0.588302
-0.471661
-0.361475
-0.252945
-0.139706
-0.0136818
0.134728
0.316464
0.544308
0.831459
1.18559
1.60357
2.06731
2.54213
2.94222
3.23259
3.39466
3.36011
3.04329
2.45937
1.74859
1.07455
0.534427
0.150588
-0.0976544
-0.244854
-0.324241
-0.362335
-0.378187
-0.384475
-0.389141
-0.396952
-0.410741
-0.432268
-0.462723
-0.502952
-0.553444
-0.610187
-0.656778
-0.685144
-0.69961
-0.705877
-0.709808
-0.716562
-0.730131
-0.753241
-0.787368
-0.832557
-0.886698
-0.94395
-0.991985
-1.00776
-0.952097
-0.765613
-0.374224
-1.46563
-1.38905
-1.33423
-1.26079
-1.14621
-0.981144
-0.905749
-0.76042
-0.618412
-0.487862
-0.36845
-0.255862
-0.144428
-0.0270988
0.104465
0.259929
0.449293
0.683384
0.972188
1.31945
1.71724
2.14033
2.51293
2.79242
2.95487
2.9548
2.73126
2.27432
1.67182
1.05762
0.533479
0.139969
-0.127652
-0.294285
-0.388517
-0.435426
-0.454479
-0.459603
-0.460131
-0.461989
-0.468833
-0.482947
-0.505837
-0.538553
-0.581775
-0.635555
-0.690324
-0.729722
-0.750808
-0.758823
-0.760128
-0.761044
-0.766974
-0.781984
-0.808747
-0.848543
-0.901003
-0.963325
-1.02871
-1.08367
-1.1037
-1.04713
-0.849564
-0.428369
-1.49806
-1.39218
-1.31347
-1.21926
-1.0868
-0.905833
-0.817197
-0.667464
-0.520827
-0.385495
-0.260898
-0.142316
-0.0229681
0.105174
0.251142
0.425133
0.636753
0.895057
1.20594
1.56583
1.95251
2.28777
2.53559
2.67081
2.65773
2.4578
2.06782
1.5486
1.00116
0.513008
0.128854
-0.145526
-0.325713
-0.434061
-0.492169
-0.518133
-0.525939
-0.525714
-0.52436
-0.526375
-0.53464
-0.551046
-0.576898
-0.613068
-0.65998
-0.716691
-0.768031
-0.800009
-0.814528
-0.817537
-0.815902
-0.816196
-0.823842
-0.842747
-0.875263
-0.922147
-0.982269
-1.05186
-1.12311
-1.18173
-1.20253
-1.1425
-0.93354
-0.485219
-1.53021
-1.39568
-1.29265
-1.1774
-1.0274
-0.832261
-0.729096
-0.574707
-0.423155
-0.28203
-0.14978
-0.0210901
0.11205
0.258986
0.429931
0.636024
0.886391
1.18688
1.53478
1.90897
2.2206
2.44032
2.54109
2.49549
2.28163
1.90926
1.43386
0.935363
0.483555
0.117171
-0.155017
-0.342657
-0.462614
-0.532428
-0.567694
-0.581335
-0.583497
-0.581696
-0.581183
-0.585476
-0.596914
-0.617093
-0.64712
-0.687669
-0.738885
-0.796405
-0.842346
-0.867685
-0.876942
-0.876731
-0.874291
-0.876258
-0.887862
-0.912612
-0.952247
-1.00668
-1.07373
-1.14852
-1.22242
-1.28079
-1.29857
-1.23255
-1.01215
-0.540054
-1.55993
-1.39791
-1.27044
-1.13408
-0.967257
-0.760182
-0.642899
-0.482955
-0.325757
-0.176737
-0.033416
0.110872
0.265495
0.4415
0.650604
0.904539
1.20977
1.56278
1.93251
2.24181
2.44917
2.52292
2.44183
2.19917
1.81806
1.35615
0.884083
0.458224
0.108802
-0.157505
-0.348292
-0.476969
-0.557684
-0.603305
-0.624985
-0.632141
-0.632395
-0.631551
-0.633757
-0.641848
-0.657752
-0.682794
-0.717844
-0.763297
-0.818792
-0.874625
-0.914016
-0.933725
-0.93924
-0.937701
-0.936536
-0.942245
-0.959643
-0.991575
-1.03887
-1.10032
-1.17253
-1.24958
-1.32232
-1.37632
-1.38742
-1.31312
-1.08152
-0.589456
-1.5842
-1.39591
-1.24443
-1.08755
-0.905244
-0.689259
-0.559126
-0.391589
-0.226759
-0.06629
0.0934623
0.261144
0.447788
0.666278
0.929194
1.24601
1.61287
1.9877
2.30282
2.50784
2.5643
2.45351
2.18049
1.78103
1.31725
0.855631
0.444606
0.107238
-0.153348
-0.345166
-0.480177
-0.570351
-0.626286
-0.657209
-0.671288
-0.675708
-0.676496
-0.678337
-0.684611
-0.69763
-0.718944
-0.749571
-0.790066
-0.840439
-0.899341
-0.951951
-0.984896
-0.99992
-1.00315
-1.00206
-1.00404
-1.01523
-1.03974
-1.07949
-1.13411
-1.20108
-1.27581
-1.35158
-1.41915
-1.46486
-1.46603
-1.38161
-1.13931
-0.631284
-1.60007
-1.38676
-1.21205
-1.03564
-0.839539
-0.617907
-0.47557
-0.297514
-0.121066
0.0566081
0.241057
0.443191
0.675724
0.952201
1.28258
1.66514
2.04918
2.3728
2.57875
2.62385
2.49065
2.19256
1.77511
1.30491
0.846377
0.442971
0.113053
-0.143395
-0.335572
-0.475227
-0.573248
-0.638701
-0.679156
-0.701348
-0.711586
-0.715697
-0.718703
-0.724523
-0.735944
-0.754812
-0.782296
-0.819065
-0.865321
-0.92068
-0.980559
-1.02824
-1.05583
-1.06759
-1.07023
-1.07137
-1.07818
-1.09618
-1.12854
-1.17594
-1.23663
-1.30676
-1.38073
-1.45144
-1.51
-1.54398
-1.53259
-1.43668
-1.1844
-0.664462
-1.6047
-1.36739
-1.1703
-0.975384
-0.766904
-0.542133
-0.386198
-0.193531
0.00117181
0.204809
0.425366
0.675761
0.96861
1.31331
1.70789
2.09856
2.42733
2.63337
2.67103
2.52352
2.20918
1.77978
1.30493
0.847975
0.44924
0.12409
-0.129522
-0.321879
-0.464958
-0.569261
-0.642993
-0.692526
-0.723284
-0.740469
-0.749313
-0.754838
-0.761393
-0.772303
-0.789823
-0.815334
-0.849586
-0.892854
-0.944932
-1.00485
-1.06314
-1.10512
-1.12854
-1.13855
-1.14224
-1.14724
-1.16026
-1.1859
-1.2261
-1.28009
-1.34471
-1.41493
-1.48452
-1.54643
-1.59259
-1.61209
-1.58619
-1.47796
-1.21659
-0.688672
-1.59486
-1.33399
-1.11458
-0.90089
-0.679092
-0.449102
-0.275964
-0.0712484
0.152841
0.394625
0.66438
0.974785
1.33282
1.72684
2.11514
2.44214
2.64609
2.68055
2.52839
2.20953
1.77813
1.30476
0.85182
0.457929
0.136905
-0.114314
-0.306559
-0.452033
-0.561147
-0.641702
-0.699331
-0.738442
-0.763142
-0.777796
-0.787059
-0.79545
-0.806796
-0.823868
-0.848375
-0.881189
-0.922599
-0.972437
-1.03002
-1.09334
-1.1485
-1.1851
-1.20531
-1.21485
-1.221
-1.23114
-1.25121
-1.28461
-1.33178
-1.39042
-1.45605
-1.52285
-1.58439
-1.63413
-1.66513
-1.66814
-1.62653
-1.50562
-1.2362
-0.704063
-1.56718
-1.28229
-1.0395
-0.80523
-0.567114
-0.327028
-0.132299
0.0892668
0.35027
0.640924
0.966608
1.33181
1.71765
2.09105
2.40435
2.60176
2.63663
2.48991
2.17958
1.75823
1.29497
0.850972
0.464131
0.148024
-0.100421
-0.291993
-0.43887
-0.551422
-0.637288
-0.701713
-0.748433
-0.780646
-0.801776
-0.815814
-0.827114
-0.83982
-0.857245
-0.881573
-0.913917
-0.954609
-1.00347
-1.05989
-1.12272
-1.18628
-1.23671
-1.26909
-1.28734
-1.2977
-1.30754
-1.32371
-1.35107
-1.39152
-1.44388
-1.50441
-1.56764
-1.62739
-1.67749
-1.71228
-1.72612
-1.71144
-1.65358
-1.52009
-1.24377
-0.711011
-1.51753
-1.20687
-0.937953
-0.678875
-0.419358
-0.160538
0.0671516
0.315495
0.60639
0.933469
1.28831
1.65695
2.00965
2.30398
2.49168
2.53021
2.39853
2.1099
1.71159
1.26857
0.840063
0.463892
0.154502
-0.0901941
-0.280286
-0.427583
-0.542307
-0.632022
-0.701811
-0.755035
-0.794248
-0.822044
-0.84161
-0.856826
-0.87185
-0.890423
-0.915273
-0.947906
-0.988791
-1.0377
-1.09397
-1.15652
-1.22341
-1.28467
-1.3297
-1.3584
-1.37548
-1.38756
-1.40183
-1.42428
-1.45836
-1.50428
-1.55927
-1.61841
-1.67569
-1.72501
-1.76088
-1.7787
-1.77422
-1.74139
-1.66736
-1.52181
-1.23992
-0.709967
-1.44156
-1.10234
-0.803475
-0.516035
-0.230562
0.0520137
0.314322
0.590527
0.89936
1.2314
1.56955
1.88901
2.15431
2.32531
2.3655
2.25377
1.99689
1.63331
1.22075
0.815071
0.454094
0.153949
-0.0855842
-0.273214
-0.419964
-0.535719
-0.627941
-0.701666
-0.760098
-0.805416
-0.83959
-0.865045
-0.884997
-0.903309
-0.923897
-0.949977
-0.983552
-1.02536
-1.0752
-1.13228
-1.19548
-1.26314
-1.33131
-1.38782
-1.42724
-1.45241
-1.46871
-1.48297
-1.50185
-1.53014
-1.56957
-1.61865
-1.67322
-1.7276
-1.77567
-1.81181
-1.83143
-1.83115
-1.80802
-1.75734
-1.66782
-1.51113
-1.22516
-0.701371
-1.33433
-0.962912
-0.631341
-0.313805
-0.0025144
0.301066
0.586839
0.874004
1.17268
1.46973
1.74398
1.96901
2.11421
2.15066
2.05896
1.83975
1.52019
1.14768
0.77253
0.431988
0.144251
-0.0882924
-0.2723
-0.417543
-0.533305
-0.626846
-0.703178
-0.765478
-0.815767
-0.855628
-0.886884
-0.912064
-0.934514
-0.958023
-0.986095
-1.02122
-1.06454
-1.11597
-1.17463
-1.23921
-1.30807
-1.37874
-1.44336
-1.49272
-1.52617
-1.54774
-1.56342
-1.57998
-1.60318
-1.63623
-1.67908
-1.72865
-1.77977
-1.82636
-1.86263
-1.88369
-1.88599
-1.86741
-1.82614
-1.75857
-1.65475
-1.48825
-1.19991
-0.685624
-1.19221
-0.786713
-0.422978
-0.0794643
0.248934
0.559126
0.843757
1.11099
1.36329
1.58738
1.76496
1.87606
1.9008
1.82399
1.64227
1.37154
1.04647
0.709199
0.394786
0.123236
-0.10002
-0.278992
-0.42171
-0.536532
-0.630346
-0.70809
-0.772974
-0.827001
-0.871578
-0.908131
-0.938608
-0.965758
-0.992995
-1.02383
-1.06111
-1.10637
-1.15978
-1.22041
-1.28676
-1.35699
-1.42879
-1.49805
-1.55483
-1.59512
-1.62152
-1.63903
-1.654
-1.6727
-1.69957
-1.73597
-1.7801
-1.82762
-1.87263
-1.90909
-1.93182
-1.93685
-1.92172
-1.88551
-1.82737
-1.74445
-1.62799
-1.45331
-1.16452
-0.663113
-1.01569
-0.578614
-0.189971
0.16662
0.493097
0.784974
1.03647
1.25043
1.4268
1.55688
1.62997
1.63563
1.56487
1.41399
1.19039
0.915925
0.622117
0.339412
0.0883468
-0.122759
-0.294895
-0.433888
-0.546805
-0.639934
-0.718029
-0.784314
-0.840847
-0.889011
-0.93003
-0.965444
-0.997445
-1.02894
-1.0632
-1.10315
-1.15067
-1.20619
-1.26887
-1.33698
-1.40848
-1.48089
-1.55106
-1.61175
-1.65678
-1.68668
-1.70553
-1.71913
-1.73374
-1.75465
-1.78456
-1.82294
-1.86644
-1.90973
-1.94659
-1.97132
-1.97965
-1.96864
-1.93683
-1.88441
-1.81118
-1.71484
-1.58763
-1.40658
-1.11938
-0.63422
-0.811578
-0.352526
0.0453562
0.393461
0.691937
0.937338
1.1274
1.26553
1.35406
1.3911
1.37408
1.30066
1.1698
0.985002
0.758154
0.509663
0.262869
0.036601
-0.158989
-0.321988
-0.455723
-0.565624
-0.657105
-0.734564
-0.801164
-0.859024
-0.909588
-0.954029
-0.993648
-1.0302
-1.06608
-1.10411
-1.14708
-1.19699
-1.2545
-1.31889
-1.38835
-1.46047
-1.53271
-1.60194
-1.6634
-1.7101
-1.74128
-1.76018
-1.77198
-1.78275
-1.798
-1.82149
-1.85403
-1.89318
-1.93437
-1.97168
-1.99887
-2.01096
-2.00482
-1.9785
-1.93136
-1.86451
-1.77811
-1.6695
-1.53268
-1.34684
-1.06368
-0.599004
-0.593992
-0.130278
0.254262
0.568179
0.813193
0.990527
1.10399
1.16104
1.16822
1.12956
1.04816
0.926717
0.768628
0.580421
0.37367
0.163709
-0.0346823
-0.211441
-0.362625
-0.489183
-0.594699
-0.683454
-0.759285
-0.825167
-0.883232
-0.935005
-0.981699
-1.02452
-1.06493
-1.10483
-1.14657
-1.19257
-1.24473
-1.30382
-1.36924
-1.43919
-1.51107
-1.58196
-1.64892
-1.70834
-1.75392
-1.78413
-1.80172
-1.81124
-1.81833
-1.82857
-1.84608
-1.8728
-1.90758
-1.94633
-1.98363
-2.01343
-2.02984
-2.02888
-2.00864
-1.96765
-1.90502
-1.82394
-1.72502
-1.60682
-1.46324
-1.27512
-0.998566
-0.557895
-0.382395
0.063243
0.409879
0.666906
0.841413
0.941943
0.979146
0.964744
0.908558
0.817947
0.698781
0.555976
0.394515
0.220972
0.0441665
-0.126191
-0.282074
-0.419034
-0.53635
-0.635894
-0.720687
-0.793832
-0.857965
-0.915141
-0.966938
-1.01465
-1.05948
-1.10271
-1.14587
-1.19078
-1.23939
-1.29333
-1.35333
-1.41886
-1.48814
-1.55858
-1.62708
-1.69044
-1.74567
-1.78818
-1.81582
-1.831
-1.83802
-1.84187
-1.84785
-1.86038
-1.88174
-1.91202
-1.94829
-1.98509
-2.01664
-2.03716
-2.04078
-2.02433
-1.98826
-1.93232
-1.85695
-1.76428
-1.65537
-1.52931
-1.38063
-1.19197
-0.924154
-0.510991
-0.197093
0.206996
0.495257
0.681511
0.780475
0.808242
0.780791
0.712319
0.613868
0.493725
0.358319
0.212844
0.0620248
-0.0890847
-0.234971
-0.370514
-0.492194
-0.598733
-0.69084
-0.770423
-0.83979
-0.901134
-0.956336
-1.00698
-1.05444
-1.09997
-1.14476
-1.19003
-1.23715
-1.28753
-1.34243
-1.4024
-1.46693
-1.53436
-1.60208
-1.66708
-1.72616
-1.77628
-1.81447
-1.83849
-1.85076
-1.85524
-1.85661
-1.85937
-1.86789
-1.885
-1.91094
-1.94404
-1.97973
-2.0105
-2.03102
-2.0376
-2.02646
-1.99573
-1.9455
-1.87623
-1.78909
-1.68625
-1.56904
-1.43688
-1.28477
-1.09729
-0.840407
-0.458384
-0.0539095
0.289265
0.506892
0.619107
0.648021
0.615313
0.539647
0.435529
0.313474
0.181112
0.0441406
-0.0930812
-0.227034
-0.354637
-0.473191
-0.580703
-0.676281
-0.760214
-0.833693
-0.898364
-0.955967
-1.00816
-1.0565
-1.10243
-1.14727
-1.19219
-1.23819
-1.28622
-1.3372
-1.39194
-1.45075
-1.51311
-1.57748
-1.64147
-1.70205
-1.75629
-1.80131
-1.83471
-1.85481
-1.86432
-1.86681
-1.86635
-1.86719
-1.87274
-1.88611
-1.9082
-1.93555
-1.96536
-1.99341
-2.0138
-2.02189
-2.01432
-1.9885
-1.94341
-1.8796
-1.7982
-1.7009
-1.58983
-1.46629
-1.32977
-1.17572
-0.990938
-0.747224
-0.40018
0.0394489
0.309248
0.452882
0.4964
0.46702
0.389057
0.281342
0.157119
0.0253633
-0.107731
-0.237804
-0.361825
-0.477761
-0.584298
-0.680704
-0.766816
-0.843051
-0.910322
-0.96987
-1.02309
-1.07143
-1.11641
-1.15956
-1.20232
-1.24586
-1.29104
-1.33847
-1.38863
-1.4419
-1.49835
-1.55744
-1.61777
-1.67717
-1.73292
-1.78203
-1.82204
-1.85094
-1.86747
-1.8747
-1.87618
-1.87491
-1.87424
-1.87774
-1.88582
-1.89953
-1.91975
-1.94337
-1.96651
-1.98459
-1.99271
-1.98702
-1.96486
-1.92456
-1.8659
-1.78997
-1.69842
-1.59314
-1.47596
-1.34788
-1.20828
-1.05333
-0.872542
-0.64437
-0.336488
0.0838806
0.274873
0.348025
0.333082
0.259133
0.150276
0.0237409
-0.109289
-0.241749
-0.369114
-0.488524
-0.598346
-0.697887
-0.787124
-0.866477
-0.936657
-0.998577
-1.0533
-1.102
-1.14602
-1.18685
-1.22614
-1.26548
-1.30614
-1.34891
-1.39414
-1.44195
-1.49238
-1.54532
-1.6002
-1.65582
-1.7102
-1.76092
-1.80529
-1.8407
-1.86558
-1.87927
-1.88517
-1.88604
-1.88458
-1.88229
-1.8778
-1.87792
-1.88381
-1.89546
-1.9115
-1.9286
-1.94275
-1.94953
-1.94462
-1.92482
-1.8883
-1.8344
-1.76375
-1.67789
-1.57859
-1.46752
-1.34597
-1.21445
-1.07234
-0.916949
-0.741317
-0.531429
-0.267433
0.0866581
0.198793
0.208853
0.147148
0.0414163
-0.086653
-0.222431
-0.357021
-0.48524
-0.604144
-0.712249
-0.809113
-0.895032
-0.970746
-1.03719
-1.09535
-1.14622
-1.19088
-1.23058
-1.26687
-1.30153
-1.33636
-1.37277
-1.41158
-1.45303
-1.49699
-1.54331
-1.59172
-1.64173
-1.69223
-1.74156
-1.78741
-1.82738
-1.85913
-1.88063
-1.89209
-1.89723
-1.89823
-1.89151
-1.87919
-1.86789
-1.86007
-1.85765
-1.86112
-1.86956
-1.88056
-1.89025
-1.89434
-1.88872
-1.86992
-1.83582
-1.78566
-1.71979
-1.63941
-1.54607
-1.44125
-1.32599
-1.20087
-1.06597
-0.921013
-0.765156
-0.59598
-0.407853
-0.193261
0.0580814
0.0946214
0.0503014
-0.0472355
-0.174248
-0.312917
-0.45165
-0.583754
-0.705687
-0.815818
-0.91374
-0.999843
-1.07499
-1.14023
-1.19659
-1.24504
-1.28661
-1.32251
-1.35434
-1.38404
-1.41361
-1.4447
-1.47824
-1.51448
-1.55327
-1.59436
-1.6375
-1.68218
-1.72757
-1.77199
-1.81351
-1.84955
-1.87809
-1.89735
-1.90627
-1.91205
-1.90298
-1.88525
-1.86615
-1.84801
-1.83316
-1.82349
-1.81982
-1.82137
-1.82595
-1.83026
-1.83026
-1.82206
-1.80247
-1.76927
-1.72155
-1.6595
-1.58405
-1.49642
-1.39777
-1.28884
-1.16985
-1.04066
-0.901195
-0.752152
-0.595604
-0.434832
-0.273192
-0.114597
0.0085734
-0.0255245
-0.115744
-0.239955
-0.380308
-0.52367
-0.661594
-0.789365
-0.904755
-1.00708
-1.09663
-1.17419
-1.24082
-1.29754
-1.34532
-1.38513
-1.41819
-1.44614
-1.47105
-1.49512
-1.52021
-1.5475
-1.57743
-1.60999
-1.64503
-1.68238
-1.72171
-1.76205
-1.80211
-1.83956
-1.87243
-1.89783
-1.91406
-1.92218
-1.91317
-1.89319
-1.87006
-1.8453
-1.82159
-1.80109
-1.78531
-1.77499
-1.76958
-1.76719
-1.76494
-1.75939
-1.74704
-1.72495
-1.69111
-1.64453
-1.58522
-1.51388
-1.4314
-1.33859
-1.23581
-1.12283
-0.999008
-0.863682
-0.717181
-0.562205
-0.405134
-0.256159
-0.127658
-0.0330132
-0.053039
-0.152093
-0.280636
-0.42431
-0.57233
-0.716583
-0.851665
-0.974561
-1.08401
-1.17988
-1.26273
-1.33341
-1.39286
-1.442
-1.48177
-1.5134
-1.53856
-1.55937
-1.57819
-1.59712
-1.61765
-1.64054
-1.66617
-1.69469
-1.72608
-1.76006
-1.79579
-1.83152
-1.86547
-1.89447
-1.91654
-1.92823
-1.92007
-1.90176
-1.87829
-1.85032
-1.82114
-1.79263
-1.76678
-1.74503
-1.72792
-1.71508
-1.70502
-1.69536
-1.68318
-1.66551
-1.63975
-1.60405
-1.55748
-1.49992
-1.43179
-1.35372
-1.26614
-1.16902
-1.0617
-0.942942
-0.811294
-0.666074
-0.508998
-0.346318
-0.190415
-0.0592827
0.0267008
0.0479124
-0.12012
-0.278229
-0.438572
-0.596228
-0.748046
-0.890903
-1.0222
-1.14031
-1.2446
-1.33513
-1.41239
-1.47706
-1.52988
-1.57174
-1.60379
-1.6277
-1.64563
-1.65998
-1.67307
-1.68678
-1.70242
-1.72082
-1.74261
-1.76801
-1.79673
-1.8277
-1.85919
-1.88842
-1.91326
-1.92942
-1.9237
-1.90958
-1.88862
-1.86078
-1.82934
-1.79576
-1.7624
-1.73096
-1.70276
-1.67844
-1.65774
-1.63959
-1.62209
-1.60285
-1.57935
-1.54933
-1.51112
-1.46381
-1.40718
-1.34143
-1.26691
-1.18372
-1.09149
-0.989121
-0.874805
-0.746284
-0.601704
-0.441292
-0.269838
-0.0992798
0.0503283
0.153321
0.183993
0.121001
-0.188116
-0.399447
-0.586083
-0.753655
-0.90677
-1.047
-1.1742
-1.28783
-1.38755
-1.47336
-1.54548
-1.60434
-1.65061
-1.68527
-1.70986
-1.72648
-1.73762
-1.74569
-1.75304
-1.76161
-1.77283
-1.78776
-1.80695
-1.83
-1.85565
-1.88173
-1.9057
-1.92284
-1.92334
-1.91429
-1.89884
-1.87406
-1.84329
-1.80756
-1.76945
-1.73064
-1.69302
-1.65789
-1.62597
-1.5973
-1.57111
-1.54597
-1.51991
-1.49078
-1.45657
-1.41575
-1.36741
-1.31118
-1.24711
-1.17526
-1.09548
-1.00708
-0.908585
-0.797667
-0.671283
-0.52643
-0.361765
-0.18027
0.00760601
0.181798
0.31385
0.372628
0.331846
0.173812
-0.254141
-0.513144
-0.721512
-0.896067
-1.04898
-1.18605
-1.30917
-1.41855
-1.51395
-1.59508
-1.66192
-1.71472
-1.75421
-1.78156
-1.79873
-1.80817
-1.81259
-1.8145
-1.81645
-1.82065
-1.82845
-1.84056
-1.85685
-1.87578
-1.89506
-1.90957
-1.91519
-1.91444
-1.90602
-1.88761
-1.86011
-1.82499
-1.78483
-1.7412
-1.69638
-1.65203
-1.60965
-1.57016
-1.53384
-1.50026
-1.4683
-1.43632
-1.4024
-1.36467
-1.32164
-1.27235
-1.2163
-1.15335
-1.08335
-1.00594
-0.920154
-0.824192
-0.715227
-0.589487
-0.442879
-0.272574
-0.0797965
0.126572
0.327162
0.4922
0.586667
0.579211
0.449448
0.18838
-0.316494
-0.618047
-0.844444
-1.02391
-1.17575
-1.30946
-1.42851
-1.5336
-1.62438
-1.70031
-1.76118
-1.80727
-1.83947
-1.85918
-1.86875
-1.87098
-1.86888
-1.8649
-1.86179
-1.86172
-1.86546
-1.87325
-1.88428
-1.89297
-1.90099
-1.90669
-1.9065
-1.89752
-1.87705
-1.84498
-1.80527
-1.75937
-1.70976
-1.6583
-1.60705
-1.55758
-1.51105
-1.468
-1.42824
-1.39086
-1.35437
-1.31694
-1.27675
-1.23225
-1.18239
-1.12652
-1.06432
-0.995499
-0.919473
-0.835061
-0.740147
-0.63143
-0.50442
-0.353995
-0.17597
0.0299525
0.256146
0.483558
0.681509
0.812171
0.840073
0.741705
0.509019
0.1445
-0.374225
-0.713687
-0.955106
-1.13794
-1.28808
-1.41812
-1.53274
-1.63293
-1.71825
-1.78793
-1.8418
-1.88032
-1.90468
-1.9164
-1.91814
-1.91293
-1.90385
-1.89314
-1.88382
-1.87827
-1.87526
-1.87693
-1.88359
-1.89177
-1.89782
-1.89801
-1.88808
-1.8645
-1.82761
-1.78173
-1.7297
-1.67343
-1.61538
-1.55751
-1.5017
-1.44928
-1.40097
-1.35669
-1.31563
-1.27631
-1.23687
-1.19543
-1.15035
-1.10042
-1.04489
-0.98326
-0.915088
-0.839628
-0.755475
-0.660178
-0.549929
-0.419493
-0.262737
-0.0742644
0.147417
0.395389
0.650153
0.879111
1.04227
1.10128
1.03035
0.821868
0.48336
0.0274459
-0.426805
-0.799969
-1.05388
-1.23873
-1.38639
-1.51203
-1.62133
-1.7155
-1.79414
-1.85637
-1.90221
-1.93233
-1.9481
-1.95091
-1.94356
-1.92932
-1.91185
-1.89203
-1.87654
-1.86839
-1.86755
-1.87248
-1.88036
-1.88649
-1.88596
-1.87425
-1.84733
-1.80499
-1.75271
-1.69382
-1.63118
-1.56695
-1.50348
-1.44266
-1.386
-1.33424
-1.28735
-1.24445
-1.20398
-1.16398
-1.12246
-1.07766
-1.02822
-0.97326
-0.912147
-0.844301
-0.768811
-0.684027
-0.587115
-0.473673
-0.337622
-0.171773
0.0303696
0.271092
0.543438
0.826447
1.08437
1.27348
1.35489
1.30248
1.10981
0.7883
0.358392
-0.162883
-0.473928
-0.876927
-1.14106
-1.32659
-1.47072
-1.59091
-1.69367
-1.78055
-1.85127
-1.90489
-1.94146
-1.96175
-1.9672
-1.95838
-1.93931
-1.9155
-1.89194
-1.87202
-1.85924
-1.85494
-1.85758
-1.86377
-1.86884
-1.86703
-1.85298
-1.8226
-1.77513
-1.71618
-1.651
-1.58246
-1.51332
-1.44571
-1.38168
-1.32266
-1.2694
-1.22174
-1.1787
-1.13857
-1.09927
-1.05867
-1.01488
-0.966439
-0.912317
-0.851784
-0.784124
-0.70825
-0.622236
-0.522781
-0.404761
-0.261087
-0.0833846
0.135899
0.39943
0.699292
1.01175
1.29658
1.50509
1.59598
1.54928
1.36166
1.04787
0.633393
0.143522
-0.407873
-0.515459
-0.944705
-1.217
-1.40185
-1.54137
-1.65503
-1.7501
-1.82848
-1.88998
-1.93311
-1.95734
-1.9648
-1.95791
-1.93951
-1.91413
-1.88699
-1.86297
-1.84526
-1.83594
-1.8346
-1.83795
-1.84085
-1.8373
-1.82126
-1.78805
-1.7364
-1.67169
-1.60105
-1.52812
-1.45553
-1.38566
-1.3203
-1.26083
-1.20781
-1.16097
-1.11915
-1.08054
-1.0429
-1.00399
-0.961812
-0.914796
-0.861811
-0.802017
-0.734572
-0.658204
-0.570665
-0.468108
-0.344533
-0.19163
0.000382508
0.240177
0.530448
0.861333
1.20473
1.51441
1.7359
1.82511
1.76536
1.56992
1.25573
0.849932
0.381335
-0.128917
-0.675598
-0.551426
-1.00362
-1.28227
-1.46525
-1.59911
-1.70503
-1.79012
-1.85715
-1.90622
-1.93684
-1.94951
-1.94613
-1.92969
-1.90402
-1.87421
-1.84549
-1.82228
-1.80697
-1.80003
-1.79909
-1.79915
-1.7938
-1.77668
-1.74256
-1.6888
-1.61986
-1.54546
-1.4697
-1.39555
-1.32512
-1.26018
-1.20181
-1.15043
-1.10558
-1.06597
-1.02967
-0.994363
-0.957697
-0.917592
-0.872382
-0.820843
-0.762034
-0.694985
-0.618229
-0.529173
-0.423354
-0.293763
-0.130644
0.0774733
0.34057
0.66117
1.02655
1.40264
1.73536
1.96384
2.0419
1.95653
1.73077
1.40834
1.00875
0.558167
0.0791653
-0.416292
-0.932754
-0.581924
-1.05384
-1.33674
-1.51577
-1.64148
-1.73709
-1.8112
-1.86634
-1.90287
-1.92083
-1.92145
-1.90723
-1.88194
-1.8501
-1.81705
-1.78769
-1.7656
-1.75197
-1.74549
-1.74196
-1.73507
-1.718
-1.68498
-1.63253
-1.56296
-1.48656
-1.40973
-1.33549
-1.26601
-1.20271
-1.14655
-1.0977
-1.05556
-1.01875
-0.985244
-0.952671
-0.918626
-0.880948
-0.837889
-0.788129
-0.730623
-0.664276
-0.587428
-0.497133
-0.388291
-0.2528
-0.0792838
0.145704
0.433747
0.787231
1.18994
1.60037
1.95501
2.18555
2.24502
2.126
1.86071
1.50409
1.11097
0.681281
0.232142
-0.223265
-0.681659
-1.15525
-0.606667
-1.09457
-1.37962
-1.55336
-1.66986
-1.75403
-1.8154
-1.85694
-1.8795
-1.88387
-1.87203
-1.84723
-1.81385
-1.77688
-1.74155
-1.71216
-1.69119
-1.67842
-1.67079
-1.66269
-1.64719
-1.61783
-1.57016
-1.50372
-1.42707
-1.3506
-1.27748
-1.20979
-1.14889
-1.09546
-1.04955
-1.01042
-0.976629
-0.946125
-0.916509
-0.885336
-0.850379
-0.809801
-0.762181
-0.706363
-0.641126
-0.564625
-0.473593
-0.362319
-0.221621
-0.0384256
0.202895
0.515866
0.903004
1.34442
1.79027
2.16623
2.39599
2.43193
2.27502
1.96812
1.57436
1.15485
0.754671
0.341082
-0.0762423
-0.490446
-0.903512
-1.33271
-0.625594
-1.12639
-1.41183
-1.57875
-1.68437
-1.75537
-1.80224
-1.82864
-1.83614
-1.82639
-1.80216
-1.76743
-1.72703
-1.68616
-1.64969
-1.6211
-1.60159
-1.58941
-1.58004
-1.56695
-1.54319
-1.50314
-1.44388
-1.37021
-1.29472
-1.2232
-1.1576
-1.09917
-1.04849
-1.00545
-0.96927
-0.938454
-0.910957
-0.884381
-0.856252
-0.824277
-0.78652
-0.741436
-0.687747
-0.624099
-0.548488
-0.457373
-0.344527
-0.199799
-0.00849743
0.247244
0.583171
1.0024
1.48173
1.96283
2.35976
2.58768
2.59896
2.40294
2.05654
1.63113
1.18876
0.772979
0.410414
0.0369385
-0.337421
-0.707303
-1.07667
-1.46562
-0.638364
-1.14896
-1.4331
-1.59176
-1.68501
-1.7413
-1.77227
-1.78249
-1.77443
-1.75067
-1.71481
-1.6714
-1.62564
-1.58265
-1.5467
-1.52023
-1.503
-1.49182
-1.48102
-1.46356
-1.43286
-1.38425
-1.31769
-1.24385
-1.17373
-1.10992
-1.05356
-1.00517
-0.964598
-0.931
-0.902898
-0.878264
-0.854713
-0.82975
-0.801006
-0.766424
-0.724313
-0.673244
-0.611724
-0.537603
-0.447142
-0.333731
-0.186464
0.0107228
0.277779
0.632801
1.08005
1.5939
2.10824
2.5257
2.75222
2.74015
2.50833
2.12606
1.67742
1.2241
0.801819
0.429002
0.119618
-0.210591
-0.544655
-0.875107
-1.2066
-1.55994
-0.644616
-1.16189
-1.4432
-1.59242
-1.67211
-1.71258
-1.72682
-1.72052
-1.69719
-1.66037
-1.61443
-1.56443
-1.51565
-1.47288
-1.43952
-1.4167
-1.40275
-1.39319
-1.38147
-1.36045
-1.32402
-1.26852
-1.19908
-1.12985
-1.06695
-1.0118
-0.964881
-0.926038
-0.894434
-0.868605
-0.846559
-0.825934
-0.80421
-0.778933
-0.7479
-0.709238
-0.66133
-0.602519
-0.530521
-0.441464
-0.328517
-0.180299
0.0202337
0.294728
0.663518
1.13252
1.6749
2.21836
2.65514
2.88195
2.84982
2.58714
2.17701
1.71167
1.25937
0.846211
0.477668
0.155337
-0.107636
-0.403259
-0.705168
-1.00364
-1.30206
-1.62303
-0.643979
-1.16477
-1.44186
-1.58077
-1.64617
-1.67029
-1.66768
-1.64533
-1.60788
-1.55984
-1.50623
-1.45239
-1.40342
-1.36341
-1.33459
-1.3167
-1.30668
-1.29897
-1.2865
-1.26219
-1.22051
-1.1599
-1.09142
-1.02853
-0.973477
-0.926968
-0.888898
-0.858486
-0.834317
-0.814445
-0.796538
-0.778054
-0.756446
-0.729338
-0.694633
-0.650474
-0.594997
-0.525768
-0.43883
-0.327286
-0.179585
0.0218086
0.299644
0.676071
1.1589
1.72145
2.2874
2.74059
2.96903
2.92136
2.63299
2.20072
1.72612
1.2754
0.882284
0.543142
0.240626
-0.0406196
-0.273142
-0.548644
-0.82894
-1.10179
-1.37048
-1.66116
-0.636074
-1.15712
-1.42874
-1.5568
-1.60771
-1.61562
-1.5968
-1.5597
-1.51015
-1.45351
-1.39524
-1.34067
-1.29431
-1.25923
-1.23633
-1.22394
-1.21779
-1.21151
-1.19771
-1.16955
-1.12213
-1.05881
-0.994766
-0.938499
-0.891077
-0.852586
-0.822345
-0.799019
-0.780725
-0.765169
-0.749797
-0.731968
-0.709119
-0.678883
-0.6391
-0.587624
-0.52182
-0.437653
-0.328276
-0.182253
0.0179288
0.295394
0.673384
1.16146
1.73418
2.31377
2.77843
3.00894
2.95099
2.64514
2.19769
1.71867
1.27776
0.903609
0.591059
0.317175
0.0632835
-0.181592
-0.397984
-0.663192
-0.927641
-1.17762
-1.41797
-1.67929
-0.620557
-1.13843
-1.40344
-1.52052
-1.55727
-1.54979
-1.5162
-1.46647
-1.40754
-1.34544
-1.28576
-1.23339
-1.19194
-1.16321
-1.14674
-1.13963
-1.13666
-1.13089
-1.11488
-1.08221
-1.02906
-0.964952
-0.906455
-0.856921
-0.81676
-0.785523
-0.762026
-0.744493
-0.730698
-0.7181
-0.703987
-0.685611
-0.660305
-0.62553
-0.578752
-0.517034
-0.436204
-0.329515
-0.185873
0.0117454
0.286082
0.660564
1.14594
1.71868
2.302
2.77214
3.00533
2.9446
2.63331
2.183
1.70454
1.26996
0.912602
0.619602
0.370704
0.144077
-0.0763359
-0.298306
-0.504881
-0.761449
-1.01042
-1.23719
-1.44896
-1.681
-0.597192
-1.10829
-1.36565
-1.47195
-1.49548
-1.47416
-1.42799
-1.3684
-1.3033
-1.23905
-1.18099
-1.13319
-1.09809
-1.07619
-1.06582
-1.06304
-1.06191
-1.05513
-1.03538
-0.996722
-0.939256
-0.877753
-0.824812
-0.781624
-0.748047
-0.723133
-0.705271
-0.692348
-0.681882
-0.671136
-0.657209
-0.637135
-0.607928
-0.566541
-0.509559
-0.432529
-0.328741
-0.187574
0.00709888
0.276914
0.644483
1.12081
1.68431
2.26119
2.72956
2.9649
2.90819
2.60198
2.1574
1.68442
1.25664
0.910333
0.631763
0.40072
0.197218
0.00220108
-0.197641
-0.407222
-0.603231
-0.848642
-1.08103
-1.2835
-1.46623
-1.66891
-0.565986
-1.06653
-1.31526
-1.41139
-1.42324
-1.39035
-1.33444
-1.26827
-1.20037
-1.13709
-1.08308
-1.04136
-1.01314
-0.997752
-0.992489
-0.992637
-0.991745
-0.982422
-0.957641
-0.912261
-0.852227
-0.794983
-0.747564
-0.710307
-0.682594
-0.66307
-0.649809
-0.640455
-0.632321
-0.622435
-0.607575
-0.584296
-0.548904
-0.497276
-0.424385
-0.323344
-0.183971
0.00867164
0.274394
0.63395
1.09748
1.6448
2.20641
2.66593
2.90212
2.85499
2.56237
2.12951
1.66267
1.24142
0.900502
0.630126
0.411018
0.223818
0.0503729
-0.125016
-0.312328
-0.512885
-0.696988
-0.931157
-1.14347
-1.31976
-1.47279
-1.64582
-0.527382
-1.01346
-1.25267
-1.33963
-1.34197
-1.30039
-1.23811
-1.16884
-1.10139
-1.04163
-0.993315
-0.958295
-0.936668
-0.926778
-0.92515
-0.926513
-0.92415
-0.910789
-0.879952
-0.827989
-0.767227
-0.714886
-0.672879
-0.641045
-0.618405
-0.603324
-0.593672
-0.586913
-0.580126
-0.569956
-0.552558
-0.52353
-0.47779
-0.409306
-0.310515
-0.171354
0.0218496
0.286435
0.640019
1.09048
1.61811
2.15813
2.60237
2.83678
2.80177
2.52783
2.10973
1.64747
1.22942
0.889301
0.620426
0.406308
0.228699
0.0701252
-0.0849273
-0.248021
-0.426065
-0.618116
-0.788289
-1.01021
-1.19953
-1.34832
-1.47144
-1.61452
-0.482503
-0.950176
-1.17911
-1.25828
-1.25379
-1.20694
-1.14192
-1.07297
-1.00871
-0.95429
-0.912398
-0.883838
-0.867786
-0.861845
-0.861978
-0.862545
-0.856735
-0.837544
-0.799141
-0.74283
-0.684886
-0.637002
-0.599699
-0.572388
-0.55379
-0.542075
-0.534961
-0.529711
-0.523012
-0.510796
-0.488032
-0.448532
-0.384779
-0.287727
-0.14654
0.0516342
0.321261
0.675401
1.11739
1.62631
2.14182
2.56557
2.79393
2.77015
2.51612
2.11304
1.65203
1.23175
0.886066
0.612017
0.395279
0.219344
0.0683099
-0.0733396
-0.216949
-0.371048
-0.540855
-0.724299
-0.878151
-1.08497
-1.25016
-1.37132
-1.46499
-1.57788
-0.433397
-0.878875
-1.09693
-1.17005
-1.16184
-1.11339
-1.04923
-0.983585
-0.924538
-0.876332
-0.840697
-0.81759
-0.805526
-0.801609
-0.801456
-0.799272
-0.788393
-0.762322
-0.716198
-0.657318
-0.603192
-0.559558
-0.526305
-0.502561
-0.486877
-0.477319
-0.471466
-0.466251
-0.457649
-0.440274
-0.406952
-0.34841
-0.253234
-0.108302
0.100068
0.384064
0.750941
1.19646
1.69453
2.18739
2.58753
2.80452
2.78777
2.55184
2.1622
1.69839
1.26816
0.907613
0.619131
0.391188
0.208186
0.0556262
-0.0807968
-0.212573
-0.348288
-0.494872
-0.656666
-0.831199
-0.967018
-1.15533
-1.29663
-1.39118
-1.45653
-1.53895
-0.383222
-0.80307
-1.00988
-1.07894
-1.07029
-1.02385
-0.963741
-0.903648
-0.850869
-0.808783
-0.77837
-0.759025
-0.748867
-0.744728
-0.742076
-0.735179
-0.717725
-0.683893
-0.630988
-0.57176
-0.521496
-0.481488
-0.451282
-0.429843
-0.415646
-0.406682
-0.400297
-0.392806
-0.378895
-0.350873
-0.297968
-0.205996
-0.0580085
0.163335
0.471041
0.867351
1.33733
1.84353
2.32439
2.70202
2.90273
2.88669
2.66481
2.287
1.8176
1.36877
0.98118
0.664942
0.413518
0.212879
0.0482166
-0.0927702
-0.2222
-0.348151
-0.478016
-0.617942
-0.771788
-0.936808
-1.05435
-1.22265
-1.34097
-1.41077
-1.44925
-1.50069
-0.336274
-0.727648
-0.923132
-0.990189
-0.98424
-0.94298
-0.889302
-0.835969
-0.789423
-0.752372
-0.725347
-0.70748
-0.696735
-0.689875
-0.682416
-0.66887
-0.643423
-0.600992
-0.543777
-0.486826
-0.439487
-0.401829
-0.373142
-0.352276
-0.337641
-0.327075
-0.317448
-0.303955
-0.279099
-0.231488
-0.14483
0.00203034
0.232555
0.565756
1.00467
1.52478
2.07063
2.56573
2.93294
3.11697
3.09629
2.88418
2.51786
2.04429
1.57059
1.14386
0.783453
0.491333
0.257832
0.0684851
-0.0898735
-0.228083
-0.35503
-0.47796
-0.603808
-0.738383
-0.885222
-1.04022
-1.14012
-1.287
-1.38324
-1.43027
-1.44395
-1.46465
-0.297764
-0.658601
-0.8429
-0.909839
-0.909162
-0.875317
-0.829316
-0.782732
-0.741273
-0.707273
-0.681145
-0.662031
-0.647976
-0.635884
-0.621536
-0.599902
-0.565827
-0.515205
-0.455365
-0.400978
-0.35561
-0.318844
-0.289832
-0.26736
-0.249738
-0.234465
-0.217544
-0.192344
-0.148049
-0.0679355
0.0717187
0.300326
0.646357
1.12279
1.70614
2.32507
2.87636
3.26676
3.44933
3.42695
3.22539
2.87428
2.404
1.90639
1.43468
1.01659
0.664819
0.378612
0.147364
-0.0430221
-0.203736
-0.344307
-0.472028
-0.594033
-0.716961
-0.846049
-0.98403
-1.12736
-1.21669
-1.34343
-1.42097
-1.44929
-1.4414
-1.43208
-0.273298
-0.602348
-0.775623
-0.843693
-0.849776
-0.824236
-0.785738
-0.744624
-0.706112
-0.672492
-0.644342
-0.621052
-0.600939
-0.581235
-0.558161
-0.527267
-0.484081
-0.427106
-0.366872
-0.314046
-0.26902
-0.231117
-0.199379
-0.172479
-0.148468
-0.1242
-0.094284
-0.0494669
0.025472
0.153784
0.36725
0.701933
1.1848
1.80886
2.50544
3.14971
3.61558
3.84201
3.84421
3.66873
3.34683
2.89603
2.38425
1.87399
1.39612
0.973073
0.614951
0.32033
0.0799978
-0.120086
-0.28965
-0.436499
-0.568444
-0.692839
-0.815845
-0.941852
-1.07268
-1.20471
-1.28511
-1.39317
-1.45476
-1.46811
-1.44212
-1.40422
-0.26801
-0.564548
-0.726482
-0.795678
-0.808331
-0.790232
-0.757526
-0.719481
-0.68111
-0.644923
-0.611867
-0.581738
-0.55328
-0.524209
-0.491319
-0.450816
-0.398918
-0.337963
-0.278537
-0.225744
-0.17908
-0.137676
-0.100413
-0.0657105
-0.0310997
0.00760535
0.0576911
0.131566
0.24917
0.439724
0.74031
1.18681
1.79303
2.51811
3.24572
3.82646
4.16375
4.25508
4.1488
3.88693
3.4837
2.97415
2.43413
1.90737
1.41879
0.986334
0.617124
0.308652
0.05289
-0.162892
-0.347018
-0.505228
-0.645564
-0.775437
-0.900473
-1.02435
-1.14833
-1.26913
-1.33992
-1.43111
-1.47986
-1.48254
-1.44315
-1.37995
-0.285295
-0.548356
-0.697308
-0.765576
-0.78233
-0.768783
-0.738736
-0.700644
-0.659525
-0.618222
-0.578122
-0.539486
-0.501567
-0.462654
-0.420204
-0.371135
-0.312468
-0.249416
-0.190573
-0.136563
-0.0865504
-0.0394866
0.006015
0.0520091
0.1018
0.160939
0.23878
0.350567
0.519524
0.777263
1.15927
1.69134
2.36616
3.11065
3.79055
4.28038
4.53272
4.56034
4.37839
4.03696
3.55686
3.02583
2.48334
1.95911
1.47313
1.03899
0.661591
0.33895
0.0650441
-0.170567
-0.374377
-0.548685
-0.701102
-0.838945
-0.967371
-1.08947
-1.20612
-1.31437
-1.37401
-1.44984
-1.48881
-1.48554
-1.43883
-1.35638
-0.325001
-0.552088
-0.683984
-0.746403
-0.762117
-0.748319
-0.716897
-0.675695
-0.62973
-0.582085
-0.53447
-0.487525
-0.44095
-0.393571
-0.34347
-0.288219
-0.227092
-0.165122
-0.106495
-0.0505816
0.00370797
0.0577339
0.113389
0.173516
0.242541
0.327453
0.439166
0.594138
0.815463
1.13146
1.56878
2.1389
2.81742
3.51341
4.11503
4.51563
4.6951
4.65475
4.41556
4.02535
3.53639
3.02597
2.51391
2.02027
1.55833
1.13654
0.757649
0.421024
0.124468
-0.137909
-0.368514
-0.564422
-0.732644
-0.880445
-1.01248
-1.13147
-1.23842
-1.33138
-1.37794
-1.43911
-1.4708
-1.4664
-1.41996
-1.32807
-0.380857
-0.566272
-0.673558
-0.722
-0.729271
-0.709478
-0.672962
-0.626878
-0.575962
-0.523213
-0.470376
-0.418236
-0.366761
-0.315208
-0.262237
-0.206097
-0.147362
-0.0891996
-0.0324661
0.0238744
0.0812126
0.141429
0.207211
0.282448
0.372727
0.485928
0.632881
0.827945
1.08881
1.43393
1.87592
2.41363
2.99988
3.53024
3.976
4.26786
4.3713
4.28871
4.04903
3.70131
3.30551
2.89787
2.48436
2.07392
1.67303
1.28668
0.917527
0.568118
0.242173
-0.0584695
-0.326074
-0.550661
-0.738568
-0.896625
-1.02955
-1.14097
-1.23347
-1.30718
-1.33838
-1.38456
-1.41036
-1.40913
-1.37185
-1.28539
-0.435753
-0.568931
-0.640469
-0.664957
-0.6564
-0.62639
-0.583576
-0.533939
-0.481389
-0.42834
-0.376154
-0.325421
-0.276128
-0.227772
-0.179467
-0.130229
-0.0802518
-0.0302939
0.0202004
0.0725624
0.12865
0.191071
0.263427
0.350498
0.458263
0.59371
0.764407
0.977936
1.24104
1.55762
1.92541
2.32024
2.66552
2.96149
3.1875
3.30777
3.3138
3.22106
3.05836
2.86347
2.66558
2.46606
2.2531
2.01827
1.75479
1.46022
1.13618
0.789412
0.431525
0.0758141
-0.244172
-0.507819
-0.717196
-0.8808
-1.00662
-1.10183
-1.1724
-1.22169
-1.23505
-1.265
-1.28491
-1.28957
-1.27033
-1.21024
