0.000679656
0.00185595
0.00308832
0.00434294
0.0055967
0.00683093
0.00802897
0.00917522
0.0102548
0.0112536
0.0121581
0.012956
0.0136362
0.0141886
0.0146052
0.0148792
0.0150041
0.0149729
0.014788
0.0144514
0.0139671
0.013341
0.0125807
0.0116958
0.0106974
0.00959788
0.00841107
0.00715171
0.00583535
0.00447822
0.00309701
0.00170878
0.000290192
-0.00114374
-0.00256751
-0.0039597
-0.00530229
-0.00658016
-0.0077805
-0.00889239
-0.00990636
-0.0108142
-0.0116088
-0.0122841
-0.0128349
-0.0132572
-0.0135479
-0.0137052
-0.0137284
-0.0136181
-0.0133757
-0.0130043
-0.0125078
-0.0118917
-0.0111625
-0.0103278
-0.00939644
-0.00837807
-0.00728342
-0.00612409
-0.00491255
-0.00366211
-0.00238694
-0.00110231
0.00185595
0.00487886
0.00796544
0.0110512
0.0140916
0.0170493
0.0198904
0.0225823
0.0250941
0.027396
0.0294601
0.0312605
0.0327742
0.0339807
0.0348633
0.0354088
0.0356113
0.0354704
0.0349753
0.0341266
0.0329304
0.0313983
0.0295467
0.0273962
0.0249715
0.0223004
0.0194143
0.0163465
0.0131327
0.00981025
0.00641726
0.0029925
-0.00048843
-0.00405388
-0.00765692
-0.0112455
-0.0147674
-0.0181732
-0.0214169
-0.0244568
-0.0272557
-0.0297805
-0.0320027
-0.0338978
-0.0354457
-0.0366301
-0.0374393
-0.0378654
-0.0379133
-0.0375838
-0.036875
-0.0357944
-0.0343544
-0.0325721
-0.0304686
-0.0280691
-0.0254028
-0.0225024
-0.0194048
-0.0161504
-0.0127835
-0.00935251
-0.00591084
-0.00251802
0.00308832
0.00796544
0.0129258
0.0178664
0.0227168
0.0274191
0.0319212
0.0361736
0.040129
0.0437427
0.0469723
0.0497792
0.0521284
0.0539896
0.0553379
0.0561537
0.0564483
0.0562571
0.0555249
0.0542392
0.0524011
0.0500219
0.0471224
0.0437313
0.0398846
0.0356247
0.0309996
0.0260622
0.0208691
0.01548
0.00995686
0.00436273
-0.00131954
-0.0071469
-0.0130474
-0.018937
-0.0247293
-0.0303406
-0.0356927
-0.0407139
-0.0453403
-0.049515
-0.053189
-0.0563203
-0.0588743
-0.0608236
-0.0621479
-0.0628342
-0.0629026
-0.0623554
-0.0611798
-0.0593858
-0.056993
-0.0540291
-0.0505292
-0.0465356
-0.0420973
-0.0372698
-0.0321157
-0.0267043
-0.0211125
-0.0154252
-0.00973724
-0.00415645
0.00434294
0.0110512
0.0178664
0.0246454
0.03129
0.0377207
0.0438664
0.0496608
0.0550407
0.0599466
0.0643226
0.0681176
0.0712856
0.0737871
0.0755892
0.0766668
0.0770654
0.07689
0.0760076
0.0743798
0.071993
0.0688516
0.0649756
0.0603985
0.0551656
0.0493328
0.0429651
0.0361352
0.0289221
0.0214099
0.0136862
0.00584063
-0.0021301
-0.0102923
-0.0185456
-0.0267741
-0.0348587
-0.042684
-0.0501421
-0.0571343
-0.0635719
-0.0693766
-0.0744804
-0.0788255
-0.0823639
-0.0850578
-0.0868792
-0.0878101
-0.0878935
-0.0871348
-0.0855051
-0.0830146
-0.0796891
-0.0755657
-0.0706927
-0.0651281
-0.0589397
-0.0522046
-0.04501
-0.0374528
-0.0296412
-0.0216957
-0.0137521
-0.00596685
0.0055967
0.0140916
0.0227168
0.03129
0.039685
0.0478001
0.0555454
0.0628376
0.0695986
0.0757546
0.081237
0.0859831
0.089937
0.0930505
0.0952839
0.096607
0.0971159
0.0970205
0.0960771
0.0942078
0.0913741
0.0875661
0.0827981
0.0771051
0.0705404
0.0631731
0.0550857
0.0463722
0.0371353
0.0274849
0.0175363
0.00740706
-0.00288739
-0.0134042
-0.0240122
-0.0345647
-0.0449127
-0.0549126
-0.06443
-0.0733421
-0.0815387
-0.0889219
-0.095407
-0.100921
-0.105405
-0.108811
-0.111104
-0.112261
-0.112355
-0.111393
-0.109329
-0.106172
-0.101951
-0.0967123
-0.0905163
-0.0834354
-0.0755548
-0.0669721
-0.0577969
-0.0481521
-0.0381751
-0.0280198
-0.0178606
-0.00790015
0.00683093
0.0170493
0.0274191
0.0377207
0.0478001
0.0575337
0.0668128
0.0755381
0.0836168
0.090962
0.0974934
0.103138
0.107831
0.111516
0.114148
0.115693
0.116312
0.116354
0.115435
0.113422
0.110243
0.105866
0.100295
0.0935643
0.0857346
0.0768884
0.0671272
0.0565671
0.0453366
0.0335727
0.021419
0.00902223
-0.00358045
-0.0164214
-0.0293382
-0.0421552
-0.0546968
-0.0667944
-0.0782909
-0.0890426
-0.0989201
-0.107809
-0.115608
-0.122232
-0.127612
-0.131689
-0.134423
-0.135786
-0.135884
-0.134732
-0.132259
-0.128472
-0.123406
-0.117112
-0.109662
-0.101143
-0.0916538
-0.0813121
-0.0702481
-0.0586085
-0.046557
-0.034278
-0.0219812
-0.00991098
0.00802897
0.0198904
0.0319212
0.0438664
0.0555454
0.0668128
0.0775421
0.0876182
0.0969346
0.105392
0.112901
0.119377
0.12475
0.128956
0.131946
0.133683
0.134405
0.134633
0.133813
0.131748
0.128319
0.123468
0.117184
0.109499
0.100481
0.0902265
0.0788579
0.0665154
0.0533538
0.0395384
0.0252418
0.0106388
-0.00420874
-0.0192973
-0.034434
-0.0494171
-0.0640476
-0.0781355
-0.0915041
-0.103992
-0.115452
-0.125755
-0.134787
-0.142451
-0.148666
-0.153367
-0.156507
-0.158056
-0.158153
-0.156823
-0.153972
-0.149602
-0.14375
-0.136475
-0.127856
-0.117993
-0.107001
-0.0950116
-0.0821759
-0.0686612
-0.0546553
-0.0403692
-0.0260434
-0.0119591
0.00917522
0.0225823
0.0361736
0.0496608
0.0628376
0.0755381
0.0876182
0.0989479
0.109408
0.118888
0.127289
0.13452
0.140503
0.145171
0.148471
0.150363
0.151175
0.151625
0.150969
0.148932
0.145342
0.140106
0.133198
0.124646
0.114525
0.102949
0.09006
0.0760247
0.0610253
0.0452556
0.0289166
0.0122103
-0.00477525
-0.0219935
-0.0392237
-0.0562409
-0.0728258
-0.0887706
-0.103882
-0.117981
-0.130909
-0.142521
-0.152692
-0.161315
-0.168298
-0.17357
-0.177078
-0.178789
-0.178881
-0.177389
-0.174194
-0.169294
-0.162726
-0.154554
-0.144865
-0.13377
-0.121396
-0.107891
-0.0934217
-0.0781748
-0.0623585
-0.0462071
-0.0299871
-0.01401
0.0102548
0.0250941
0.040129
0.0550407
0.0695986
0.0836168
0.0969346
0.109408
0.120905
0.131307
0.140506
0.148405
0.15492
0.159983
0.163538
0.165546
0.166428
0.167126
0.166686
0.164745
0.161072
0.155537
0.148093
0.138765
0.127636
0.114838
0.100536
0.0849223
0.0682072
0.0506123
0.0323664
0.013696
-0.00528247
-0.0244768
-0.0436415
-0.0625318
-0.0809115
-0.0985572
-0.115261
-0.130832
-0.145097
-0.157901
-0.169107
-0.178597
-0.186274
-0.192059
-0.195893
-0.197739
-0.197821
-0.196185
-0.192685
-0.187315
-0.180109
-0.171135
-0.160488
-0.148286
-0.134669
-0.119796
-0.103851
-0.0870338
-0.069572
-0.0517186
-0.0337614
-0.0160352
0.0112536
0.027396
0.0437427
0.0599466
0.0757546
0.090962
0.105392
0.118888
0.131307
0.142521
0.152415
0.160888
0.167852
0.173238
0.176989
0.179068
0.179997
0.180957
0.180771
0.178982
0.175296
0.169539
0.161646
0.151638
0.139607
0.125702
0.110113
0.0930588
0.0747761
0.0555139
0.0355269
0.0150635
-0.00573044
-0.026717
-0.0476298
-0.0682079
-0.0882008
-0.107373
-0.125503
-0.14239
-0.157849
-0.171715
-0.183841
-0.194101
-0.20239
-0.208623
-0.212738
-0.214692
-0.214758
-0.212996
-0.209234
-0.203458
-0.195701
-0.186031
-0.174549
-0.16138
-0.146672
-0.130596
-0.113347
-0.0951404
-0.076216
-0.0568426
-0.037324
-0.0180124
0.0121581
0.0294601
0.0469723
0.0643226
0.081237
0.0974934
0.112901
0.127289
0.140506
0.152415
0.162896
0.171844
0.17917
0.184802
0.188687
0.19079
0.19174
0.192964
0.193057
0.191464
0.187823
0.181919
0.173664
0.163077
0.150259
0.135378
0.118646
0.100309
0.0806305
0.0598839
0.0383477
0.0162889
-0.00611623
-0.0286861
-0.0511382
-0.0731984
-0.0946049
-0.115111
-0.134488
-0.152522
-0.16902
-0.183808
-0.196731
-0.207655
-0.216469
-0.223081
-0.227425
-0.229458
-0.229499
-0.227631
-0.223654
-0.217543
-0.209328
-0.199079
-0.186896
-0.172911
-0.157278
-0.140179
-0.121814
-0.102412
-0.0822238
-0.0615282
-0.0406408
-0.0199242
0.012956
0.0312605
0.0497792
0.0681176
0.0859831
0.103138
0.119377
0.13452
0.148405
0.160888
0.171844
0.181165
0.188762
0.194564
0.19852
0.2006
0.201544
0.203023
0.203407
0.202041
0.198494
0.192512
0.183983
0.172922
0.159442
0.143727
0.126014
0.106572
0.0856895
0.0636624
0.0407907
0.0173558
-0.00643432
-0.0303588
-0.054123
-0.077443
-0.100049
-0.121685
-0.142114
-0.161115
-0.178487
-0.194049
-0.207638
-0.219113
-0.228358
-0.235276
-0.239796
-0.241872
-0.24188
-0.239926
-0.235781
-0.229411
-0.22084
-0.210134
-0.197396
-0.182758
-0.16638
-0.148448
-0.12917
-0.108782
-0.0875409
-0.0657349
-0.043685
-0.0217586
0.0136362
0.0327742
0.0521284
0.0712856
0.089937
0.107831
0.12475
0.140503
0.15492
0.167852
0.17917
0.188762
0.19654
0.202435
0.2064
0.208409
0.209322
0.211037
0.21171
0.21059
0.20718
0.201182
0.192466
0.181043
0.167035
0.150642
0.132123
0.111769
0.089891
0.0668049
0.0428289
0.0182548
-0.00667742
-0.0317122
-0.056547
-0.0808916
-0.104469
-0.127019
-0.148298
-0.168077
-0.186151
-0.202329
-0.216446
-0.228354
-0.237931
-0.245077
-0.249715
-0.251795
-0.251759
-0.249736
-0.245473
-0.238923
-0.230103
-0.219074
-0.205935
-0.190819
-0.173885
-0.155324
-0.135347
-0.114193
-0.0921238
-0.0694305
-0.0464361
-0.0235075
0.0141886
0.0339807
0.0539896
0.0737871
0.0930505
0.111516
0.128956
0.145171
0.159983
0.173238
0.184802
0.194564
0.202435
0.208349
0.212263
0.214158
0.215015
0.21694
0.21789
0.217022
0.213781
0.207827
0.199011
0.18734
0.172943
0.156038
0.1369
0.115841
0.0931897
0.06928
0.0444444
0.0189812
-0.00683743
-0.0327264
-0.0583799
-0.0835038
-0.107818
-0.131057
-0.152973
-0.173335
-0.191929
-0.208563
-0.223064
-0.235282
-0.245088
-0.252379
-0.257072
-0.259115
-0.259015
-0.25694
-0.252608
-0.245961
-0.237003
-0.22579
-0.212414
-0.197003
-0.179716
-0.160741
-0.14029
-0.118601
-0.0959373
-0.0725895
-0.0488784
-0.0251654
0.0146052
0.0348633
0.0553379
0.0755892
0.0952839
0.114148
0.131946
0.148471
0.163538
0.176989
0.188687
0.19852
0.2064
0.212263
0.216071
0.217812
0.218594
0.220694
0.221898
0.221281
0.21823
0.212374
0.203543
0.19174
0.177101
0.159856
0.140295
0.118747
0.0955554
0.0710672
0.0456192
0.0195258
-0.0069107
-0.033388
-0.0595995
-0.0852499
-0.110057
-0.133755
-0.156092
-0.176833
-0.195763
-0.212686
-0.227425
-0.239825
-0.249753
-0.257102
-0.261784
-0.263739
-0.263553
-0.261436
-0.257082
-0.250418
-0.241438
-0.230185
-0.216743
-0.201232
-0.183803
-0.164639
-0.143949
-0.121966
-0.0989515
-0.0751903
-0.050998
-0.0267267
0.0148792
0.0354088
0.0561537
0.0766668
0.096607
0.115693
0.133683
0.150363
0.165546
0.179068
0.19079
0.2006
0.208409
0.214158
0.217812
0.219366
0.220056
0.222295
0.223721
0.223341
0.220496
0.214784
0.20602
0.194202
0.179469
0.16206
0.142279
0.120464
0.0969691
0.0721418
0.0463321
0.0198806
-0.00689551
-0.0336882
-0.0601914
-0.0861106
-0.111164
-0.135085
-0.157622
-0.178538
-0.197616
-0.214658
-0.229484
-0.241936
-0.251878
-0.259195
-0.263794
-0.265604
-0.265297
-0.26314
-0.258803
-0.2522
-0.243312
-0.232167
-0.218836
-0.203425
-0.186076
-0.166959
-0.146274
-0.124248
-0.101133
-0.0772075
-0.0527766
-0.0281804
0.0150041
0.0356113
0.0564483
0.0770654
0.0971159
0.116312
0.134405
0.151175
0.166428
0.179997
0.19174
0.201544
0.209322
0.215015
0.218594
0.220056
0.220737
0.223068
0.224611
0.224333
0.221555
0.215866
0.207083
0.195208
0.18039
0.162876
0.142979
0.121043
0.0974295
0.0724955
0.0465921
0.0200604
-0.00677809
-0.0336135
-0.0601423
-0.0860723
-0.111124
-0.135033
-0.157547
-0.178432
-0.19747
-0.21446
-0.229223
-0.241596
-0.25144
-0.258632
-0.26307
-0.264667
-0.264189
-0.261977
-0.257682
-0.251209
-0.24252
-0.231629
-0.218588
-0.203484
-0.186442
-0.167617
-0.147193
-0.125384
-0.10243
-0.0785959
-0.0541766
-0.0294967
0.0149729
0.0354704
0.0562571
0.07689
0.0970205
0.116354
0.134633
0.151625
0.167126
0.180957
0.192964
0.203023
0.211037
0.21694
0.220694
0.222295
0.223068
0.225257
0.22651
0.225848
0.222647
0.216541
0.207384
0.195203
0.180158
0.1625
0.142535
0.1206
0.0970459
0.0722193
0.046462
0.0201061
-0.00653173
-0.0331464
-0.0594404
-0.0851419
-0.109983
-0.133697
-0.15603
-0.176749
-0.195636
-0.212491
-0.227135
-0.239405
-0.249157
-0.256266
-0.260619
-0.262114
-0.261553
-0.259319
-0.255067
-0.248702
-0.240185
-0.22952
-0.216752
-0.201961
-0.185259
-0.166791
-0.14673
-0.125277
-0.102658
-0.0791253
-0.054957
-0.030459
0.014788
0.0349753
0.0555249
0.0760076
0.0960771
0.115435
0.133813
0.150969
0.166686
0.180771
0.193057
0.203407
0.21171
0.21789
0.221898
0.223721
0.224611
0.22651
0.227275
0.226031
0.222238
0.215598
0.206011
0.19353
0.178323
0.160635
0.140761
0.119022
0.0957487
0.0712713
0.0459156
0.0199995
-0.0061711
-0.0323002
-0.0581366
-0.0834044
-0.107827
-0.131141
-0.153102
-0.173479
-0.192061
-0.208651
-0.223073
-0.235166
-0.244787
-0.251808
-0.256112
-0.257583
-0.257012
-0.254801
-0.250631
-0.244412
-0.236106
-0.225716
-0.213281
-0.198873
-0.182597
-0.164587
-0.145008
-0.12405
-0.101927
-0.0788791
-0.0551715
-0.0310943
0.0144514
0.0341266
0.0542392
0.0743798
0.0942078
0.113422
0.131748
0.148932
0.164745
0.178982
0.191464
0.202041
0.21059
0.217022
0.221281
0.223341
0.224333
0.225848
0.226031
0.224136
0.219724
0.212572
0.202622
0.18995
0.174726
0.157185
0.137606
0.116284
0.09353
0.0696515
0.0449547
0.0197401
-0.00570084
-0.0311064
-0.0562401
-0.0808287
-0.104599
-0.127297
-0.148684
-0.168538
-0.186653
-0.202841
-0.216928
-0.228761
-0.238198
-0.245114
-0.249389
-0.2509
-0.250385
-0.248251
-0.244215
-0.238199
-0.230168
-0.220126
-0.208109
-0.194185
-0.17845
-0.16103
-0.142081
-0.121779
-0.100331
-0.077962
-0.0549233
-0.0314894
0.0139671
0.0329304
0.0524011
0.071993
0.0913741
0.110243
0.128319
0.145342
0.161072
0.175296
0.187823
0.198494
0.20718
0.213781
0.21823
0.220496
0.221555
0.222647
0.222238
0.219724
0.214769
0.207216
0.197049
0.184358
0.16931
0.152128
0.133066
0.112397
0.0904049
0.0673744
0.0435899
0.0193319
-0.00512501
-0.0295611
-0.053749
-0.0774215
-0.100314
-0.122182
-0.142796
-0.161944
-0.17943
-0.195073
-0.208709
-0.220191
-0.229384
-0.236166
-0.24042
-0.242019
-0.24162
-0.239615
-0.235771
-0.230021
-0.22234
-0.21273
-0.201229
-0.187897
-0.172828
-0.156138
-0.137971
-0.118496
-0.0979026
-0.0764059
-0.054241
-0.0316659
0.013341
0.0313983
0.0500219
0.0688516
0.0875661
0.105866
0.123468
0.140106
0.155537
0.169539
0.181919
0.192512
0.201182
0.207827
0.212374
0.214784
0.215866
0.216541
0.215598
0.212572
0.207216
0.199435
0.189243
0.176741
0.162088
0.145489
0.127175
0.107395
0.0864046
0.0644649
0.041837
0.0187805
-0.00444886
-0.0276758
-0.0506835
-0.0732122
-0.0950086
-0.115839
-0.135488
-0.153753
-0.170449
-0.185408
-0.198474
-0.20951
-0.218391
-0.225002
-0.229231
-0.230953
-0.230717
-0.228891
-0.225297
-0.219881
-0.212625
-0.203538
-0.192653
-0.180031
-0.165756
-0.149937
-0.132709
-0.114227
-0.0946701
-0.0742362
-0.0531451
-0.0316371
0.0125807
0.0295467
0.0471224
0.0649756
0.0827981
0.100295
0.117184
0.133198
0.148093
0.161646
0.173664
0.183983
0.192466
0.199011
0.203543
0.20602
0.207083
0.207384
0.206011
0.202622
0.197049
0.189243
0.179243
0.167151
0.153118
0.137329
0.119992
0.10133
0.0815718
0.0609548
0.0397159
0.0180926
-0.00367957
-0.0254701
-0.0470752
-0.068244
-0.088737
-0.108334
-0.126833
-0.144045
-0.159798
-0.173936
-0.186316
-0.196813
-0.205311
-0.211706
-0.215894
-0.217757
-0.217721
-0.216117
-0.212827
-0.207811
-0.20106
-0.192585
-0.182421
-0.170623
-0.157271
-0.142466
-0.12633
-0.109008
-0.0906617
-0.0714755
-0.0516512
-0.0314101
0.0116958
0.0273962
0.0437313
0.0603985
0.0771051
0.0935643
0.109499
0.124646
0.138765
0.151638
0.163077
0.172922
0.181043
0.18734
0.19174
0.194202
0.195208
0.195203
0.19353
0.18995
0.184358
0.176741
0.167151
0.15569
0.142497
0.127737
0.111595
0.0942672
0.0759595
0.0568824
0.0372494
0.0172752
-0.00282658
-0.022969
-0.0429639
-0.0625716
-0.0815677
-0.0997477
-0.116924
-0.132923
-0.147589
-0.160777
-0.17236
-0.182224
-0.190267
-0.196396
-0.200519
-0.202525
-0.202711
-0.201368
-0.198431
-0.193878
-0.187707
-0.179933
-0.170589
-0.15973
-0.147427
-0.133772
-0.118878
-0.102874
-0.0859081
-0.0681464
-0.0497723
-0.0309869
0.0106974
0.0249715
0.0398846
0.0551656
0.0705404
0.0857346
0.100481
0.114525
0.127636
0.139607
0.150259
0.159442
0.167035
0.172943
0.177101
0.179469
0.18039
0.180158
0.178323
0.174726
0.16931
0.162088
0.153118
0.142497
0.13035
0.116823
0.102078
0.0862858
0.0696283
0.052291
0.0344629
0.016335
-0.00190179
-0.0202031
-0.0383978
-0.0562602
-0.0735824
-0.0901769
-0.105872
-0.120513
-0.133956
-0.146075
-0.156756
-0.165898
-0.173414
-0.179224
-0.183248
-0.185388
-0.185806
-0.18475
-0.18221
-0.178177
-0.172657
-0.165667
-0.15724
-0.147427
-0.136293
-0.12392
-0.110408
-0.0958718
-0.0804443
-0.0642726
-0.04752
-0.0303662
0.00959788
0.0223004
0.0356247
0.0493328
0.0631731
0.0768884
0.0902265
0.102949
0.114838
0.125702
0.135378
0.143727
0.150642
0.156038
0.159856
0.16206
0.162876
0.1625
0.160635
0.157185
0.152128
0.145489
0.137329
0.127737
0.116823
0.104713
0.091547
0.0774727
0.0626462
0.0472285
0.0313839
0.0152788
-0.000919864
-0.0172078
-0.0334328
-0.0493851
-0.0648752
-0.0797334
-0.0938066
-0.106956
-0.119057
-0.129997
-0.139678
-0.148016
-0.154935
-0.16037
-0.164255
-0.166506
-0.167153
-0.166403
-0.164295
-0.160833
-0.156026
-0.149897
-0.142476
-0.133809
-0.123954
-0.112983
-0.100983
-0.0880543
-0.0743107
-0.0598806
-0.0449063
-0.0295446
0.00841107
0.0194143
0.0309996
0.0429651
0.0550857
0.0671272
0.0788579
0.09006
0.100536
0.110113
0.118646
0.126014
0.132123
0.1369
0.140295
0.142279
0.142979
0.142535
0.140761
0.137606
0.133066
0.127175
0.119992
0.111595
0.102078
0.091547
0.0801206
0.0679234
0.0550866
0.0417462
0.028041
0.0141123
0.000101384
-0.0140246
-0.0281329
-0.0420324
-0.0555529
-0.0685439
-0.080871
-0.0924139
-0.103065
-0.112729
-0.121325
-0.128781
-0.135037
-0.140041
-0.143742
-0.14607
-0.146931
-0.146496
-0.144847
-0.141996
-0.137959
-0.132757
-0.126421
-0.118989
-0.110513
-0.101053
-0.0906811
-0.0794827
-0.0675532
-0.0550003
-0.041944
-0.0285172
0.00715171
0.0163465
0.0260622
0.0361352
0.0463722
0.0565671
0.0665154
0.0760247
0.0849223
0.0930588
0.100309
0.106572
0.111769
0.115841
0.118747
0.120464
0.121043
0.1206
0.119022
0.116284
0.112397
0.107395
0.10133
0.0942672
0.0862858
0.0774727
0.0679234
0.0577395
0.0470276
0.0358982
0.0244642
0.0128401
0.00114046
-0.0107011
-0.0225712
-0.0342995
-0.045736
-0.0567504
-0.0672278
-0.0770668
-0.0861778
-0.0944831
-0.101916
-0.108421
-0.113952
-0.118471
-0.121937
-0.124298
-0.125343
-0.125226
-0.124052
-0.121844
-0.11862
-0.114402
-0.109217
-0.103098
-0.0960862
-0.0882301
-0.0795881
-0.0702273
-0.0602243
-0.0496655
-0.0386477
-0.027279
0.00583535
0.0131327
0.0208691
0.0289221
0.0371353
0.0453366
0.0533538
0.0610253
0.0682072
0.0747761
0.0806305
0.0856895
0.089891
0.0931897
0.0955554
0.0969691
0.0974295
0.0970459
0.0957487
0.09353
0.0904049
0.0864046
0.0815718
0.0759595
0.0696283
0.0626462
0.0550866
0.0470276
0.0385509
0.0297408
0.0206832
0.0114648
0.00217136
-0.00729241
-0.0168312
-0.0262968
-0.0355605
-0.0445128
-0.0530587
-0.061116
-0.0686133
-0.0754901
-0.0816955
-0.0871886
-0.0919368
-0.0959138
-0.0990935
-0.101435
-0.102623
-0.102812
-0.102122
-0.100578
-0.0982003
-0.0950104
-0.0910302
-0.0862857
-0.0808076
-0.0746323
-0.0678025
-0.0603673
-0.0523834
-0.043915
-0.0350348
-0.0258257
0.00447822
0.00981025
0.01548
0.0214099
0.0274849
0.0335727
0.0395384
0.0452556
0.0506123
0.0555139
0.0598839
0.0636624
0.0668049
0.06928
0.0710672
0.0721418
0.0724955
0.0722193
0.0712713
0.0696515
0.0673744
0.0644649
0.0609548
0.0568824
0.052291
0.0472285
0.0417462
0.0358982
0.0297408
0.0233313
0.0167275
0.00998626
0.00316234
-0.00386283
-0.0110088
-0.0181507
-0.0251814
-0.0320123
-0.0385687
-0.0447875
-0.0506156
-0.0560094
-0.0609336
-0.0653615
-0.0692732
-0.0726542
-0.0754896
-0.0777503
-0.079027
-0.0795042
-0.0792933
-0.0784221
-0.0769115
-0.0747792
-0.072042
-0.0687175
-0.0648256
-0.0603889
-0.055434
-0.0499916
-0.0440974
-0.0377929
-0.0311266
-0.024155
0.00309701
0.00641726
0.00995686
0.0136862
0.0175363
0.021419
0.0252418
0.0289166
0.0323664
0.0355269
0.0383477
0.0407907
0.0428289
0.0444444
0.0456192
0.0463321
0.0465921
0.046462
0.0459156
0.0449547
0.0435899
0.041837
0.0397159
0.0372494
0.0344629
0.0313839
0.028041
0.0244642
0.0206832
0.0167275
0.0126249
0.00840025
0.00407399
-0.000488893
-0.00521708
-0.0100089
-0.0147787
-0.0194586
-0.0239938
-0.0283402
-0.0324627
-0.0363341
-0.0399347
-0.0432511
-0.0462758
-0.049005
-0.0514341
-0.0535341
-0.0548435
-0.0555774
-0.0558302
-0.0556283
-0.0549903
-0.0539296
-0.0524564
-0.0505791
-0.0483058
-0.0456447
-0.0426055
-0.0391999
-0.0354423
-0.031351
-0.0269497
-0.0222685
0.00170878
0.0029925
0.00436273
0.00584063
0.00740706
0.00902223
0.0106388
0.0122103
0.013696
0.0150635
0.0162889
0.0173558
0.0182548
0.0189812
0.0195258
0.0198806
0.0200604
0.0201061
0.0199995
0.0197401
0.0193319
0.0187805
0.0180926
0.0172752
0.016335
0.0152788
0.0141123
0.0128401
0.0114648
0.00998626
0.00840025
0.00669656
0.00485606
0.00273551
0.000406849
-0.00204961
-0.00456886
-0.00710261
-0.00961512
-0.0120805
-0.0144812
-0.0168062
-0.0190506
-0.0212145
-0.0233021
-0.0253202
-0.0272735
-0.0290927
-0.0303809
-0.0313311
-0.0320198
-0.0324695
-0.0326946
-0.0327027
-0.0324962
-0.0320736
-0.03143
-0.030559
-0.0294528
-0.0281035
-0.026504
-0.0246493
-0.0225379
-0.0201735
0.000290192
-0.00048843
-0.00131954
-0.0021301
-0.00288739
-0.00358045
-0.00420874
-0.00477525
-0.00528247
-0.00573044
-0.00611623
-0.00643432
-0.00667742
-0.00683743
-0.0069107
-0.00689551
-0.00677809
-0.00653173
-0.0061711
-0.00570084
-0.00512501
-0.00444886
-0.00367957
-0.00282658
-0.00190179
-0.000919864
0.000101384
0.00114046
0.00217136
0.00316234
0.00407399
0.00485606
0.00544176
0.0056893
0.0056875
0.00549972
0.00517311
0.00473846
0.00421423
0.00360921
0.00292453
0.00215523
0.00129145
0.000319475
-0.000770663
-0.00198872
-0.00335591
-0.00479502
-0.00599579
-0.00710688
-0.00818752
-0.00925382
-0.0103139
-0.0113684
-0.0124105
-0.0134277
-0.0144018
-0.0153109
-0.0161293
-0.0168295
-0.0173826
-0.0177602
-0.0179357
-0.0178866
-0.00114374
-0.00405388
-0.0071469
-0.0102923
-0.0134042
-0.0164214
-0.0192973
-0.0219935
-0.0244768
-0.026717
-0.0286861
-0.0303588
-0.0317122
-0.0327264
-0.033388
-0.0336882
-0.0336135
-0.0331464
-0.0323002
-0.0311064
-0.0295611
-0.0276758
-0.0254701
-0.022969
-0.0202031
-0.0172078
-0.0140246
-0.0107011
-0.00729241
-0.00386283
-0.000488893
0.00273551
0.0056893
0.00823788
0.0104971
0.0125164
0.0143266
0.0159428
0.0173682
0.0185965
0.0196139
0.020401
0.0209341
0.0211868
0.0211399
0.0207774
0.0200682
0.0190614
0.0180067
0.0167897
0.015366
0.0137268
0.0118715
0.00980783
0.00755237
0.00512958
0.00257115
-8.49164e-005
-0.00279525
-0.00551232
-0.00818572
-0.0107637
-0.0131951
-0.0154312
-0.00256751
-0.00765692
-0.0130474
-0.0185456
-0.0240122
-0.0293382
-0.034434
-0.0392237
-0.0436415
-0.0476298
-0.0511382
-0.054123
-0.056547
-0.0583799
-0.0595995
-0.0601914
-0.0601423
-0.0594404
-0.0581366
-0.0562401
-0.053749
-0.0506835
-0.0470752
-0.0429639
-0.0383978
-0.0334328
-0.0281329
-0.0225712
-0.0168312
-0.0110088
-0.00521708
0.000406849
0.0056875
0.0104971
0.0149796
0.0191709
0.0230849
0.0267207
0.0300661
0.0331002
0.0357951
0.038118
0.0400324
0.0415001
0.042489
0.0429713
0.0429103
0.0423346
0.0414461
0.0401522
0.0384185
0.0362678
0.033725
0.0307636
0.0274001
0.0236657
0.0196024
0.015262
0.0107043
0.00599613
0.00121015
-0.00357666
-0.00828448
-0.0128321
-0.0039597
-0.0112455
-0.018937
-0.0267741
-0.0345647
-0.0421552
-0.0494171
-0.0562409
-0.0625318
-0.0682079
-0.0731984
-0.077443
-0.0808916
-0.0835038
-0.0852499
-0.0861106
-0.0860723
-0.0851419
-0.0834044
-0.0808287
-0.0774215
-0.0732122
-0.068244
-0.0625716
-0.0562602
-0.0493851
-0.0420324
-0.0342995
-0.0262968
-0.0181507
-0.0100089
-0.00204961
0.00549972
0.0125164
0.0191709
0.0254857
0.0314566
0.0370663
0.042287
0.0470829
0.0514124
0.0552293
0.0584851
0.0611303
0.0631215
0.0644202
0.0649838
0.064825
0.0641076
0.0627537
0.0608236
0.0583343
0.0552482
0.0515331
0.0472014
0.0422853
0.0368328
0.0309055
0.024577
0.0179314
0.0110616
0.00406812
-0.00294291
-0.00986137
-0.00530229
-0.0147674
-0.0247293
-0.0348587
-0.0449127
-0.0546968
-0.0640476
-0.0728258
-0.0809115
-0.0882008
-0.0946049
-0.100049
-0.104469
-0.107818
-0.110057
-0.111164
-0.111124
-0.109983
-0.107827
-0.104599
-0.100314
-0.0950086
-0.088737
-0.0815677
-0.0735824
-0.0648752
-0.0555529
-0.045736
-0.0355605
-0.0251814
-0.0147787
-0.00456886
0.00517311
0.0143266
0.0230849
0.0314566
0.0394189
0.0469375
0.0539691
0.0604635
0.0663656
0.0716168
0.0761571
0.0799267
0.0828722
0.084946
0.0860997
0.0863336
0.085781
0.0843748
0.0824183
0.0797395
0.0762607
0.0719403
0.066782
0.0608159
0.0540934
0.0466843
0.0386752
0.0301665
0.0212711
0.0121124
0.00282173
-0.00646328
-0.00658016
-0.0181732
-0.0303406
-0.042684
-0.0549126
-0.0667944
-0.0781355
-0.0887706
-0.0985572
-0.107373
-0.115111
-0.121685
-0.127019
-0.131057
-0.133755
-0.135085
-0.135033
-0.133697
-0.131141
-0.127297
-0.122182
-0.115839
-0.108334
-0.0997477
-0.0901769
-0.0797334
-0.0685439
-0.0567504
-0.0445128
-0.0320123
-0.0194586
-0.00710261
0.00473846
0.0159428
0.0267207
0.0370663
0.0469375
0.0562829
0.065044
0.0731566
0.0805527
0.0871623
0.0929149
0.0977416
0.10158
0.104376
0.106075
0.106669
0.106266
0.104871
0.102985
0.100233
0.0964923
0.091699
0.0858423
0.0789462
0.0710635
0.0622718
0.0526704
0.0423771
0.0315253
0.0202615
0.00874227
-0.00286783
-0.0077805
-0.0214169
-0.0356927
-0.0501421
-0.06443
-0.0782909
-0.0915041
-0.103882
-0.115261
-0.125503
-0.134488
-0.142114
-0.148298
-0.152973
-0.156092
-0.157622
-0.157547
-0.15603
-0.153102
-0.148684
-0.142796
-0.135488
-0.126833
-0.116924
-0.105872
-0.0938066
-0.080871
-0.0672278
-0.0530587
-0.0385687
-0.0239938
-0.00961512
0.00421423
0.0173682
0.0300661
0.042287
0.0539691
0.065044
0.0754381
0.0850737
0.0938708
0.101749
0.108628
0.114433
0.119092
0.122546
0.124738
0.12565
0.125374
0.124047
0.122303
0.119575
0.115685
0.110535
0.104094
0.0963761
0.0874345
0.0773548
0.0662503
0.0542572
0.041531
0.0282419
0.0145724
0.000713379
-0.00889239
-0.0244568
-0.0407139
-0.0571343
-0.0733421
-0.0890426
-0.103992
-0.117981
-0.130832
-0.14239
-0.152522
-0.161115
-0.168077
-0.173335
-0.176833
-0.178538
-0.178432
-0.176749
-0.173479
-0.168538
-0.161944
-0.153753
-0.144045
-0.132923
-0.120513
-0.106956
-0.0924139
-0.0770668
-0.061116
-0.0447875
-0.0283402
-0.0120805
0.00360921
0.0185965
0.0331002
0.0470829
0.0604635
0.0731566
0.0850737
0.0961242
0.106217
0.115262
0.123172
0.129864
0.135263
0.139304
0.141927
0.143111
0.142931
0.141707
0.140161
0.13754
0.133597
0.128193
0.121269
0.112829
0.102926
0.0916529
0.0791395
0.0655422
0.0510398
0.0358277
0.0201142
0.00411604
-0.00990636
-0.0272557
-0.0453403
-0.0635719
-0.0815387
-0.0989201
-0.115452
-0.130909
-0.145097
-0.157849
-0.16902
-0.178487
-0.186151
-0.191929
-0.195763
-0.197616
-0.19747
-0.195636
-0.192061
-0.186653
-0.17943
-0.170449
-0.159798
-0.147589
-0.133956
-0.119057
-0.103065
-0.0861778
-0.0686133
-0.0506156
-0.0324627
-0.0144812
0.00292453
0.0196139
0.0357951
0.0514124
0.0663656
0.0805527
0.0938708
0.106217
0.11749
0.127592
0.136427
0.143909
0.149958
0.154507
0.157495
0.158899
0.158783
0.157676
0.156372
0.153925
0.150011
0.144441
0.137128
0.128061
0.117292
0.104925
0.0911071
0.0760161
0.0598556
0.042847
0.0252241
0.00722894
-0.0108142
-0.0297805
-0.049515
-0.0693766
-0.0889219
-0.107809
-0.125755
-0.142521
-0.157901
-0.171715
-0.183808
-0.194049
-0.202329
-0.208563
-0.212686
-0.214658
-0.21446
-0.212491
-0.208651
-0.202841
-0.195073
-0.185408
-0.173936
-0.160777
-0.146075
-0.129997
-0.112729
-0.0944831
-0.0754901
-0.0560094
-0.0363341
-0.0168062
0.00215523
0.020401
0.038118
0.0552293
0.0716168
0.0871623
0.101749
0.115262
0.127592
0.138631
0.148281
0.156449
0.163054
0.168028
0.171313
0.172881
0.172792
0.171804
0.17077
0.168549
0.164732
0.159076
0.151461
0.14186
0.130325
0.116973
0.101968
0.0855113
0.0678325
0.0491786
0.0298086
0.00998847
-0.0116088
-0.0320027
-0.053189
-0.0744804
-0.095407
-0.115608
-0.134787
-0.152692
-0.169107
-0.183841
-0.196731
-0.207638
-0.216446
-0.223064
-0.227425
-0.229484
-0.229223
-0.227135
-0.223073
-0.216928
-0.208709
-0.198474
-0.186316
-0.17236
-0.156756
-0.139678
-0.121325
-0.101916
-0.0816955
-0.0609336
-0.0399347
-0.0190506
0.00129145
0.0209341
0.0400324
0.0584851
0.0761571
0.0929149
0.108628
0.123172
0.136427
0.148281
0.158628
0.167375
0.174441
0.179756
0.183264
0.184941
0.18484
0.183962
0.183216
0.18126
0.177596
0.171924
0.164089
0.154048
0.141855
0.127637
0.111578
0.0939034
0.074868
0.0547441
0.0338148
0.0123683
-0.0122841
-0.0338978
-0.0563203
-0.0788255
-0.100921
-0.122232
-0.142451
-0.161315
-0.178597
-0.194101
-0.207655
-0.219113
-0.228354
-0.235282
-0.239825
-0.241936
-0.241596
-0.239405
-0.235166
-0.228761
-0.220191
-0.20951
-0.196813
-0.182224
-0.165898
-0.148016
-0.128781
-0.108421
-0.0871886
-0.0653615
-0.0432511
-0.0212145
0.000319475
0.0211868
0.0415001
0.0611303
0.0799267
0.0977416
0.114433
0.129864
0.143909
0.156449
0.167375
0.176594
0.184021
0.189592
0.193253
0.194982
0.194832
0.194049
0.193594
0.191929
0.188464
0.182839
0.174864
0.164482
0.151745
0.136793
0.119829
0.101104
0.0808945
0.0594981
0.03722
0.0143683
-0.0128349
-0.0354457
-0.0588743
-0.0823639
-0.105405
-0.127612
-0.148666
-0.168298
-0.186274
-0.20239
-0.216469
-0.228358
-0.237931
-0.245088
-0.249753
-0.251878
-0.25144
-0.249157
-0.244787
-0.238198
-0.229384
-0.218391
-0.205311
-0.190267
-0.173414
-0.154935
-0.135037
-0.113952
-0.0919368
-0.0692732
-0.0462758
-0.0233021
-0.000770663
0.0211399
0.042489
0.0631215
0.0828722
0.10158
0.119092
0.135263
0.149958
0.163054
0.174441
0.184021
0.191715
0.197458
0.201202
0.20293
0.202696
0.201987
0.201817
0.200457
0.197226
0.191706
0.18367
0.173047
0.159889
0.144348
0.126646
0.107053
0.0858711
0.063419
0.0400214
0.0160043
-0.0132572
-0.0366301
-0.0608236
-0.0850578
-0.108811
-0.131689
-0.153367
-0.17357
-0.192059
-0.208623
-0.223081
-0.235276
-0.245077
-0.252379
-0.257102
-0.259195
-0.258632
-0.256266
-0.251808
-0.245114
-0.236166
-0.225002
-0.211706
-0.196396
-0.179224
-0.16037
-0.140041
-0.118471
-0.0959138
-0.0726542
-0.049005
-0.0253202
-0.00198872
0.0207774
0.0429713
0.0644202
0.084946
0.104376
0.122546
0.139304
0.154507
0.168028
0.179756
0.189592
0.197458
0.203293
0.207055
0.208732
0.208381
0.207724
0.207825
0.206773
0.203803
0.198438
0.19042
0.179661
0.166213
0.150238
0.131975
0.111714
0.089777
0.0665015
0.0422294
0.017301
-0.0135479
-0.0374393
-0.0621479
-0.0868792
-0.111104
-0.134423
-0.156507
-0.177078
-0.195893
-0.212738
-0.227425
-0.239796
-0.249715
-0.257072
-0.261784
-0.263794
-0.26307
-0.260619
-0.256112
-0.249389
-0.24042
-0.229231
-0.215894
-0.200519
-0.183248
-0.164255
-0.143742
-0.121937
-0.0990935
-0.0754896
-0.0514341
-0.0272735
-0.00335591
0.0200682
0.0429103
0.0649838
0.0860997
0.106075
0.124738
0.141927
0.157495
0.171313
0.183264
0.193253
0.201202
0.207055
0.210775
0.212357
0.211862
0.211234
0.211584
0.210836
0.208143
0.202981
0.195056
0.184267
0.170666
0.154421
0.135786
0.115068
0.0926059
0.0687516
0.043861
0.0182859
-0.0137052
-0.0378654
-0.0628342
-0.0878101
-0.112261
-0.135786
-0.158056
-0.178789
-0.197739
-0.214692
-0.229458
-0.241872
-0.251795
-0.259115
-0.263739
-0.265604
-0.264667
-0.262114
-0.257583
-0.2509
-0.242019
-0.230953
-0.217757
-0.202525
-0.185388
-0.166506
-0.14607
-0.124298
-0.101435
-0.0777503
-0.0535341
-0.0290927
-0.00479502
0.0190614
0.0423346
0.064825
0.0863336
0.106669
0.12565
0.143111
0.158899
0.172881
0.184941
0.194982
0.20293
0.208732
0.212357
0.213806
0.213146
0.212526
0.213097
0.212639
0.210234
0.205312
0.197553
0.186841
0.173226
0.156881
0.138071
0.117115
0.094364
0.0701832
0.0449376
0.0189869
-0.0137284
-0.0379133
-0.0629026
-0.0878935
-0.112355
-0.135884
-0.158153
-0.178881
-0.197821
-0.214758
-0.229499
-0.24188
-0.251759
-0.259015
-0.263553
-0.265297
-0.264189
-0.261553
-0.257012
-0.250385
-0.24162
-0.230717
-0.217721
-0.202711
-0.185806
-0.167153
-0.146931
-0.125343
-0.102623
-0.079027
-0.0548435
-0.0303809
-0.00599579
0.0180067
0.0414461
0.0641076
0.085781
0.106266
0.125374
0.142931
0.158783
0.172792
0.18484
0.194832
0.202696
0.208381
0.211862
0.213146
0.212307
0.211675
0.212432
0.212238
0.210119
0.205466
0.197936
0.187401
0.173907
0.157631
0.138842
0.117869
0.0950712
0.0708193
0.0454849
0.0194318
-0.0136181
-0.0375838
-0.0623554
-0.0871348
-0.111393
-0.134732
-0.156823
-0.177389
-0.196185
-0.212996
-0.227631
-0.239926
-0.249736
-0.25694
-0.261436
-0.26314
-0.261977
-0.259319
-0.254801
-0.248251
-0.239615
-0.228891
-0.216117
-0.201368
-0.18475
-0.166403
-0.146496
-0.125226
-0.102812
-0.0795042
-0.0555774
-0.0313311
-0.00710688
0.0167897
0.0401522
0.0627537
0.0843748
0.104871
0.124047
0.141707
0.157676
0.171804
0.183962
0.194049
0.201987
0.207724
0.211234
0.212526
0.211675
0.211082
0.211898
0.211752
0.209658
0.205012
0.197482
0.186948
0.173467
0.157224
0.138491
0.117599
0.0949047
0.0707774
0.0455842
0.0196837
-0.0133757
-0.036875
-0.0611798
-0.0855051
-0.109329
-0.132259
-0.153972
-0.174194
-0.192685
-0.209234
-0.223654
-0.235781
-0.245473
-0.252608
-0.257082
-0.258803
-0.257682
-0.255067
-0.250631
-0.244215
-0.235771
-0.225297
-0.212827
-0.198431
-0.18221
-0.164295
-0.144847
-0.124052
-0.102122
-0.0792933
-0.0558302
-0.0320198
-0.00818752
0.015366
0.0384185
0.0608236
0.0824183
0.102985
0.122303
0.140161
0.156372
0.17077
0.183216
0.193594
0.201817
0.207825
0.211584
0.213097
0.212432
0.211898
0.212534
0.212074
0.209595
0.204552
0.196663
0.185848
0.172187
0.155872
0.137178
0.116424
0.0939549
0.0701255
0.0452866
0.0197822
-0.0130043
-0.0357944
-0.0593858
-0.0830146
-0.106172
-0.128472
-0.149602
-0.169294
-0.187315
-0.203458
-0.217543
-0.229411
-0.238923
-0.245961
-0.250418
-0.2522
-0.251209
-0.248702
-0.244412
-0.238199
-0.230021
-0.219881
-0.207811
-0.193878
-0.178177
-0.160833
-0.141996
-0.121844
-0.100578
-0.0784221
-0.0556283
-0.0324695
-0.00925382
0.0137268
0.0362678
0.0583343
0.0797395
0.100233
0.119575
0.13754
0.153925
0.168549
0.18126
0.191929
0.200457
0.206773
0.210836
0.212639
0.212238
0.211752
0.212074
0.211141
0.208129
0.20258
0.194274
0.183174
0.169382
0.153096
0.134581
0.114142
0.092105
0.0688012
0.0445611
0.0197083
-0.0125078
-0.0343544
-0.056993
-0.0796891
-0.101951
-0.123406
-0.14375
-0.162726
-0.180109
-0.195701
-0.209328
-0.22084
-0.230103
-0.237003
-0.241438
-0.243312
-0.24252
-0.240185
-0.236106
-0.230168
-0.22234
-0.212625
-0.20106
-0.187707
-0.172657
-0.156026
-0.137959
-0.11862
-0.0982003
-0.0769115
-0.0549903
-0.0326946
-0.0103139
0.0118715
0.033725
0.0552482
0.0762607
0.0964923
0.115685
0.133597
0.150011
0.164732
0.177596
0.188464
0.197226
0.203803
0.208143
0.210234
0.210119
0.209658
0.209595
0.208129
0.204563
0.198529
0.189874
0.1786
0.164823
0.148741
0.130606
0.110702
0.0893298
0.0667958
0.0434059
0.0194609
-0.0118917
-0.0325721
-0.0540291
-0.0755657
-0.0967123
-0.117112
-0.136475
-0.154554
-0.171135
-0.186031
-0.199079
-0.210134
-0.219074
-0.22579
-0.230185
-0.232167
-0.231629
-0.22952
-0.225716
-0.220126
-0.21273
-0.203538
-0.192585
-0.179933
-0.165667
-0.149897
-0.132757
-0.114402
-0.0950104
-0.0747792
-0.0539296
-0.0327027
-0.0113684
0.00980783
0.0307636
0.0515331
0.0719403
0.091699
0.110535
0.128193
0.144441
0.159076
0.171924
0.182839
0.191706
0.198438
0.202981
0.205312
0.205466
0.205012
0.204552
0.20258
0.198529
0.192124
0.183269
0.171998
0.158435
0.142773
0.125245
0.106111
0.0856454
0.064127
0.0418356
0.0190475
-0.0111625
-0.0304686
-0.0505292
-0.0706927
-0.0905163
-0.109662
-0.127856
-0.144865
-0.160488
-0.174549
-0.186896
-0.197396
-0.205935
-0.212414
-0.216743
-0.218836
-0.218588
-0.216752
-0.213281
-0.208109
-0.201229
-0.192653
-0.182421
-0.170589
-0.15724
-0.142476
-0.126421
-0.109217
-0.0910302
-0.072042
-0.0524564
-0.0324962
-0.0124105
0.00755237
0.0274001
0.0472014
0.066782
0.0858423
0.104094
0.121269
0.137128
0.151461
0.164089
0.174864
0.18367
0.19042
0.195056
0.197553
0.197936
0.197482
0.196663
0.194274
0.189874
0.183269
0.174412
0.163357
0.150235
0.135224
0.118538
0.100412
0.0810913
0.0608273
0.0398727
0.0184786
-0.0103278
-0.0280691
-0.0465356
-0.0651281
-0.0834354
-0.101143
-0.117993
-0.13377
-0.148286
-0.16138
-0.172911
-0.182758
-0.190819
-0.197003
-0.201232
-0.203425
-0.203484
-0.201961
-0.198873
-0.194185
-0.187897
-0.180031
-0.170623
-0.15973
-0.147427
-0.133809
-0.118989
-0.103098
-0.0862857
-0.0687175
-0.0505791
-0.0320736
-0.0134277
0.00512958
0.0236657
0.0422853
0.0608159
0.0789462
0.0963761
0.112829
0.128061
0.14186
0.154048
0.164482
0.173047
0.179661
0.184267
0.186841
0.187401
0.186948
0.185848
0.183174
0.1786
0.171998
0.163357
0.152749
0.140299
0.126172
0.11056
0.0936702
0.0757218
0.056938
0.0375442
0.0177657
-0.00939644
-0.0254028
-0.0420973
-0.0589397
-0.0755548
-0.0916538
-0.107001
-0.121396
-0.134669
-0.146672
-0.157278
-0.16638
-0.173885
-0.179716
-0.183803
-0.186076
-0.186442
-0.185259
-0.182597
-0.17845
-0.172828
-0.165756
-0.157271
-0.147427
-0.136293
-0.123954
-0.110513
-0.0960862
-0.0808076
-0.0648256
-0.0483058
-0.03143
-0.0144018
0.00257115
0.0196024
0.0368328
0.0540934
0.0710635
0.0874345
0.102926
0.117292
0.130325
0.141855
0.151745
0.159889
0.166213
0.170666
0.173226
0.173907
0.173467
0.172187
0.169382
0.164823
0.158435
0.150235
0.140299
0.128746
0.115725
0.101404
0.085966
0.0696015
0.0525066
0.0348796
0.0169198
-0.00837807
-0.0225024
-0.0372698
-0.0522046
-0.0669721
-0.0813121
-0.0950116
-0.107891
-0.119796
-0.130596
-0.140179
-0.148448
-0.155324
-0.160741
-0.164639
-0.166959
-0.167617
-0.166791
-0.164587
-0.16103
-0.156138
-0.149937
-0.142466
-0.133772
-0.12392
-0.112983
-0.101053
-0.0882301
-0.0746323
-0.0603889
-0.0456447
-0.030559
-0.0153109
-8.49164e-005
0.015262
0.0309055
0.0466843
0.0622718
0.0773548
0.0916529
0.104925
0.116973
0.127637
0.136793
0.144348
0.150238
0.154421
0.156881
0.157631
0.157224
0.155872
0.153096
0.148741
0.142773
0.135224
0.126172
0.115725
0.104013
0.0911833
0.0773917
0.0628028
0.0475852
0.0319105
0.0159513
-0.00728342
-0.0194048
-0.0321157
-0.04501
-0.0577969
-0.0702481
-0.0821759
-0.0934217
-0.103851
-0.113347
-0.121814
-0.12917
-0.135347
-0.14029
-0.143949
-0.146274
-0.147193
-0.14673
-0.145008
-0.142081
-0.137971
-0.132709
-0.12633
-0.118878
-0.110408
-0.100983
-0.0906811
-0.0795881
-0.0678025
-0.055434
-0.0426055
-0.0294528
-0.0161293
-0.00279525
0.0107043
0.024577
0.0386752
0.0526704
0.0662503
0.0791395
0.0911071
0.101968
0.111578
0.119829
0.126646
0.131975
0.135786
0.138071
0.138842
0.138491
0.137178
0.134581
0.130606
0.125245
0.118538
0.11056
0.101404
0.0911833
0.0800208
0.0680484
0.055404
0.0422295
0.0286695
0.0148694
-0.00612409
-0.0161504
-0.0267043
-0.0374528
-0.0481521
-0.0586085
-0.0686612
-0.0781748
-0.0870338
-0.0951404
-0.102412
-0.108782
-0.114193
-0.118601
-0.121966
-0.124248
-0.125384
-0.125277
-0.12405
-0.121779
-0.118496
-0.114227
-0.109008
-0.102874
-0.0958718
-0.0880543
-0.0794827
-0.0702273
-0.0603673
-0.0499916
-0.0391999
-0.0281035
-0.0168295
-0.00551232
0.00599613
0.0179314
0.0301665
0.0423771
0.0542572
0.0655422
0.0760161
0.0855113
0.0939034
0.101104
0.107053
0.111714
0.115068
0.117115
0.117869
0.117599
0.116424
0.114142
0.110702
0.106111
0.100412
0.0936702
0.085966
0.0773917
0.0680484
0.0580431
0.0474878
0.0364976
0.0251896
0.0136815
-0.00491255
-0.0127835
-0.0211125
-0.0296412
-0.0381751
-0.046557
-0.0546553
-0.0623585
-0.069572
-0.076216
-0.0822238
-0.0875409
-0.0921238
-0.0959373
-0.0989515
-0.101133
-0.10243
-0.102658
-0.101927
-0.100331
-0.0979026
-0.0946701
-0.0906617
-0.0859081
-0.0804443
-0.0743107
-0.0675532
-0.0602243
-0.0523834
-0.0440974
-0.0354423
-0.026504
-0.0173826
-0.00818572
0.00121015
0.0110616
0.0212711
0.0315253
0.041531
0.0510398
0.0598556
0.0678325
0.074868
0.0808945
0.0858711
0.089777
0.0926059
0.094364
0.0950712
0.0949047
0.0939549
0.092105
0.0893298
0.0856454
0.0810913
0.0757218
0.0696015
0.0628028
0.055404
0.0474878
0.0391402
0.0304491
0.0215037
0.0123929
-0.00366211
-0.00935251
-0.0154252
-0.0216957
-0.0280198
-0.034278
-0.0403692
-0.0462071
-0.0517186
-0.0568426
-0.0615282
-0.0657349
-0.0694305
-0.0725895
-0.0751903
-0.0772075
-0.0785959
-0.0791253
-0.0788791
-0.077962
-0.0764059
-0.0742362
-0.0714755
-0.0681464
-0.0642726
-0.0598806
-0.0550003
-0.0496655
-0.043915
-0.0377929
-0.031351
-0.0246493
-0.0177602
-0.0107637
-0.00357666
0.00406812
0.0121124
0.0202615
0.0282419
0.0358277
0.042847
0.0491786
0.0547441
0.0594981
0.063419
0.0665015
0.0687516
0.0701832
0.0708193
0.0707774
0.0701255
0.0688012
0.0667958
0.064127
0.0608273
0.056938
0.0525066
0.0475852
0.0422295
0.0364976
0.0304491
0.0241444
0.0176436
0.0110053
-0.00238694
-0.00591084
-0.00973724
-0.0137521
-0.0178606
-0.0219812
-0.0260434
-0.0299871
-0.0337614
-0.037324
-0.0406408
-0.043685
-0.0464361
-0.0488784
-0.050998
-0.0527766
-0.0541766
-0.054957
-0.0551715
-0.0549233
-0.054241
-0.0531451
-0.0516512
-0.0497723
-0.04752
-0.0449063
-0.041944
-0.0386477
-0.0350348
-0.0311266
-0.0269497
-0.0225379
-0.0179357
-0.0131951
-0.00828448
-0.00294291
0.00282173
0.00874227
0.0145724
0.0201142
0.0252241
0.0298086
0.0338148
0.03722
0.0400214
0.0422294
0.043861
0.0449376
0.0454849
0.0455842
0.0452866
0.0445611
0.0434059
0.0418356
0.0398727
0.0375442
0.0348796
0.0319105
0.0286695
0.0251896
0.0215037
0.0176436
0.013639
0.00951556
-0.00110231
-0.00251802
-0.00415645
-0.00596685
-0.00790015
-0.00991098
-0.0119591
-0.01401
-0.0160352
-0.0180124
-0.0199242
-0.0217586
-0.0235075
-0.0251654
-0.0267267
-0.0281804
-0.0294967
-0.030459
-0.0310943
-0.0314894
-0.0316659
-0.0316371
-0.0314101
-0.0309869
-0.0303662
-0.0295446
-0.0285172
-0.027279
-0.0258257
-0.024155
-0.0222685
-0.0201735
-0.0178866
-0.0154312
-0.0128321
-0.00986137
-0.00646328
-0.00286783
0.000713379
0.00411604
0.00722894
0.00998847
0.0123683
0.0143683
0.0160043
0.017301
0.0182859
0.0189869
0.0194318
0.0196837
0.0197822
0.0197083
0.0194609
0.0190475
0.0184786
0.0177657
0.0169198
0.0159513
0.0148694
0.0136815
0.0123929
0.0110053
0.00951556
0.00791311
