0.521864
0.474501
0.416232
0.355306
0.295057
0.236463
0.179739
0.125021
0.0725232
0.0225133
-0.0247734
-0.0692023
-0.110769
-0.149592
-0.185876
-0.219878
-0.251873
-0.282128
-0.310895
-0.3384
-0.364842
-0.390399
-0.415219
-0.439433
-0.463147
-0.48638
-0.50881
-0.530293
-0.551091
-0.571522
-0.591898
-0.612535
-0.633787
-0.656089
-0.68
-0.706228
-0.735588
-0.768829
-0.806211
-0.846716
-0.886814
-0.918919
-0.930098
-0.902321
-0.816056
-0.658586
-0.434827
-0.173067
0.0814604
0.287196
0.423428
0.494542
0.509253
0.494499
0.469277
0.441608
0.41155
0.379037
0.336861
0.284676
0.223121
0.152396
0.0722334
-0.0240188
0.474987
0.387241
0.304909
0.233687
0.172447
0.117841
0.0668617
0.0176488
-0.0305889
-0.0779242
-0.124069
-0.168653
-0.211388
-0.25214
-0.290927
-0.327883
-0.363216
-0.397172
-0.430007
-0.461965
-0.493274
-0.524131
-0.554695
-0.585091
-0.615382
-0.645318
-0.673876
-0.700965
-0.727162
-0.753
-0.77893
-0.805343
-0.832611
-0.861136
-0.891383
-0.923875
-0.959097
-0.997244
-1.03771
-1.07824
-1.1138
-1.13531
-1.1291
-1.0781
-0.966178
-0.785735
-0.545546
-0.274011
-0.0130384
0.199383
0.339573
0.41122
0.437104
0.439401
0.437424
0.436205
0.43598
0.432298
0.413
0.376132
0.319721
0.240791
0.134819
-0.00958317
0.380977
0.239357
0.124129
0.0378877
-0.025567
-0.0746171
-0.116189
-0.154729
-0.192516
-0.230362
-0.26826
-0.305874
-0.342841
-0.378923
-0.414046
-0.448279
-0.481794
-0.514821
-0.547614
-0.580419
-0.613467
-0.646937
-0.680949
-0.715554
-0.750677
-0.785353
-0.818028
-0.849118
-0.879472
-0.909801
-0.940677
-0.972555
-1.00582
-1.04083
-1.07793
-1.1174
-1.15929
-1.20307
-1.24709
-1.28773
-1.31844
-1.32903
-1.30572
-1.23306
-1.09826
-0.897483
-0.642086
-0.360355
-0.0903359
0.129423
0.276882
0.354698
0.386231
0.398587
0.409565
0.425063
0.444655
0.458916
0.45366
0.424419
0.366452
0.27325
0.136495
-0.0600014
0.254834
0.0508141
-0.101623
-0.204174
-0.268932
-0.309888
-0.338379
-0.361878
-0.384517
-0.408125
-0.433186
-0.459541
-0.486847
-0.51481
-0.543282
-0.572266
-0.60188
-0.632307
-0.66376
-0.696436
-0.73051
-0.766077
-0.803119
-0.841517
-0.880826
-0.91885
-0.954488
-0.988638
-1.0223
-1.05631
-1.09131
-1.12781
-1.16618
-1.20673
-1.24961
-1.29479
-1.34175
-1.38913
-1.43415
-1.47191
-1.49472
-1.4918
-1.44983
-1.3551
-1.19724
-0.975584
-0.704205
-0.411305
-0.137005
0.0845224
0.236212
0.318652
0.3557
0.374697
0.393173
0.419003
0.449711
0.473007
0.47364
0.444506
0.377935
0.264154
0.0920131
-0.159006
0.11152
-0.158143
-0.34822
-0.466164
-0.530702
-0.561649
-0.574874
-0.581048
-0.586347
-0.593763
-0.604348
-0.618156
-0.634859
-0.654093
-0.675615
-0.699335
-0.725283
-0.753558
-0.784272
-0.817509
-0.853326
-0.891645
-0.932193
-0.974542
-1.01732
-1.05753
-1.09515
-1.13133
-1.16712
-1.20342
-1.24093
-1.28017
-1.32151
-1.36513
-1.41099
-1.4586
-1.50682
-1.55347
-1.59479
-1.62497
-1.63565
-1.61587
-1.55269
-1.43319
-1.24944
-1.00464
-0.715583
-0.4164
-0.144736
0.0736657
0.22229
0.30605
0.347183
0.369597
0.392993
0.422454
0.457182
0.481371
0.479821
0.443596
0.361805
0.222518
0.011864
-0.294348
-0.0353905
-0.369027
-0.594105
-0.72546
-0.788922
-0.809843
-0.808205
-0.797652
-0.786352
-0.778477
-0.775659
-0.778148
-0.785605
-0.797568
-0.813672
-0.833708
-0.857585
-0.88527
-0.916714
-0.951812
-0.990451
-1.03228
-1.07663
-1.12252
-1.16701
-1.20784
-1.24583
-1.28213
-1.31783
-1.35388
-1.39105
-1.42991
-1.47081
-1.51381
-1.55859
-1.60422
-1.649
-1.69006
-1.72299
-1.74132
-1.73616
-1.69594
-1.6069
-1.45798
-1.24412
-0.97136
-0.666681
-0.363967
-0.094713
0.11128
0.249359
0.329473
0.36908
0.392986
0.416192
0.444103
0.474275
0.491658
0.48132
0.4319
0.330045
0.160682
-0.0909057
-0.451687
-0.175455
-0.567618
-0.823076
-0.96555
-1.0281
-1.04092
-1.02722
-1.00305
-0.978277
-0.958186
-0.944981
-0.939102
-0.940175
-0.947605
-0.960867
-0.979588
-1.00351
-1.0324
-1.06597
-1.10386
-1.14576
-1.19096
-1.23818
-1.28541
-1.32863
-1.36738
-1.4027
-1.4358
-1.46785
-1.49993
-1.53297
-1.56764
-1.60431
-1.6429
-1.68283
-1.72278
-1.7606
-1.79285
-1.81449
-1.81825
-1.7938
-1.72832
-1.60824
-1.42313
-1.16833
-0.860768
-0.535395
-0.229165
0.0221411
0.203611
0.3224
0.388255
0.421655
0.442733
0.459696
0.481896
0.501308
0.506737
0.483668
0.417108
0.289953
0.0867122
-0.207192
-0.618997
-0.301966
-0.744918
-1.02519
-1.17648
-1.23887
-1.24642
-1.22465
-1.1912
-1.15727
-1.12912
-1.1095
-1.09904
-1.09731
-1.10349
-1.11682
-1.13665
-1.16248
-1.19379
-1.22997
-1.27032
-1.31442
-1.36106
-1.40813
-1.45205
-1.48993
-1.52249
-1.55093
-1.57664
-1.60105
-1.62552
-1.65119
-1.67893
-1.70906
-1.74135
-1.77497
-1.8081
-1.83808
-1.86073
-1.86994
-1.85716
-1.80973
-1.71356
-1.5512
-1.30868
-1.00363
-0.663148
-0.325264
-0.039676
0.172891
0.319126
0.407962
0.454844
0.481258
0.493562
0.503948
0.517486
0.52284
0.515927
0.478014
0.390543
0.234161
-0.00438051
-0.337304
-0.794051
-0.411534
-0.896626
-1.19598
-1.35383
-1.41666
-1.4215
-1.39526
-1.35656
-1.31754
-1.28528
-1.26306
-1.25165
-1.25047
-1.25839
-1.27421
-1.29689
-1.32551
-1.35918
-1.39691
-1.43765
-1.481
-1.5251
-1.56688
-1.60191
-1.62984
-1.6519
-1.66964
-1.68488
-1.69942
-1.71492
-1.73278
-1.75388
-1.77834
-1.80562
-1.83434
-1.86203
-1.88526
-1.89903
-1.89553
-1.86224
-1.78358
-1.63884
-1.41402
-1.11348
-0.761828
-0.396341
-0.0766302
0.162644
0.3279
0.430588
0.486419
0.518772
0.534307
0.536002
0.538565
0.537542
0.532201
0.513236
0.458472
0.346013
0.158967
-0.112134
-0.478925
-0.973441
-0.503179
-1.02186
-1.33491
-1.49705
-1.56034
-1.56393
-1.53543
-1.49405
-1.45262
-1.41889
-1.39662
-1.38669
-1.38827
-1.3997
-1.41921
-1.44515
-1.47609
-1.51065
-1.54744
-1.58515
-1.62353
-1.66008
-1.69074
-1.71295
-1.72794
-1.73745
-1.74363
-1.74874
-1.75486
-1.7638
-1.77683
-1.79469
-1.81706
-1.84236
-1.86911
-1.89382
-1.91211
-1.9155
-1.89143
-1.82609
-1.70102
-1.49306
-1.20271
-0.842959
-0.448586
-0.0885381
0.184335
0.367957
0.477175
0.531754
0.56185
0.579386
0.57874
0.572808
0.564215
0.548496
0.533751
0.500964
0.424768
0.285056
0.0685146
-0.231122
-0.627037
-1.15084
-0.577394
-1.12177
-1.44371
-1.60783
-1.67094
-1.67354
-1.64353
-1.60037
-1.55747
-1.5232
-1.50173
-1.49401
-1.49888
-1.51408
-1.53707
-1.56549
-1.59727
-1.63054
-1.66351
-1.69472
-1.72433
-1.74961
-1.76624
-1.77493
-1.77751
-1.7763
-1.77381
-1.77264
-1.77492
-1.7821
-1.79483
-1.8138
-1.83776
-1.86473
-1.89166
-1.91251
-1.91928
-1.90229
-1.8494
-1.73918
-1.55122
-1.27451
-0.912529
-0.489533
-0.0806909
0.240747
0.454315
0.569048
0.612887
0.628823
0.637384
0.632253
0.617318
0.600297
0.574117
0.551778
0.527066
0.4767
0.376523
0.209549
-0.0337571
-0.357132
-0.777096
-1.32195
-0.635405
-1.19842
-1.52506
-1.68887
-1.75061
-1.75171
-1.71998
-1.67497
-1.63051
-1.59551
-1.57455
-1.56865
-1.57629
-1.5946
-1.62022
-1.65
-1.6812
-1.71142
-1.73849
-1.76108
-1.78008
-1.79263
-1.79675
-1.79476
-1.78894
-1.78168
-1.77537
-1.77303
-1.77633
-1.78615
-1.80289
-1.82625
-1.85295
-1.87915
-1.89963
-1.90912
-1.89721
-1.85183
-1.7564
-1.58723
-1.32955
-0.972936
-0.528944
-0.0686694
0.318414
0.5846
0.718788
0.751567
0.742809
0.727958
0.704561
0.676894
0.650059
0.613527
0.577703
0.549088
0.511376
0.440217
0.314852
0.121971
-0.144123
-0.485987
-0.924263
-1.48013
-0.678703
-1.25411
-1.58179
-1.74303
-1.80193
-1.80063
-1.76675
-1.71975
-1.67367
-1.63786
-1.61725
-1.61292
-1.62305
-1.64412
-1.67196
-1.70256
-1.7325
-1.75888
-1.77933
-1.79272
-1.8019
-1.80314
-1.79835
-1.79016
-1.7808
-1.77244
-1.76735
-1.76815
-1.77583
-1.78981
-1.80894
-1.83111
-1.85433
-1.87437
-1.88332
-1.87377
-1.83519
-1.75184
-1.6022
-1.36577
-1.02466
-0.573505
-0.0709958
0.388849
0.732733
0.91474
0.953146
0.920245
0.870981
0.814181
0.76014
0.715652
0.665423
0.61471
0.575384
0.53892
0.484479
0.390518
0.240229
0.0243136
-0.259823
-0.615443
-1.06638
-1.61892
-0.708788
-1.29103
-1.61657
-1.7731
-1.82761
-1.82294
-1.78664
-1.73795
-1.69095
-1.65522
-1.6359
-1.63408
-1.64756
-1.67211
-1.70263
-1.73431
-1.76306
-1.78575
-1.79962
-1.80473
-1.80698
-1.80125
-1.79198
-1.78171
-1.77256
-1.76646
-1.76264
-1.76311
-1.76804
-1.77916
-1.7955
-1.8137
-1.82964
-1.83843
-1.83129
-1.79903
-1.72747
-1.59585
-1.38264
-1.06431
-0.623259
-0.0978296
0.425657
0.860006
1.12036
1.19594
1.15853
1.07718
0.977712
0.882853
0.806663
0.731992
0.662886
0.610135
0.567215
0.518392
0.444322
0.326929
0.153554
-0.0815115
-0.378997
-0.745338
-1.20133
-1.73355
-0.727048
-1.31115
-1.63181
-1.78178
-1.83051
-1.8217
-1.783
-1.73354
-1.68729
-1.6538
-1.63816
-1.64118
-1.66005
-1.68957
-1.72371
-1.75693
-1.78493
-1.80421
-1.811
-1.80929
-1.80486
-1.79628
-1.78128
-1.76019
-1.73948
-1.72161
-1.7096
-1.70555
-1.70957
-1.72121
-1.73834
-1.75616
-1.76867
-1.76808
-1.74391
-1.68393
-1.56955
-1.379
-1.0883
-0.671566
-0.146434
0.418084
0.936341
1.2925
1.43764
1.42871
1.33598
1.19933
1.0569
0.935955
0.822108
0.725927
0.654814
0.600695
0.549555
0.48484
0.389748
0.250026
0.0568514
-0.192763
-0.498726
-0.87104
-1.32512
-1.82319
-0.734704
-1.3162
-1.62973
-1.7718
-1.81386
-1.80058
-1.76
-1.71137
-1.66848
-1.64054
-1.63202
-1.64279
-1.66874
-1.70323
-1.73879
-1.76917
-1.79047
-1.79561
-1.78118
-1.75004
-1.72176
-1.69074
-1.66156
-1.63678
-1.61777
-1.60606
-1.60287
-1.60913
-1.62371
-1.64419
-1.66651
-1.68441
-1.6898
-1.67338
-1.62371
-1.52457
-1.35535
-1.09342
-0.710322
-0.204891
0.373193
0.952108
1.40218
1.63657
1.68795
1.61516
1.46176
1.27982
1.10982
0.945425
0.811647
0.713639
0.642621
0.583405
0.519649
0.436783
0.320854
0.161311
-0.0474973
-0.306655
-0.616641
-0.990374
-1.43155
-1.8859
-0.732604
-1.30704
-1.61115
-1.74379
-1.77766
-1.75792
-1.71273
-1.6612
-1.61709
-1.58943
-1.58238
-1.59516
-1.62282
-1.6579
-1.69207
-1.719
-1.73179
-1.72513
-1.69958
-1.66356
-1.62916
-1.59553
-1.56512
-1.54093
-1.52439
-1.51674
-1.51852
-1.5296
-1.54776
-1.5693
-1.58876
-1.598
-1.58754
-1.54716
-1.46179
-1.31224
-1.07843
-0.732627
-0.259748
0.308191
0.91682
1.44284
1.77107
1.90343
1.87952
1.73668
1.53532
1.3246
1.10759
0.927834
0.79378
0.697785
0.624263
0.554855
0.4756
0.373934
0.238804
0.0628889
-0.156982
-0.421255
-0.733394
-1.10169
-1.51618
-1.92063
-0.7212
-1.28418
-1.5768
-1.69913
-1.72454
-1.69858
-1.64948
-1.5964
-1.55299
-1.52813
-1.52556
-1.54374
-1.57662
-1.61536
-1.65063
-1.67583
-1.68108
-1.66393
-1.6231
-1.58075
-1.54098
-1.5038
-1.47159
-1.44712
-1.4317
-1.42625
-1.43054
-1.44331
-1.46138
-1.47982
-1.49112
-1.48588
-1.45413
-1.38178
-1.25073
-1.04348
-0.734712
-0.300509
0.240816
0.849843
1.42523
1.83818
2.06034
2.10664
1.99918
1.80215
1.5685
1.30785
1.08015
0.902764
0.773278
0.677399
0.595602
0.512784
0.416856
0.29727
0.145836
-0.0422701
-0.269008
-0.53499
-0.845975
-1.20127
-1.57412
-1.92578
-0.700712
-1.24818
-1.52762
-1.63908
-1.65629
-1.62514
-1.57407
-1.52214
-1.48269
-1.46406
-1.46911
-1.49508
-1.53441
-1.57666
-1.61197
-1.63141
-1.62524
-1.59406
-1.53991
-1.48964
-1.44323
-1.40149
-1.36674
-1.34137
-1.32645
-1.32231
-1.32784
-1.34078
-1.35679
-1.36888
-1.36823
-1.34498
-1.28528
-1.17203
-0.989733
-0.715587
-0.321496
0.183916
0.770791
1.36777
1.84684
2.15447
2.28184
2.23118
2.06073
1.82652
1.53864
1.26783
1.04512
0.875866
0.74923
0.647074
0.553643
0.456068
0.343899
0.208713
0.0447564
-0.151257
-0.380803
-0.645265
-0.950819
-1.28425
-1.60629
-1.90281
-0.671091
-1.19881
-1.46319
-1.56309
-1.57217
-1.53665
-1.48513
-1.43648
-1.40349
-1.39359
-1.40832
-1.44319
-1.48873
-1.53284
-1.56524
-1.57374
-1.55232
-1.50185
-1.43729
-1.37917
-1.32621
-1.28005
-1.24304
-1.21725
-1.20331
-1.20072
-1.20758
-1.22034
-1.23253
-1.23593
-1.22097
-1.17372
-1.0777
-0.91892
-0.676348
-0.32111
0.144374
0.69532
1.29025
1.81247
2.19044
2.39938
2.42277
2.29816
2.0841
1.78866
1.48499
1.22056
1.00955
0.845396
0.714654
0.602746
0.496339
0.384295
0.257804
0.110374
-0.0621266
-0.262185
-0.491459
-0.753906
-1.04623
-1.34558
-1.61173
-1.85344
-0.632448
-1.13606
-1.38345
-1.47118
-1.47229
-1.43324
-1.38272
-1.33925
-1.31479
-1.31543
-1.34089
-1.38443
-1.43432
-1.47735
-1.5018
-1.49457
-1.45469
-1.38511
-1.31176
-1.24642
-1.18795
-1.1387
-1.101
-1.07643
-1.06491
-1.06516
-1.07402
-1.08565
-1.09242
-1.08508
-1.0496
-0.970005
-0.833288
-0.619335
-0.300479
0.124314
0.633085
1.20879
1.75131
2.1786
2.46008
2.56732
2.50522
2.32894
2.04559
1.72202
1.42414
1.1735
0.968621
0.802475
0.66408
0.541179
0.42228
0.297744
0.160195
0.00456522
-0.172467
-0.373505
-0.600642
-0.85811
-1.12701
-1.37911
-1.58897
-1.77941
-0.585224
-1.06033
-1.28891
-1.36409
-1.35777
-1.31632
-1.26837
-1.23191
-1.21771
-1.23003
-1.26621
-1.31689
-1.36809
-1.40578
-1.41635
-1.39001
-1.33089
-1.24711
-1.16745
-1.09659
-1.03484
-0.984972
-0.949037
-0.927804
-0.920518
-0.924554
-0.934479
-0.943344
-0.942153
-0.916884
-0.852171
-0.735685
-0.547503
-0.262161
0.122946
0.588221
1.13284
1.67642
2.13017
2.46873
2.65935
2.67144
2.54252
2.29605
1.96626
1.64662
1.36119
1.11651
0.91132
0.739784
0.592796
0.459945
0.331137
0.197799
0.0535272
-0.106021
-0.284041
-0.483389
-0.707092
-0.953087
-1.18937
-1.38655
-1.54053
-1.68454
-0.530402
-0.972694
-1.18082
-1.24352
-1.2308
-1.18857
-1.14512
-1.11758
-1.11513
-1.13969
-1.18565
-1.24086
-1.28986
-1.31796
-1.30995
-1.26351
-1.18598
-1.09559
-1.01256
-0.939393
-0.877769
-0.830411
-0.798704
-0.782709
-0.780365
-0.786798
-0.795634
-0.798184
-0.780596
-0.728346
-0.629534
-0.464164
-0.209037
0.13791
0.561936
1.06855
1.59617
2.05822
2.43913
2.69767
2.78659
2.7149
2.51889
2.20304
1.87226
1.56085
1.28094
1.03708
0.828672
0.651458
0.49795
0.358876
0.224766
0.0874708
-0.0589821
-0.218809
-0.395462
-0.591996
-0.811358
-1.03336
-1.22479
-1.36574
-1.46792
-1.57227
-0.469771
-0.875195
-1.06155
-1.11234
-1.09492
-1.05416
-1.01762
-1.00115
-1.01184
-1.04869
-1.10284
-1.15953
-1.20204
-1.21548
-1.18771
-1.12392
-1.03303
-0.941467
-0.858389
-0.786513
-0.728246
-0.685754
-0.659841
-0.649283
-0.649881
-0.655956
-0.659112
-0.645951
-0.603018
-0.518528
-0.372684
-0.144178
0.166982
0.551925
1.01907
1.51832
1.97612
2.38223
2.69005
2.8463
2.84283
2.69953
2.4178
2.08753
1.75873
1.45038
1.17119
0.925737
0.714947
0.535773
0.381248
0.242025
0.108387
-0.0278632
-0.172558
-0.330025
-0.503791
-0.696931
-0.905978
-1.09333
-1.23175
-1.31811
-1.37479
-1.4467
-0.406213
-0.771228
-0.934965
-0.975011
-0.955265
-0.918914
-0.892199
-0.889154
-0.914189
-0.962841
-1.02297
-1.07787
-1.11029
-1.1056
-1.05906
-0.981947
-0.885918
-0.795931
-0.715329
-0.647216
-0.593951
-0.557224
-0.536673
-0.528987
-0.529296
-0.529653
-0.517376
-0.480222
-0.406163
-0.276092
-0.0707797
0.207879
0.55649
0.984446
1.45146
1.89331
2.31017
2.65255
2.86383
2.92428
2.83942
2.59897
2.27985
1.94223
1.61168
1.30206
1.02219
0.777992
0.571083
0.39789
0.25026
0.117673
-0.0102489
-0.141757
-0.282522
-0.436851
-0.607872
-0.797589
-0.982268
-1.12441
-1.20873
-1.24569
-1.2651
-1.31167
-0.343887
-0.665784
-0.806697
-0.837818
-0.818805
-0.790373
-0.776736
-0.78944
-0.829505
-0.888572
-0.951615
-1.00026
-1.01913
-0.994538
-0.934145
-0.843462
-0.749508
-0.663232
-0.587106
-0.524053
-0.476381
-0.444709
-0.42667
-0.418434
-0.412748
-0.397911
-0.362904
-0.295198
-0.176894
0.00855314
0.258519
0.574923
0.965697
1.39836
1.82065
2.2339
2.59646
2.84893
2.96375
2.9347
2.73867
2.43714
2.09788
1.75114
1.41608
1.10648
0.832338
0.599412
0.40746
0.25022
0.117208
-0.00346168
-0.122465
-0.247624
-0.384093
-0.535561
-0.704883
-0.884657
-1.03278
-1.12379
-1.15713
-1.15261
-1.14367
-1.17089
-0.288153
-0.565381
-0.684116
-0.708839
-0.694203
-0.677562
-0.680253
-0.710456
-0.765015
-0.831688
-0.893312
-0.931173
-0.931751
-0.89008
-0.813454
-0.718603
-0.62841
-0.546422
-0.474851
-0.41672
-0.373414
-0.343499
-0.324388
-0.309807
-0.289189
-0.252742
-0.187374
-0.076887
0.0921723
0.318128
0.607264
0.965201
1.36228
1.763
2.16626
2.53393
2.81228
2.96812
2.98488
2.82972
2.5488
2.21229
1.85464
1.49984
1.16642
0.86847
0.614637
0.407241
0.241835
0.108543
-0.00524047
-0.111972
-0.221725
-0.341268
-0.474828
-0.625136
-0.792393
-0.946157
-1.04882
-1.09037
-1.07986
-1.04384
-1.01535
-1.02763
-0.245096
-0.477533
-0.575744
-0.597313
-0.591132
-0.590218
-0.611979
-0.660117
-0.726698
-0.7969
-0.850606
-0.873675
-0.85291
-0.792368
-0.703935
-0.609372
-0.522803
-0.44429
-0.376617
-0.321771
-0.279012
-0.247247
-0.221336
-0.191883
-0.150448
-0.0835323
0.0229405
0.17949
0.387338
0.654861
0.984293
1.34813
1.72584
2.11391
2.47876
2.76418
2.94435
2.99315
2.86741
2.60535
2.27402
1.91004
1.54185
1.19216
0.878151
0.610769
0.393757
0.223927
0.0922095
-0.0140889
-0.108418
-0.202567
-0.305137
-0.421306
-0.553834
-0.704834
-0.860158
-0.975586
-1.03067
-1.0277
-0.982978
-0.925884
-0.885349
-0.885134
-0.220687
-0.409797
-0.490215
-0.512501
-0.519053
-0.537425
-0.579749
-0.644024
-0.718299
-0.784448
-0.82425
-0.826466
-0.785809
-0.701353
-0.60658
-0.514983
-0.430671
-0.354685
-0.288823
-0.232739
-0.187049
-0.147675
-0.106355
-0.0563491
0.0159464
0.122306
0.271027
0.467507
0.719437
1.02439
1.35966
1.71619
2.08444
2.43624
2.71677
2.90095
2.96427
2.85005
2.60129
2.27611
1.91084
1.53652
1.17903
0.857692
0.584623
0.36454
0.194942
0.0674704
-0.0301734
-0.111777
-0.190151
-0.275389
-0.374052
-0.4894
-0.623092
-0.77106
-0.896844
-0.967995
-0.979904
-0.941336
-0.873841
-0.805714
-0.758882
-0.746643
-0.219809
-0.368651
-0.43501
-0.462305
-0.485635
-0.525759
-0.587825
-0.664248
-0.739193
-0.793824
-0.815101
-0.797727
-0.717172
-0.623566
-0.526023
-0.435158
-0.351427
-0.275009
-0.205244
-0.144615
-0.0897235
-0.0333928
0.0289124
0.110559
0.221117
0.367702
0.559875
0.801627
1.08703
1.40011
1.73813
2.0852
2.41199
2.67715
2.85103
2.90775
2.78502
2.54132
2.22198
1.8602
1.48733
1.13036
0.80965
0.537875
0.320106
0.154521
0.0334475
-0.0547757
-0.123684
-0.18653
-0.254415
-0.335217
-0.433239
-0.549787
-0.684493
-0.813932
-0.899712
-0.928401
-0.90381
-0.840493
-0.761703
-0.69103
-0.641495
-0.615829
-0.245476
-0.358552
-0.415384
-0.451989
-0.495222
-0.557245
-0.63571
-0.717775
-0.78495
-0.822692
-0.831242
-0.755951
-0.661857
-0.559803
-0.460783
-0.368799
-0.282129
-0.198413
-0.121932
-0.0494541
0.025143
0.103667
0.198992
0.318696
0.469624
0.664179
0.900615
1.17253
1.47078
1.79351
2.11848
2.41224
2.65313
2.80682
2.83309
2.68805
2.44148
2.12618
1.77115
1.40574
1.05604
0.742015
0.476329
0.264288
0.104586
-0.00951478
-0.0887734
-0.146088
-0.194583
-0.245906
-0.308964
-0.389268
-0.4887
-0.607324
-0.733248
-0.828874
-0.872674
-0.864128
-0.812547
-0.736242
-0.656562
-0.589718
-0.538924
-0.49684
-0.298503
-0.381472
-0.433712
-0.483299
-0.547365
-0.62855
-0.717428
-0.796284
-0.851033
-0.879039
-0.820587
-0.726896
-0.622484
-0.513918
-0.411699
-0.31408
-0.215907
-0.122487
-0.0303406
0.0657756
0.164634
0.278297
0.412628
0.574616
0.777449
1.01344
1.27908
1.57056
1.8794
2.18158
2.4444
2.65158
2.78004
2.74613
2.57788
2.32408
2.01069
1.66301
1.30778
0.968871
0.664818
0.407582
0.202497
0.0487875
-0.0593717
-0.131562
-0.179687
-0.216316
-0.253128
-0.299677
-0.362588
-0.444958
-0.546972
-0.662652
-0.762206
-0.817813
-0.824057
-0.786311
-0.718812
-0.640692
-0.568462
-0.509408
-0.456842
-0.394154
-0.377678
-0.436901
-0.48931
-0.553858
-0.636853
-0.731254
-0.82075
-0.891219
-0.940054
-0.904868
-0.81623
-0.710523
-0.595619
-0.48283
-0.373416
-0.260721
-0.149793
-0.0366959
0.0834519
0.206526
0.343153
0.497256
0.677021
0.893194
1.13351
1.3997
1.69169
1.98706
2.26502
2.50557
2.68242
2.75871
2.6666
2.47218
2.20914
1.89545
1.55372
1.20818
0.880288
0.586584
0.337983
0.1395
-0.00925973
-0.11329
-0.181051
-0.22324
-0.251507
-0.277128
-0.309825
-0.356938
-0.422866
-0.508498
-0.611525
-0.710286
-0.773688
-0.791472
-0.766365
-0.709025
-0.636474
-0.56571
-0.506511
-0.456756
-0.4003
-0.312109
-0.48028
-0.522237
-0.578519
-0.657551
-0.754039
-0.851957
-0.934902
-1.00421
-1.00084
-0.925169
-0.821725
-0.705244
-0.584483
-0.46346
-0.336306
-0.207866
-0.0737534
0.0716919
0.221933
0.385572
0.564526
0.766849
1.0011
1.24941
1.52638
1.81936
2.10341
2.36701
2.58457
2.73119
2.73026
2.59829
2.38427
2.11115
1.79505
1.45661
1.11795
0.798434
0.512912
0.271179
0.0778236
-0.0674856
-0.169202
-0.23491
-0.274233
-0.297761
-0.316023
-0.3385
-0.372828
-0.42425
-0.494969
-0.584173
-0.679051
-0.74829
-0.775403
-0.760959
-0.713013
-0.646306
-0.578087
-0.521079
-0.477596
-0.436514
-0.372955
-0.254193
-0.602733
-0.633251
-0.695284
-0.78505
-0.886342
-0.978601
-1.06167
-1.09812
-1.04197
-0.945253
-0.832395
-0.71044
-0.581595
-0.44236
-0.298015
-0.144933
0.0250667
0.203857
0.396072
0.603726
0.832107
1.08646
1.35034
1.63988
1.93728
2.21391
2.47333
2.67653
2.75288
2.70863
2.54947
2.32081
2.03894
1.71848
1.37984
1.04368
0.727942
0.446418
0.208221
0.0175626
-0.126003
-0.226817
-0.292035
-0.330566
-0.352119
-0.366378
-0.382264
-0.407292
-0.44709
-0.504858
-0.581134
-0.669539
-0.743953
-0.780868
-0.77691
-0.737963
-0.676713
-0.609969
-0.552973
-0.513088
-0.485411
-0.450761
-0.376357
-0.222323
-0.741074
-0.764731
-0.83167
-0.925397
-1.02052
-1.10696
-1.18845
-1.15079
-1.07399
-0.966273
-0.849386
-0.720582
-0.57502
-0.418786
-0.250433
-0.0595905
0.145729
0.365553
0.602232
0.857852
1.13441
1.41691
1.72355
2.02439
2.30688
2.56619
2.72373
2.76503
2.69446
2.52173
2.28449
1.99564
1.66988
1.32732
0.988443
0.670656
0.387606
0.1484
-0.0427952
-0.186616
-0.28764
-0.353132
-0.3918
-0.412851
-0.425294
-0.437406
-0.456281
-0.487513
-0.534877
-0.599784
-0.680634
-0.759294
-0.80742
-0.815617
-0.787176
-0.732359
-0.666877
-0.607409
-0.565706
-0.543607
-0.529868
-0.498449
-0.409474
-0.216297
-0.891612
-0.911142
-0.979247
-1.06649
-1.14885
-1.26089
-1.24958
-1.19061
-1.09842
-0.988619
-0.867137
-0.724812
-0.564024
-0.386829
-0.181967
0.0437825
0.285956
0.549114
0.829718
1.13039
1.43248
1.75751
2.06878
2.36187
2.6326
2.75869
2.77671
2.69249
2.51538
2.27547
1.9821
1.6504
1.30068
0.95357
0.627245
0.336236
0.0905625
-0.105167
-0.2517
-0.35412
-0.420268
-0.459209
-0.480127
-0.491678
-0.501624
-0.516565
-0.541775
-0.581172
-0.636882
-0.70904
-0.788926
-0.849538
-0.872611
-0.857762
-0.812376
-0.750143
-0.687949
-0.6406
-0.615695
-0.61003
-0.607163
-0.575429
-0.46863
-0.233617
-1.05068
-1.06578
-1.12743
-1.19841
-1.2801
-1.34027
-1.29638
-1.21969
-1.11929
-1.0076
-0.876567
-0.721879
-0.54508
-0.336351
-0.100214
0.155114
0.437128
0.739591
1.06173
1.38503
1.72782
2.05662
2.36645
2.6343
2.77106
2.79053
2.70494
2.53134
2.29313
1.99784
1.66012
1.3003
0.939601
0.597989
0.292204
0.034048
-0.170842
-0.323144
-0.428581
-0.495925
-0.535069
-0.555665
-0.566407
-0.57478
-0.586988
-0.607887
-0.64108
-0.689084
-0.752704
-0.829786
-0.901206
-0.941043
-0.94283
-0.910733
-0.855536
-0.792963
-0.739352
-0.706537
-0.697933
-0.706081
-0.710499
-0.67505
-0.547966
-0.269815
-1.21387
-1.22086
-1.26632
-1.31942
-1.40391
-1.3898
-1.32321
-1.23672
-1.13313
-1.01659
-0.876799
-0.711375
-0.510663
-0.276847
-0.0198071
0.270154
0.587371
0.926305
1.26887
1.62801
1.97796
2.30946
2.59667
2.75817
2.80316
2.73113
2.56744
2.33582
2.04159
1.69833
1.32593
0.946742
0.583393
0.256025
-0.0207683
-0.239839
-0.401564
-0.512313
-0.581982
-0.621622
-0.641749
-0.651489
-0.658336
-0.668244
-0.685757
-0.714067
-0.755448
-0.811454
-0.88201
-0.958305
-1.01457
-1.03475
-1.01919
-0.975244
-0.916241
-0.85849
-0.816501
-0.798644
-0.804501
-0.823219
-0.831323
-0.78923
-0.640352
-0.319225
-1.37831
-1.37092
-1.39221
-1.43858
-1.47134
-1.41976
-1.33743
-1.24545
-1.13962
-1.01735
-0.870814
-0.689241
-0.470288
-0.222829
0.0625622
0.381882
0.727881
1.08524
1.45518
1.82693
2.18265
2.50786
2.71829
2.80511
2.76136
2.61657
2.39799
2.11069
1.76436
1.37785
0.975596
0.584403
0.228993
-0.0724278
-0.310761
-0.485966
-0.605005
-0.678922
-0.720062
-0.740065
-0.748799
-0.754071
-0.761794
-0.776289
-0.800511
-0.836179
-0.884639
-0.946898
-1.02102
-1.08942
-1.12771
-1.13014
-1.10071
-1.0495
-0.991252
-0.941599
-0.912412
-0.908556
-0.926311
-0.952237
-0.960744
-0.909712
-0.738493
-0.375916
-1.53766
-1.50738
-1.50022
-1.54181
-1.51058
-1.42898
-1.34086
-1.24287
-1.13455
-1.00912
-0.853567
-0.660144
-0.433491
-0.166922
0.1395
0.479064
0.840953
1.21594
1.60261
1.98196
2.35199
2.63363
2.78321
2.78273
2.66588
2.46988
2.19893
1.85595
1.45631
1.02751
0.602732
0.213128
-0.11857
-0.381056
-0.573877
-0.704615
-0.785399
-0.829822
-0.850718
-0.858898
-0.862738
-0.868331
-0.879907
-0.900238
-0.930878
-0.972389
-1.02577
-1.09203
-1.16365
-1.2173
-1.23735
-1.22406
-1.18411
-1.12953
-1.0754
-1.03568
-1.01924
-1.02768
-1.05458
-1.08459
-1.09074
-1.02915
-0.835907
-0.434552
-1.68808
-1.62684
-1.59332
-1.6008
-1.52173
-1.42474
-1.32974
-1.2263
-1.11746
-0.988625
-0.82691
-0.630943
-0.394988
-0.116197
0.202581
0.552735
0.92318
1.31498
1.71017
2.11093
2.4783
2.71359
2.77816
2.69766
2.53451
2.29395
1.96643
1.55969
1.10376
0.640778
0.211151
-0.156245
-0.447481
-0.661844
-0.807708
-0.898284
-0.948279
-0.971621
-0.980115
-0.982883
-0.986422
-0.995051
-1.01144
-1.03704
-1.07228
-1.1169
-1.17211
-1.23829
-1.30067
-1.33599
-1.33846
-1.3118
-1.26471
-1.21024
-1.16273
-1.13384
-1.12943
-1.14826
-1.18174
-1.21322
-1.21489
-1.14182
-0.927546
-0.490927
-1.82331
-1.72343
-1.68328
-1.61893
-1.50893
-1.40153
-1.2988
-1.19397
-1.08572
-0.955595
-0.795381
-0.598297
-0.358613
-0.0760483
0.244491
0.597782
0.97903
1.3774
1.78587
2.23584
2.58867
2.73191
2.69245
2.56845
2.374
2.08082
1.68081
1.20315
0.700486
0.226081
-0.182195
-0.506594
-0.746093
-0.910167
-1.01326
-1.07112
-1.09859
-1.10838
-1.11046
-1.11192
-1.11738
-1.12956
-1.14983
-1.17863
-1.21557
-1.26004
-1.31412
-1.37456
-1.4211
-1.43786
-1.425
-1.38832
-1.33789
-1.28676
-1.24776
-1.23002
-1.23662
-1.26398
-1.30191
-1.33284
-1.3286
-1.24369
-1.00988
-0.542043
-1.94049
-1.79623
-1.73172
-1.60459
-1.47575
-1.35697
-1.24908
-1.14559
-1.03922
-0.912887
-0.757239
-0.563817
-0.328922
-0.053523
0.265398
0.618016
0.999182
1.43481
1.97126
2.4242
2.6365
2.63449
2.55031
2.41324
2.17557
1.80392
1.31873
0.78112
0.260135
-0.193326
-0.555121
-0.823106
-1.00799
-1.12577
-1.19329
-1.22623
-1.23807
-1.23958
-1.23864
-1.24039
-1.24781
-1.26233
-1.28437
-1.31363
-1.34921
-1.39052
-1.44032
-1.49034
-1.51848
-1.51841
-1.49354
-1.4509
-1.40094
-1.35587
-1.32656
-1.31969
-1.33604
-1.3702
-1.41082
-1.43977
-1.42878
-1.3322
-1.08069
-0.58597
-2.03264
-1.84361
-1.72907
-1.5646
-1.41733
-1.29022
-1.18046
-1.08023
-0.978479
-0.859521
-0.713238
-0.530348
-0.309918
-0.0441843
0.261458
0.665107
1.19398
1.74222
2.23161
2.47455
2.5025
2.46014
2.38733
2.22224
1.90403
1.43462
0.876137
0.312754
-0.187637
-0.590367
-0.889972
-1.09788
-1.23186
-1.31017
-1.34934
-1.36351
-1.36423
-1.36022
-1.35739
-1.35925
-1.36749
-1.38262
-1.40434
-1.43185
-1.46384
-1.50033
-1.54288
-1.57824
-1.58966
-1.57679
-1.54437
-1.49999
-1.45373
-1.41644
-1.39702
-1.40005
-1.42455
-1.46383
-1.50571
-1.53174
-1.51371
-1.40604
-1.13888
-0.621699
-2.09736
-1.85419
-1.68311
-1.49335
-1.33321
-1.20143
-1.09211
-0.996892
-0.904049
-0.797646
-0.664975
-0.502302
-0.300309
-0.0129053
0.465596
1.00733
1.53731
1.97729
2.21873
2.27998
2.28921
2.28459
2.19902
1.95325
1.52667
0.970844
0.378101
-0.165744
-0.610858
-0.944614
-1.17746
-1.32871
-1.41831
-1.46393
-1.48041
-1.47999
-1.47221
-1.46393
-1.45941
-1.46084
-1.46898
-1.4836
-1.50387
-1.5285
-1.55594
-1.58694
-1.62089
-1.64103
-1.63915
-1.61775
-1.58191
-1.53904
-1.49838
-1.46924
-1.45881
-1.47007
-1.50081
-1.54347
-1.58534
-1.60781
-1.58275
-1.46481
-1.18406
-0.64877
-2.13239
-1.82665
-1.5996
-1.39358
-1.22497
-1.09039
-0.983481
-0.898355
-0.819549
-0.729701
-0.619796
-0.481439
-0.155887
0.311317
0.840814
1.31908
1.70371
1.91624
2.00231
2.0596
2.11638
2.1035
1.93466
1.57099
1.04475
0.444092
-0.132367
-0.617202
-0.986027
-1.2452
-1.41449
-1.51558
-1.5676
-1.58634
-1.58467
-1.57288
-1.55876
-1.54746
-1.54191
-1.54325
-1.55146
-1.5657
-1.58461
-1.6063
-1.62929
-1.65439
-1.67826
-1.68584
-1.67504
-1.64903
-1.61281
-1.57329
-1.5386
-1.51669
-1.51334
-1.53043
-1.56499
-1.60898
-1.64944
-1.66768
-1.63568
-1.50833
-1.21608
-0.666967
-2.12517
-1.75461
-1.48736
-1.26905
-1.09335
-0.958247
-0.859389
-0.788805
-0.729808
-0.663052
-0.552797
-0.262243
0.182544
0.676146
1.11764
1.4528
1.63326
1.71859
1.80346
1.90229
1.94469
1.84455
1.55188
1.07765
0.494439
-0.0965975
-0.612752
-1.01453
-1.30029
-1.48804
-1.60073
-1.65914
-1.6803
-1.67785
-1.66265
-1.64321
-1.62566
-1.61366
-1.60895
-1.61173
-1.62124
-1.63619
-1.65445
-1.67393
-1.69256
-1.71159
-1.72465
-1.72325
-1.70708
-1.67914
-1.64417
-1.60826
-1.57839
-1.56126
-1.56173
-1.58122
-1.61656
-1.65966
-1.69744
-1.71113
-1.67258
-1.53684
-1.23516
-0.676342
-2.07266
-1.63868
-1.35131
-1.1209
-0.941196
-0.810984
-0.725198
-0.67596
-0.640271
-0.556229
-0.325715
0.0538831
0.516356
0.93879
1.24367
1.4008
1.46984
1.55066
1.66049
1.7335
1.68728
1.46435
1.05597
0.513497
-0.0700355
-0.603384
-1.03188
-1.34246
-1.54853
-1.67291
-1.73797
-1.76217
-1.76007
-1.74316
-1.72033
-1.69836
-1.68174
-1.67277
-1.67197
-1.67865
-1.69164
-1.70923
-1.7289
-1.74868
-1.76581
-1.78317
-1.7887
-1.77733
-1.75293
-1.71984
-1.68259
-1.64643
-1.61732
-1.6011
-1.60202
-1.62118
-1.65531
-1.69618
-1.73053
-1.73935
-1.69434
-1.55092
-1.24153
-0.677018
-1.98521
-1.49534
-1.19224
-0.953328
-0.774375
-0.654251
-0.589134
-0.562949
-0.522573
-0.361745
-0.0690981
0.340945
0.763064
1.07534
1.23466
1.28359
1.33331
1.41778
1.49074
1.47828
1.31635
0.978219
0.492734
-0.0623057
-0.595515
-1.04061
-1.37183
-1.59513
-1.73136
-1.80372
-1.83223
-1.83262
-1.81707
-1.79497
-1.77306
-1.75597
-1.74609
-1.74374
-1.74759
-1.75624
-1.76696
-1.77698
-1.78334
-1.78625
-1.79064
-1.79138
-1.78049
-1.75936
-1.73051
-1.69687
-1.66208
-1.63063
-1.6077
-1.59826
-1.60572
-1.63039
-1.66838
-1.71097
-1.74461
-1.75026
-1.69992
-1.54992
-1.23466
-0.668472
-1.86089
-1.32953
-1.01458
-0.771211
-0.598281
-0.496365
-0.455866
-0.45186
-0.364705
-0.164896
0.155053
0.561299
0.910148
1.1127
1.16508
1.16933
1.19516
1.23466
1.23158
1.11781
0.848971
0.43078
-0.0782979
-0.593693
-1.04286
-1.38832
-1.62676
-1.77481
-1.85515
-1.88861
-1.89165
-1.87651
-1.85232
-1.82578
-1.80139
-1.7825
-1.76959
-1.76258
-1.75995
-1.76217
-1.76748
-1.77432
-1.78041
-1.78349
-1.78537
-1.77696
-1.75894
-1.73349
-1.70307
-1.67028
-1.63829
-1.61097
-1.59274
-1.58784
-1.59908
-1.62647
-1.66593
-1.70861
-1.74078
-1.74325
-1.68811
-1.53256
-1.2134
-0.649763
-1.69217
-1.14601
-0.822421
-0.579533
-0.420568
-0.34305
-0.33088
-0.315754
-0.210166
0.00378758
0.346679
0.717656
0.981948
1.08361
1.05835
1.01702
0.999798
0.978755
0.891796
0.682697
0.334749
-0.116221
-0.598483
-1.03894
-1.39112
-1.64176
-1.80127
-1.88981
-1.92785
-1.93206
-1.91497
-1.88622
-1.85338
-1.82124
-1.79381
-1.77359
-1.7618
-1.75736
-1.75886
-1.76394
-1.77051
-1.77668
-1.77945
-1.77789
-1.77041
-1.7531
-1.72858
-1.69916
-1.66716
-1.63486
-1.60492
-1.58056
-1.56547
-1.56323
-1.57625
-1.6044
-1.64368
-1.68537
-1.71571
-1.71534
-1.65631
-1.49669
-1.17608
-0.6197
-1.47512
-0.944833
-0.619628
-0.385391
-0.247769
-0.198512
-0.214395
-0.190987
-0.0743957
0.160765
0.489397
0.787524
0.950862
0.954537
0.87856
0.809043
0.753793
0.670887
0.504095
0.220356
-0.167636
-0.605936
-1.02684
-1.37842
-1.63821
-1.8087
-1.90593
-1.94878
-1.95429
-1.93634
-1.90446
-1.86753
-1.83155
-1.80119
-1.77848
-1.7642
-1.75759
-1.7572
-1.76075
-1.76561
-1.77001
-1.77089
-1.76623
-1.75664
-1.73743
-1.71116
-1.68034
-1.64711
-1.61353
-1.58151
-1.5532
-1.53116
-1.51844
-1.518
-1.53188
-1.55984
-1.59808
-1.63817
-1.66654
-1.66379
-1.60197
-1.44
-1.12081
-0.576958
-1.24196
-0.734635
-0.413902
-0.195761
-0.0841087
-0.0639729
-0.0976228
-0.0732996
0.0531743
0.290041
0.567677
0.774194
0.837489
0.777672
0.678251
0.586579
0.489879
0.344474
0.110504
-0.21851
-0.608565
-1.00265
-1.34788
-1.61395
-1.7952
-1.90174
-1.95092
-1.95968
-1.94194
-1.91035
-1.87357
-1.83766
-1.80659
-1.78209
-1.76495
-1.7549
-1.75077
-1.75063
-1.75181
-1.75212
-1.74959
-1.74103
-1.72588
-1.70462
-1.67412
-1.63967
-1.60336
-1.56707
-1.53251
-1.50121
-1.47483
-1.45537
-1.44518
-1.44666
-1.4614
-1.48905
-1.52602
-1.5643
-1.59071
-1.58601
-1.52241
-1.35997
-1.04556
-0.520147
-1.00888
-0.522636
-0.212296
-0.0159282
0.0701092
0.0634818
0.0160742
0.043586
0.175246
0.385872
0.59058
0.702788
0.692218
0.598744
0.484786
0.368954
0.228617
0.0274709
-0.253149
-0.597472
-0.961952
-1.29717
-1.5674
-1.75901
-1.87672
-1.93377
-1.94741
-1.93398
-1.90583
-1.87173
-1.83704
-1.80506
-1.7781
-1.75706
-1.74193
-1.7319
-1.72559
-1.72059
-1.71473
-1.7064
-1.69264
-1.67197
-1.64563
-1.61172
-1.57217
-1.53151
-1.49149
-1.45367
-1.41939
-1.38982
-1.36619
-1.34993
-1.34279
-1.34654
-1.36234
-1.38971
-1.4253
-1.46158
-1.48591
-1.47945
-1.41492
-1.25399
-0.948272
-0.447944
-0.776303
-0.314889
-0.021612
0.150086
0.211056
0.180656
0.129873
0.160433
0.287519
0.451354
0.580534
0.613334
0.552841
0.439598
0.310816
0.167051
-0.015821
-0.26064
-0.565787
-0.901775
-1.22498
-1.49798
-1.70027
-1.8288
-1.89566
-1.91804
-1.91185
-1.88937
-1.85836
-1.8243
-1.7908
-1.76012
-1.73364
-1.71167
-1.69378
-1.67906
-1.66586
-1.65206
-1.63625
-1.61677
-1.59106
-1.55887
-1.52204
-1.47892
-1.43389
-1.39014
-1.34901
-1.31169
-1.27916
-1.25225
-1.2318
-1.2188
-1.21445
-1.21998
-1.23615
-1.26242
-1.2957
-1.32904
-1.35049
-1.34191
-1.27697
-1.11969
-0.827171
-0.359346
-0.550468
-0.119944
0.14844
0.296642
0.331811
0.280252
0.242602
0.280462
0.387653
0.496104
0.554835
0.528818
0.434885
0.306052
0.158869
-0.0153006
-0.235956
-0.510094
-0.820393
-1.1311
-1.40348
-1.61264
-1.75307
-1.83357
-1.86865
-1.87273
-1.85665
-1.82874
-1.79476
-1.75877
-1.72343
-1.69042
-1.66056
-1.63386
-1.60981
-1.58759
-1.56542
-1.54216
-1.51683
-1.48678
-1.45132
-1.41152
-1.36707
-1.32008
-1.27367
-1.23008
-1.19026
-1.15503
-1.12504
-1.10082
-1.0829
-1.07191
-1.06864
-1.07393
-1.08825
-1.11103
-1.13957
-1.16764
-1.18422
-1.17226
-1.10702
-0.955646
-0.681443
-0.25412
-0.338935
0.0525634
0.292238
0.41375
0.42406
0.381323
0.365035
0.405033
0.47558
0.526527
0.526447
0.457144
0.338686
0.193422
0.0248567
-0.178037
-0.424932
-0.707897
-1.00012
-1.26769
-1.48502
-1.64197
-1.74165
-1.79421
-1.81101
-1.80292
-1.77866
-1.74488
-1.70633
-1.66633
-1.62705
-1.58975
-1.55494
-1.52247
-1.49202
-1.46261
-1.433
-1.40265
-1.3702
-1.33363
-1.29255
-1.24891
-1.20181
-1.15512
-1.11045
-1.06921
-1.03199
-0.999276
-0.971429
-0.948731
-0.931472
-0.920028
-0.914909
-0.916671
-0.92562
-0.941247
-0.961302
-0.980464
-0.989003
-0.971561
-0.905744
-0.762647
-0.512253
-0.133507
-0.148482
0.196178
0.401283
0.494128
0.502463
0.495679
0.501108
0.528765
0.554909
0.552174
0.505905
0.407246
0.272753
0.114791
-0.0694445
-0.288415
-0.542076
-0.8141
-1.07749
-1.3073
-1.48701
-1.61213
-1.6868
-1.72031
-1.72303
-1.70449
-1.67243
-1.63273
-1.5896
-1.54585
-1.5032
-1.46255
-1.4241
-1.38775
-1.35322
-1.31938
-1.28587
-1.25209
-1.21571
-1.17624
-1.13401
-1.08936
-1.04384
-0.99985
-0.958335
-0.920064
-0.885335
-0.854348
-0.827225
-0.804046
-0.784919
-0.77004
-0.759721
-0.754338
-0.754099
-0.758617
-0.766162
-0.772472
-0.769498
-0.74424
-0.677537
-0.545191
-0.323988
-0.00107042
0.0157111
0.303516
0.468136
0.549631
0.585752
0.624543
0.641442
0.647747
0.633503
0.591704
0.516772
0.403909
0.263734
0.100313
-0.092295
-0.317956
-0.569229
-0.829324
-1.07364
-1.27994
-1.43549
-1.53826
-1.59394
-1.61211
-1.60299
-1.57573
-1.53768
-1.49421
-1.44894
-1.40407
-1.36081
-1.31963
-1.28052
-1.24345
-1.20785
-1.173
-1.13882
-1.10418
-1.0673
-1.02777
-0.986825
-0.943614
-0.901292
-0.860693
-0.822277
-0.786375
-0.753052
-0.722297
-0.694045
-0.668222
-0.644794
-0.623816
-0.605462
-0.589986
-0.577566
-0.567989
-0.560085
-0.550743
-0.533851
-0.499294
-0.43189
-0.312744
-0.125248
0.136641
0.138363
0.360286
0.497394
0.588988
0.660443
0.73571
0.757111
0.745287
0.706061
0.645555
0.560678
0.446183
0.308012
0.144541
-0.0512912
-0.278253
-0.529154
-0.782897
-1.01478
-1.20432
-1.3414
-1.42618
-1.46593
-1.47121
-1.45277
-1.4198
-1.3792
-1.3356
-1.29178
-1.24922
-1.20854
-1.16982
-1.13296
-1.09786
-1.06375
-1.03046
-0.99778
-0.963945
-0.928412
-0.89092
-0.852059
-0.8122
-0.773323
-0.735752
-0.699634
-0.66502
-0.63181
-0.599847
-0.568943
-0.538914
-0.509619
-0.481011
-0.453162
-0.426263
-0.400511
-0.375907
-0.351846
-0.326356
-0.295296
-0.251627
-0.184505
-0.0805899
0.0705771
0.269672
0.203747
0.364755
0.486021
0.592909
0.691347
0.789755
0.819764
0.805252
0.762202
0.703919
0.626391
0.521271
0.391811
0.233038
0.0388564
-0.189317
-0.440489
-0.690692
-0.914202
-1.09121
-1.21308
-1.28211
-1.30781
-1.30246
-1.27759
-1.2422
-1.2024
-1.16181
-1.12224
-1.08444
-1.04851
-1.01425
-0.981498
-0.94996
-0.918992
-0.888687
-0.858468
-0.826904
-0.793889
-0.759578
-0.723757
-0.687728
-0.652233
-0.61733
-0.582988
-0.549099
-0.515473
-0.481879
-0.448062
-0.413777
-0.37882
-0.34307
-0.306534
-0.269358
-0.23177
-0.193958
-0.155806
-0.116334
-0.0731853
-0.0222146
0.0431884
0.130987
0.246126
0.385206
0.202389
0.31153
0.421934
0.538619
0.652668
0.765678
0.81439
0.816852
0.792801
0.756281
0.703015
0.620007
0.505331
0.354743
0.16332
-0.0665908
-0.319978
-0.570469
-0.789861
-0.957343
-1.06549
-1.11948
-1.13189
-1.11699
-1.08694
-1.05028
-1.01215
-0.975105
-0.940115
-0.907288
-0.87633
-0.846844
-0.818577
-0.791032
-0.763854
-0.737072
-0.709923
-0.681797
-0.652411
-0.622144
-0.590718
-0.559149
-0.52756
-0.49588
-0.463991
-0.431726
-0.398869
-0.36517
-0.330357
-0.29416
-0.256334
-0.216693
-0.175157
-0.13178
-0.0867288
-0.0402368
0.00752822
0.0568234
0.108564
0.16442
0.227218
0.300037
0.383032
0.46979
0.119943
0.185384
0.283123
0.400651
0.522442
0.648905
0.727798
0.765758
0.781265
0.78466
0.772041
0.727418
0.635139
0.496311
0.305923
0.0709609
-0.190701
-0.448122
-0.668199
-0.827771
-0.921174
-0.957704
-0.953853
-0.926212
-0.887621
-0.846299
-0.806579
-0.770168
-0.737299
-0.707535
-0.680199
-0.65467
-0.630509
-0.607138
-0.584272
-0.561815
-0.539149
-0.516018
-0.492287
-0.46804
-0.443195
-0.418035
-0.392509
-0.366503
-0.339881
-0.312476
-0.284082
-0.254462
-0.223346
-0.19044
-0.155438
-0.118038
-0.0779846
-0.0350948
0.0107245
0.05945
0.110946
0.165117
0.221886
0.28101
0.342184
0.404284
0.463248
0.510213
