0.000679656
0.00185596
0.00308834
0.00434297
0.00559673
0.00683095
0.00802898
0.00917522
0.0102548
0.0112535
0.012158
0.0129559
0.013636
0.0141885
0.014605
0.014879
0.0150039
0.0149726
0.0147877
0.0144511
0.0139668
0.0133406
0.0125803
0.0116954
0.010697
0.00959749
0.00841069
0.00715133
0.00583498
0.00447786
0.00309665
0.00170842
0.000289869
-0.00114402
-0.00256775
-0.0039599
-0.00530245
-0.00658029
-0.00778061
-0.00889247
-0.00990643
-0.0108143
-0.0116089
-0.0122841
-0.0128349
-0.0132572
-0.0135479
-0.0137052
-0.0137285
-0.0136181
-0.0133757
-0.0130043
-0.0125078
-0.0118917
-0.0111625
-0.0103278
-0.00939644
-0.00837806
-0.0072834
-0.00612407
-0.00491253
-0.00366208
-0.0023869
-0.00110225
0.00185596
0.00487896
0.00796563
0.0110515
0.014092
0.0170498
0.0198909
0.0225829
0.0250947
0.0273966
0.0294607
0.0312612
0.0327749
0.0339814
0.0348639
0.0354094
0.0356119
0.0354709
0.0349758
0.034127
0.0329308
0.0313986
0.029547
0.0273964
0.0249716
0.0223005
0.0194143
0.0163465
0.0131327
0.0098101
0.00641705
0.00299222
-0.000488733
-0.0040542
-0.00765724
-0.0112458
-0.0147677
-0.0181735
-0.0214172
-0.0244571
-0.0272559
-0.0297808
-0.032003
-0.0338981
-0.0354459
-0.0366303
-0.0374395
-0.0378657
-0.0379136
-0.037584
-0.0368752
-0.0357946
-0.0343546
-0.0325723
-0.0304688
-0.0280693
-0.0254029
-0.0225026
-0.019405
-0.0161505
-0.0127836
-0.00935258
-0.00591086
-0.00251798
0.00308834
0.00796563
0.0129262
0.017867
0.0227175
0.0274201
0.0319224
0.0361749
0.0401305
0.0437442
0.046974
0.0497809
0.0521302
0.0539914
0.0553397
0.0561555
0.05645
0.0562588
0.0555265
0.0542407
0.0524024
0.0500232
0.0471235
0.0437323
0.0398854
0.0356254
0.0310002
0.0260626
0.0208694
0.0154801
0.00995686
0.00436259
-0.00131977
-0.0071472
-0.0130477
-0.0189374
-0.0247297
-0.030341
-0.0356931
-0.0407144
-0.0453407
-0.0495155
-0.0531894
-0.0563207
-0.0588747
-0.060824
-0.0621484
-0.0628346
-0.062903
-0.0623558
-0.0611802
-0.0593862
-0.0569933
-0.0540294
-0.0505296
-0.046536
-0.0420976
-0.0372701
-0.032116
-0.0267046
-0.0211127
-0.0154254
-0.00973733
-0.00415641
0.00434297
0.0110515
0.017867
0.0246463
0.0312912
0.0377223
0.0438683
0.0496629
0.0550431
0.0599492
0.0643254
0.0681205
0.0712887
0.0737902
0.0755924
0.07667
0.0770685
0.0768931
0.0760105
0.0743826
0.0719955
0.068854
0.0649778
0.0604004
0.0551673
0.0493342
0.0429663
0.0361361
0.0289228
0.0214104
0.0136864
0.00584064
-0.00213024
-0.0102926
-0.018546
-0.0267745
-0.0348592
-0.0426845
-0.0501426
-0.0571348
-0.0635724
-0.0693772
-0.074481
-0.0788261
-0.0823645
-0.0850583
-0.0868797
-0.0878106
-0.0878941
-0.0871354
-0.0855056
-0.0830152
-0.0796896
-0.0755663
-0.0706933
-0.0651286
-0.0589401
-0.0522051
-0.0450104
-0.0374532
-0.0296415
-0.0216959
-0.0137522
-0.00596681
0.00559673
0.014092
0.0227175
0.0312912
0.0396867
0.0478023
0.055548
0.0628407
0.069602
0.0757583
0.0812411
0.0859874
0.0899415
0.0930551
0.0952886
0.0966118
0.0971207
0.0970251
0.0960815
0.094212
0.0913779
0.0875696
0.0828012
0.0771079
0.0705428
0.0631751
0.0550875
0.0463736
0.0371363
0.0274857
0.0175367
0.00740722
-0.00288745
-0.0134044
-0.0240126
-0.0345652
-0.0449133
-0.0549132
-0.0644306
-0.0733428
-0.0815393
-0.0889226
-0.0954077
-0.100922
-0.105406
-0.108812
-0.111105
-0.112262
-0.112355
-0.111394
-0.10933
-0.106172
-0.101951
-0.096713
-0.0905169
-0.083436
-0.0755554
-0.0669726
-0.0577974
-0.0481526
-0.0381756
-0.0280201
-0.0178608
-0.0079001
0.00683095
0.0170498
0.0274201
0.0377223
0.0478023
0.0575364
0.0668162
0.0755421
0.0836213
0.090967
0.0974988
0.103144
0.107837
0.111522
0.114155
0.1157
0.116319
0.116361
0.115441
0.113428
0.110248
0.10587
0.100299
0.093568
0.0857378
0.0768911
0.0671294
0.0565689
0.0453379
0.0335737
0.0214196
0.0090225
-0.00358044
-0.0164216
-0.0293385
-0.0421557
-0.0546973
-0.066795
-0.0782916
-0.0890433
-0.0989208
-0.107809
-0.115609
-0.122233
-0.127612
-0.13169
-0.134423
-0.135787
-0.135885
-0.134733
-0.13226
-0.128473
-0.123407
-0.117113
-0.109663
-0.101143
-0.0916545
-0.0813127
-0.0702487
-0.058609
-0.0465575
-0.0342784
-0.0219814
-0.0099109
0.00802898
0.0198909
0.0319224
0.0438683
0.055548
0.0668162
0.0775463
0.0876231
0.0969401
0.105399
0.112907
0.119385
0.124757
0.128964
0.131955
0.133692
0.134414
0.134641
0.133821
0.131755
0.128325
0.123474
0.117189
0.109503
0.100484
0.0902297
0.0788606
0.0665175
0.0533554
0.0395396
0.0252425
0.0106391
-0.00420869
-0.0192974
-0.0344344
-0.0494177
-0.0640482
-0.0781362
-0.0915049
-0.103992
-0.115453
-0.125756
-0.134788
-0.142452
-0.148666
-0.153368
-0.156508
-0.158057
-0.158154
-0.156824
-0.153973
-0.149603
-0.143751
-0.136476
-0.127857
-0.117994
-0.107001
-0.0950123
-0.0821766
-0.0686619
-0.0546559
-0.0403696
-0.0260436
-0.0119589
0.00917522
0.0225829
0.0361749
0.0496629
0.0628407
0.0755421
0.0876231
0.0989536
0.109414
0.118896
0.127297
0.134529
0.140512
0.145181
0.148481
0.150374
0.151185
0.151635
0.150979
0.148941
0.14535
0.140113
0.133204
0.124651
0.11453
0.102952
0.090063
0.0760271
0.0610271
0.0452569
0.0289174
0.0122107
-0.00477518
-0.0219937
-0.0392241
-0.0562414
-0.0728265
-0.0887713
-0.103882
-0.117982
-0.13091
-0.142522
-0.152693
-0.161316
-0.168299
-0.173571
-0.17708
-0.17879
-0.178882
-0.17739
-0.174195
-0.169295
-0.162727
-0.154555
-0.144866
-0.133771
-0.121397
-0.107892
-0.0934225
-0.0781755
-0.0623591
-0.0462075
-0.0299873
-0.0140098
0.0102548
0.0250947
0.0401305
0.0550431
0.069602
0.0836213
0.0969401
0.109414
0.120913
0.131316
0.140515
0.148415
0.154931
0.159995
0.16355
0.165559
0.16644
0.167138
0.166698
0.164756
0.161082
0.155545
0.1481
0.138771
0.127641
0.114842
0.100539
0.0849248
0.068209
0.0506136
0.0323672
0.0136964
-0.00528241
-0.024477
-0.0436419
-0.0625324
-0.0809121
-0.0985579
-0.115262
-0.130833
-0.145098
-0.157902
-0.169108
-0.178598
-0.186275
-0.19206
-0.195894
-0.197741
-0.197822
-0.196186
-0.192687
-0.187316
-0.18011
-0.171136
-0.160489
-0.148287
-0.13467
-0.119797
-0.103851
-0.0870345
-0.0695726
-0.051719
-0.0337615
-0.016035
0.0112535
0.0273966
0.0437442
0.0599492
0.0757583
0.090967
0.105399
0.118896
0.131316
0.142531
0.152426
0.1609
0.167865
0.173251
0.177003
0.179082
0.180011
0.180971
0.180785
0.178995
0.175306
0.169549
0.161654
0.151645
0.139613
0.125707
0.110117
0.0930615
0.074778
0.0555153
0.0355277
0.0150639
-0.0057304
-0.0267172
-0.0476302
-0.0682084
-0.0882015
-0.107373
-0.125504
-0.142391
-0.15785
-0.171716
-0.183842
-0.194102
-0.202391
-0.208624
-0.212739
-0.214694
-0.214759
-0.212997
-0.209235
-0.203459
-0.195702
-0.186032
-0.174551
-0.161381
-0.146673
-0.130597
-0.113348
-0.0951411
-0.0762166
-0.0568429
-0.0373241
-0.018012
0.012158
0.0294607
0.046974
0.0643254
0.0812411
0.0974988
0.112907
0.127297
0.140515
0.152426
0.162908
0.171857
0.179184
0.184817
0.188703
0.190807
0.191757
0.19298
0.193073
0.191478
0.187835
0.18193
0.173673
0.163084
0.150265
0.135382
0.11865
0.100312
0.0806324
0.0598852
0.0383485
0.0162892
-0.00611622
-0.0286864
-0.0511387
-0.073199
-0.0946057
-0.115112
-0.134489
-0.152523
-0.169021
-0.183809
-0.196732
-0.207656
-0.21647
-0.223083
-0.227427
-0.229459
-0.229501
-0.227633
-0.223655
-0.217544
-0.20933
-0.19908
-0.186897
-0.172912
-0.157279
-0.14018
-0.121815
-0.102413
-0.0822243
-0.0615286
-0.0406408
-0.0199238
0.0129559
0.0312612
0.0497809
0.0681205
0.0859874
0.103144
0.119385
0.134529
0.148415
0.1609
0.171857
0.18118
0.188778
0.194581
0.198538
0.200618
0.201564
0.203042
0.203424
0.202056
0.198508
0.192523
0.183993
0.17293
0.159448
0.143732
0.126018
0.106575
0.0856915
0.0636637
0.0407915
0.0173561
-0.00643435
-0.0303591
-0.0541235
-0.0774437
-0.100049
-0.121686
-0.142115
-0.161116
-0.178489
-0.19405
-0.207639
-0.219115
-0.228359
-0.235278
-0.239798
-0.241873
-0.241882
-0.239928
-0.235783
-0.229413
-0.220841
-0.210136
-0.197398
-0.182759
-0.166381
-0.148449
-0.129171
-0.108782
-0.0875415
-0.0657352
-0.043685
-0.0217581
0.013636
0.0327749
0.0521302
0.0712887
0.0899415
0.107837
0.124757
0.140512
0.154931
0.167865
0.179184
0.188778
0.196557
0.202454
0.20642
0.20843
0.209344
0.211058
0.21173
0.210607
0.207195
0.201195
0.192477
0.181052
0.167041
0.150647
0.132127
0.111772
0.089893
0.0668062
0.0428296
0.0182551
-0.00667748
-0.0317125
-0.0565475
-0.0808923
-0.10447
-0.12702
-0.148299
-0.168078
-0.186152
-0.202331
-0.216447
-0.228356
-0.237933
-0.245079
-0.249717
-0.251797
-0.251761
-0.249738
-0.245475
-0.238925
-0.230105
-0.219076
-0.205937
-0.19082
-0.173887
-0.155325
-0.135348
-0.114194
-0.0921243
-0.0694307
-0.046436
-0.0235068
0.0141885
0.0339814
0.0539914
0.0737902
0.0930551
0.111522
0.128964
0.145181
0.159995
0.173251
0.184817
0.194581
0.202454
0.208369
0.212285
0.214181
0.215039
0.216963
0.217911
0.217041
0.213797
0.207841
0.199022
0.187349
0.17295
0.156043
0.136904
0.115844
0.0931917
0.0692812
0.044445
0.0189814
-0.00683753
-0.0327268
-0.0583804
-0.0835045
-0.107819
-0.131058
-0.152974
-0.173336
-0.19193
-0.208564
-0.223066
-0.235284
-0.24509
-0.25238
-0.257074
-0.259117
-0.259017
-0.256942
-0.252611
-0.245963
-0.237005
-0.225792
-0.212416
-0.197005
-0.179718
-0.160742
-0.140291
-0.118601
-0.0959378
-0.0725897
-0.0488782
-0.0251645
0.014605
0.0348639
0.0553397
0.0755924
0.0952886
0.114155
0.131955
0.148481
0.16355
0.177003
0.188703
0.198538
0.20642
0.212285
0.216095
0.217837
0.218619
0.220719
0.221921
0.221301
0.218248
0.212389
0.203555
0.19175
0.177109
0.159861
0.1403
0.11875
0.0955574
0.0710685
0.0456198
0.019526
-0.00691081
-0.0333884
-0.0596001
-0.0852506
-0.110058
-0.133756
-0.156093
-0.176834
-0.195765
-0.212687
-0.227426
-0.239826
-0.249755
-0.257104
-0.261787
-0.263742
-0.263556
-0.261439
-0.257085
-0.250421
-0.241441
-0.230188
-0.216745
-0.201234
-0.183805
-0.164641
-0.14395
-0.121967
-0.098952
-0.0751904
-0.0509977
-0.0267257
0.014879
0.0354094
0.0561555
0.07667
0.0966118
0.1157
0.133692
0.150374
0.165559
0.179082
0.190807
0.200618
0.20843
0.214181
0.217837
0.219393
0.220084
0.222321
0.223745
0.223363
0.220515
0.2148
0.206033
0.194212
0.179477
0.162066
0.142283
0.120467
0.0969711
0.0721431
0.0463328
0.0198808
-0.00689564
-0.0336886
-0.060192
-0.0861114
-0.111165
-0.135086
-0.157623
-0.178539
-0.197617
-0.214659
-0.229485
-0.241938
-0.25188
-0.259197
-0.263797
-0.265607
-0.2653
-0.263143
-0.258806
-0.252203
-0.243315
-0.23217
-0.218839
-0.203428
-0.186078
-0.16696
-0.146275
-0.124249
-0.101134
-0.0772076
-0.0527761
-0.0281793
0.0150039
0.0356119
0.05645
0.0770685
0.0971207
0.116319
0.134414
0.151185
0.16644
0.180011
0.191757
0.201564
0.209344
0.215039
0.218619
0.220084
0.220765
0.223096
0.224636
0.224355
0.221574
0.215882
0.207096
0.195218
0.180398
0.162882
0.142983
0.121046
0.0974315
0.0724966
0.0465927
0.0200606
-0.00677825
-0.0336139
-0.0601429
-0.0860731
-0.111125
-0.135034
-0.157548
-0.178433
-0.197471
-0.214462
-0.229224
-0.241598
-0.251442
-0.258635
-0.263073
-0.26467
-0.264193
-0.261981
-0.257686
-0.251212
-0.242524
-0.231633
-0.218591
-0.203487
-0.186445
-0.167619
-0.147195
-0.125385
-0.10243
-0.0785961
-0.0541761
-0.0294956
0.0149726
0.0354709
0.0562588
0.0768931
0.0970251
0.116361
0.134641
0.151635
0.167138
0.180971
0.19298
0.203042
0.211058
0.216963
0.220719
0.222321
0.223096
0.225283
0.226534
0.225869
0.222664
0.216556
0.207396
0.195213
0.180165
0.162505
0.142538
0.120603
0.0970476
0.0722203
0.0464625
0.0201062
-0.00653195
-0.0331468
-0.0594411
-0.0851427
-0.109984
-0.133698
-0.156032
-0.17675
-0.195637
-0.212493
-0.227137
-0.239407
-0.249159
-0.256268
-0.260622
-0.262118
-0.261558
-0.259323
-0.255072
-0.248707
-0.240189
-0.229524
-0.216756
-0.201965
-0.185262
-0.166794
-0.146732
-0.125278
-0.102659
-0.0791255
-0.0549565
-0.0304578
0.0147877
0.0349758
0.0555265
0.0760105
0.0960815
0.115441
0.133821
0.150979
0.166698
0.180785
0.193073
0.203424
0.21173
0.217911
0.221921
0.223745
0.224636
0.226534
0.227297
0.22605
0.222254
0.215611
0.206022
0.193539
0.178329
0.16064
0.140765
0.119025
0.0957502
0.0712722
0.045916
0.0199995
-0.0061714
-0.0323007
-0.0581373
-0.0834053
-0.107828
-0.131142
-0.153103
-0.173481
-0.192062
-0.208653
-0.223075
-0.235169
-0.24479
-0.251811
-0.256115
-0.257587
-0.257017
-0.254806
-0.250636
-0.244417
-0.236111
-0.225721
-0.213285
-0.198876
-0.1826
-0.16459
-0.14501
-0.124051
-0.101927
-0.0788792
-0.0551709
-0.031093
0.0144511
0.034127
0.0542407
0.0743826
0.094212
0.113428
0.131755
0.148941
0.164756
0.178995
0.191478
0.202056
0.210607
0.217041
0.221301
0.223363
0.224355
0.225869
0.22605
0.224152
0.219738
0.212583
0.202631
0.189957
0.174731
0.157189
0.137608
0.116286
0.0935311
0.0696521
0.0449549
0.01974
-0.00570121
-0.031107
-0.0562409
-0.0808297
-0.1046
-0.127299
-0.148686
-0.16854
-0.186655
-0.202842
-0.21693
-0.228763
-0.238201
-0.245117
-0.249392
-0.250904
-0.25039
-0.248256
-0.24422
-0.238204
-0.230173
-0.220131
-0.208114
-0.194189
-0.178453
-0.161033
-0.142083
-0.121781
-0.100332
-0.0779621
-0.0549227
-0.031488
0.0139668
0.0329308
0.0524024
0.0719955
0.0913779
0.110248
0.128325
0.14535
0.161082
0.175306
0.187835
0.198508
0.207195
0.213797
0.218248
0.220515
0.221574
0.222664
0.222254
0.219738
0.214781
0.207226
0.197056
0.184363
0.169315
0.152131
0.133068
0.112399
0.0904058
0.0673749
0.0435899
0.0193316
-0.00512544
-0.0295617
-0.0537498
-0.0774224
-0.100315
-0.122183
-0.142798
-0.161946
-0.179432
-0.195075
-0.208711
-0.220193
-0.229386
-0.236169
-0.240423
-0.242023
-0.241625
-0.23962
-0.235776
-0.230027
-0.222344
-0.212735
-0.201233
-0.187901
-0.172831
-0.156141
-0.137973
-0.118497
-0.0979034
-0.0764059
-0.0542403
-0.0316644
0.0133406
0.0313986
0.0500232
0.068854
0.0875696
0.10587
0.123474
0.140113
0.155545
0.169549
0.18193
0.192523
0.201195
0.207841
0.212389
0.2148
0.215882
0.216556
0.215611
0.212583
0.207226
0.199443
0.189249
0.176745
0.162091
0.145492
0.127177
0.107396
0.0864052
0.0644651
0.0418369
0.0187802
-0.00444936
-0.0276765
-0.0506844
-0.0732132
-0.0950097
-0.115841
-0.135489
-0.153754
-0.170451
-0.185409
-0.198476
-0.209512
-0.218394
-0.225005
-0.229235
-0.230957
-0.230722
-0.228896
-0.225302
-0.219886
-0.21263
-0.203543
-0.192658
-0.180035
-0.165759
-0.14994
-0.132711
-0.114229
-0.0946708
-0.0742361
-0.0531443
-0.0316355
0.0125803
0.029547
0.0471235
0.0649778
0.0828012
0.100299
0.117189
0.133204
0.1481
0.161654
0.173673
0.183993
0.192477
0.199022
0.203555
0.206033
0.207096
0.207396
0.206022
0.202631
0.197056
0.189249
0.179248
0.167154
0.153121
0.137331
0.119994
0.10133
0.0815723
0.0609549
0.0397157
0.0180923
-0.00368014
-0.0254708
-0.047076
-0.068245
-0.0887381
-0.108335
-0.126834
-0.144046
-0.159799
-0.173937
-0.186318
-0.196815
-0.205313
-0.211709
-0.215897
-0.21776
-0.217725
-0.216122
-0.212831
-0.207816
-0.201065
-0.192589
-0.182425
-0.170626
-0.157274
-0.142468
-0.126332
-0.109009
-0.0906622
-0.0714753
-0.0516503
-0.0314084
0.0116954
0.0273964
0.0437323
0.0604004
0.0771079
0.093568
0.109503
0.124651
0.138771
0.151645
0.163084
0.17293
0.181052
0.187349
0.19175
0.194212
0.195218
0.195213
0.193539
0.189957
0.184363
0.176745
0.167154
0.155693
0.142499
0.127739
0.111596
0.0942678
0.0759597
0.0568823
0.0372491
0.0172747
-0.0028272
-0.0229698
-0.0429648
-0.0625727
-0.0815688
-0.0997489
-0.116925
-0.132925
-0.14759
-0.160779
-0.172362
-0.182226
-0.190269
-0.196398
-0.200521
-0.202528
-0.202715
-0.201372
-0.198435
-0.193882
-0.187711
-0.179937
-0.170593
-0.159733
-0.147429
-0.133775
-0.11888
-0.102875
-0.0859083
-0.068146
-0.0497712
-0.030985
0.010697
0.0249716
0.0398854
0.0551673
0.0705428
0.0857378
0.100484
0.11453
0.127641
0.139613
0.150265
0.159448
0.167041
0.17295
0.177109
0.179477
0.180398
0.180165
0.178329
0.174731
0.169315
0.162091
0.153121
0.142499
0.130352
0.116824
0.102078
0.0862861
0.0696284
0.0522908
0.0344626
0.0163345
-0.00190247
-0.0202039
-0.0383987
-0.0562612
-0.0735835
-0.0901781
-0.105874
-0.120514
-0.133958
-0.146077
-0.156757
-0.1659
-0.173416
-0.179226
-0.18325
-0.18539
-0.18581
-0.184753
-0.182213
-0.178181
-0.17266
-0.16567
-0.157244
-0.14743
-0.136295
-0.123922
-0.110409
-0.0958725
-0.0804443
-0.064272
-0.0475187
-0.0303642
0.00959749
0.0223005
0.0356254
0.0493342
0.0631751
0.0768911
0.0902297
0.102952
0.114842
0.125707
0.135382
0.143732
0.150647
0.156043
0.159861
0.162066
0.162882
0.162505
0.16064
0.157189
0.152131
0.145492
0.137331
0.127739
0.116824
0.104714
0.0915474
0.0774728
0.0626461
0.0472282
0.0313834
0.0152782
-0.000920595
-0.0172087
-0.0334337
-0.0493862
-0.0648763
-0.0797346
-0.0938078
-0.106957
-0.119058
-0.129998
-0.13968
-0.148017
-0.154936
-0.160372
-0.164257
-0.166508
-0.167156
-0.166406
-0.164298
-0.160836
-0.15603
-0.1499
-0.142479
-0.133812
-0.123956
-0.112985
-0.100984
-0.0880546
-0.0743104
-0.0598797
-0.0449048
-0.0295424
0.00841069
0.0194143
0.0310002
0.0429663
0.0550875
0.0671294
0.0788606
0.090063
0.100539
0.110117
0.11865
0.126018
0.132127
0.136904
0.1403
0.142283
0.142983
0.142538
0.140765
0.137608
0.133068
0.127177
0.119994
0.111596
0.102078
0.0915474
0.0801207
0.0679233
0.0550864
0.0417458
0.0280405
0.0141116
0.000100603
-0.0140255
-0.0281339
-0.0420335
-0.055554
-0.068545
-0.0808722
-0.0924151
-0.103066
-0.112731
-0.121326
-0.128782
-0.135038
-0.140043
-0.143744
-0.146071
-0.146933
-0.146499
-0.14485
-0.141998
-0.137961
-0.132759
-0.126423
-0.118991
-0.110514
-0.101053
-0.0906815
-0.0794826
-0.0675525
-0.0549991
-0.0419422
-0.0285148
0.00715133
0.0163465
0.0260626
0.0361361
0.0463736
0.0565689
0.0665175
0.0760271
0.0849248
0.0930615
0.100312
0.106575
0.111772
0.115844
0.11875
0.120467
0.121046
0.120603
0.119025
0.116286
0.112399
0.107396
0.10133
0.0942678
0.0862861
0.0774728
0.0679233
0.0577392
0.0470272
0.0358977
0.0244636
0.0128393
0.00113963
-0.010702
-0.0225723
-0.0343006
-0.0457371
-0.0567515
-0.067229
-0.0770679
-0.0861789
-0.0944842
-0.101917
-0.108422
-0.113953
-0.118472
-0.121938
-0.124299
-0.125345
-0.125227
-0.124054
-0.121846
-0.118622
-0.114404
-0.109219
-0.103099
-0.0960869
-0.0882304
-0.0795879
-0.0702267
-0.0602232
-0.0496639
-0.0386456
-0.0272764
0.00583498
0.0131327
0.0208694
0.0289228
0.0371363
0.0453379
0.0533554
0.0610271
0.068209
0.074778
0.0806324
0.0856915
0.089893
0.0931917
0.0955574
0.0969711
0.0974315
0.0970476
0.0957502
0.0935311
0.0904058
0.0864052
0.0815723
0.0759597
0.0696284
0.0626461
0.0550864
0.0470272
0.0385504
0.0297402
0.0206825
0.011464
0.00217048
-0.00729338
-0.0168322
-0.0262979
-0.0355616
-0.0445138
-0.0530598
-0.061117
-0.0686143
-0.075491
-0.0816964
-0.0871894
-0.0919375
-0.0959145
-0.0990941
-0.101435
-0.102624
-0.102813
-0.102123
-0.100579
-0.0982011
-0.0950111
-0.0910307
-0.0862859
-0.0808075
-0.0746319
-0.0678017
-0.0603662
-0.0523818
-0.0439129
-0.0350324
-0.0258228
0.00447786
0.0098101
0.0154801
0.0214104
0.0274857
0.0335737
0.0395396
0.0452569
0.0506136
0.0555153
0.0598852
0.0636637
0.0668062
0.0692812
0.0710685
0.0721431
0.0724966
0.0722203
0.0712722
0.0696521
0.0673749
0.0644651
0.0609549
0.0568823
0.0522908
0.0472282
0.0417458
0.0358977
0.0297402
0.0233306
0.0167268
0.00998543
0.00316143
-0.00386383
-0.0110099
-0.0181518
-0.0251825
-0.0320133
-0.0385697
-0.0447884
-0.0506164
-0.0560101
-0.0609342
-0.0653619
-0.0692735
-0.0726544
-0.0754897
-0.0777503
-0.0790272
-0.0795043
-0.0792934
-0.0784222
-0.0769115
-0.0747791
-0.0720417
-0.068717
-0.0648247
-0.0603878
-0.0554326
-0.0499899
-0.0440953
-0.0377905
-0.0311238
-0.0241518
0.00309665
0.00641705
0.00995686
0.0136864
0.0175367
0.0214196
0.0252425
0.0289174
0.0323672
0.0355277
0.0383485
0.0407915
0.0428296
0.044445
0.0456198
0.0463328
0.0465927
0.0464625
0.045916
0.0449549
0.0435899
0.0418369
0.0397157
0.0372491
0.0344626
0.0313834
0.0280405
0.0244636
0.0206825
0.0167268
0.0126241
0.00839937
0.00407304
-0.000489909
-0.00521813
-0.0100099
-0.0147797
-0.0194596
-0.0239947
-0.028341
-0.0324633
-0.0363346
-0.039935
-0.0432512
-0.0462756
-0.0490046
-0.0514335
-0.0535333
-0.0548428
-0.0555767
-0.0558294
-0.0556275
-0.0549893
-0.0539285
-0.0524552
-0.0505777
-0.0483041
-0.0456428
-0.0426034
-0.0391975
-0.0354396
-0.0313481
-0.0269465
-0.0222651
0.00170842
0.00299222
0.00436259
0.00584064
0.00740722
0.0090225
0.0106391
0.0122107
0.0136964
0.0150639
0.0162892
0.0173561
0.0182551
0.0189814
0.019526
0.0198808
0.0200606
0.0201062
0.0199995
0.01974
0.0193316
0.0187802
0.0180923
0.0172747
0.0163345
0.0152782
0.0141116
0.0128393
0.011464
0.00998543
0.00839937
0.00669562
0.00485507
0.00273449
0.00040584
-0.00205057
-0.00456974
-0.00710338
-0.00961575
-0.012081
-0.0144815
-0.0168063
-0.0190504
-0.0212141
-0.0233015
-0.0253192
-0.0272722
-0.0290912
-0.0303794
-0.0313295
-0.0320181
-0.0324677
-0.0326926
-0.0327006
-0.0324941
-0.0320712
-0.0314275
-0.0305563
-0.02945
-0.0281005
-0.0265008
-0.0246459
-0.0225343
-0.0201698
0.000289869
-0.000488733
-0.00131977
-0.00213024
-0.00288745
-0.00358044
-0.00420869
-0.00477518
-0.00528241
-0.0057304
-0.00611622
-0.00643435
-0.00667748
-0.00683753
-0.00691081
-0.00689564
-0.00677825
-0.00653195
-0.0061714
-0.00570121
-0.00512544
-0.00444936
-0.00368014
-0.0028272
-0.00190247
-0.000920595
0.000100603
0.00113963
0.00217048
0.00316143
0.00407304
0.00485507
0.00544075
0.00568831
0.00568658
0.0054989
0.00517244
0.00473797
0.00421394
0.00360914
0.00292471
0.00215569
0.0012922
0.000320551
-0.000769235
-0.00198692
-0.00335371
-0.00479256
-0.00599325
-0.00710421
-0.00818472
-0.00925092
-0.0103109
-0.0113653
-0.0124073
-0.0134243
-0.0143984
-0.0153073
-0.0161257
-0.0168257
-0.0173788
-0.0177563
-0.0179318
-0.0178826
-0.00114402
-0.0040542
-0.0071472
-0.0102926
-0.0134044
-0.0164216
-0.0192974
-0.0219937
-0.024477
-0.0267172
-0.0286864
-0.0303591
-0.0317125
-0.0327268
-0.0333884
-0.0336886
-0.0336139
-0.0331468
-0.0323007
-0.031107
-0.0295617
-0.0276765
-0.0254708
-0.0229698
-0.0202039
-0.0172087
-0.0140255
-0.010702
-0.00729338
-0.00386383
-0.000489909
0.00273449
0.00568831
0.008237
0.0104964
0.0125158
0.0143263
0.0159428
0.0173685
0.0185971
0.0196148
0.0204023
0.0209358
0.0211888
0.0211424
0.0207803
0.0200715
0.019065
0.0180105
0.0167936
0.01537
0.013731
0.0118757
0.00981217
0.00755678
0.00513406
0.00257568
-8.03439e-05
-0.00279066
-0.00550772
-0.00818114
-0.0107592
-0.0131907
-0.0154269
-0.00256775
-0.00765724
-0.0130477
-0.018546
-0.0240126
-0.0293385
-0.0344344
-0.0392241
-0.0436419
-0.0476302
-0.0511387
-0.0541235
-0.0565475
-0.0583804
-0.0596001
-0.060192
-0.0601429
-0.0594411
-0.0581373
-0.0562409
-0.0537498
-0.0506844
-0.047076
-0.0429648
-0.0383987
-0.0334337
-0.0281339
-0.0225723
-0.0168322
-0.0110099
-0.00521813
0.00040584
0.00568658
0.0104964
0.0149791
0.0191708
0.0230851
0.0267213
0.0300672
0.0331017
0.035797
0.0381203
0.0400352
0.0415033
0.0424927
0.0429754
0.0429149
0.0423395
0.0414512
0.0401575
0.0384239
0.0362735
0.0337309
0.0307696
0.0274062
0.0236717
0.0196085
0.015268
0.0107102
0.00600198
0.00121586
-0.00357115
-0.00827923
-0.0128272
-0.0039599
-0.0112458
-0.0189374
-0.0267745
-0.0345652
-0.0421557
-0.0494177
-0.0562414
-0.0625324
-0.0682084
-0.073199
-0.0774437
-0.0808923
-0.0835045
-0.0852506
-0.0861114
-0.0860731
-0.0851427
-0.0834053
-0.0808297
-0.0774224
-0.0732132
-0.068245
-0.0625727
-0.0562612
-0.0493862
-0.0420335
-0.0343006
-0.0262979
-0.0181518
-0.0100099
-0.00205057
0.0054989
0.0125158
0.0191708
0.025486
0.0314574
0.0370676
0.0422888
0.0470853
0.0514153
0.0552328
0.0584891
0.0611348
0.0631265
0.0644258
0.0649898
0.0648314
0.0641143
0.0627606
0.0608308
0.0583418
0.0552559
0.0515409
0.0472093
0.0422931
0.0368405
0.0309131
0.0245845
0.0179386
0.0110686
0.00407477
-0.00293666
-0.0098556
-0.00530245
-0.0147677
-0.0247297
-0.0348592
-0.0449133
-0.0546973
-0.0640482
-0.0728265
-0.0809121
-0.0882015
-0.0946057
-0.100049
-0.10447
-0.107819
-0.110058
-0.111165
-0.111125
-0.109984
-0.107828
-0.1046
-0.100315
-0.0950097
-0.0887381
-0.0815688
-0.0735835
-0.0648763
-0.055554
-0.0457371
-0.0355616
-0.0251825
-0.0147797
-0.00456974
0.00517244
0.0143263
0.0230851
0.0314574
0.0394203
0.0469395
0.0539718
0.0604669
0.0663697
0.0716215
0.0761625
0.0799327
0.0828788
0.0849531
0.0861074
0.0863417
0.0857894
0.0843834
0.0824275
0.0797489
0.0762703
0.0719498
0.0667915
0.0608252
0.0541025
0.0466932
0.0386837
0.0301747
0.021279
0.0121198
0.00282861
-0.006457
-0.00658029
-0.0181735
-0.030341
-0.0426845
-0.0549132
-0.066795
-0.0781362
-0.0887713
-0.0985579
-0.107373
-0.115112
-0.121686
-0.12702
-0.131058
-0.133756
-0.135086
-0.135034
-0.133698
-0.131142
-0.127299
-0.122183
-0.115841
-0.108335
-0.0997489
-0.0901781
-0.0797346
-0.068545
-0.0567515
-0.0445138
-0.0320133
-0.0194596
-0.00710338
0.00473797
0.0159428
0.0267213
0.0370676
0.0469395
0.0562858
0.0650477
0.0731611
0.0805581
0.0871684
0.0929217
0.0977491
0.101589
0.104385
0.106085
0.106679
0.106276
0.104881
0.102996
0.100244
0.0965037
0.0917102
0.0858533
0.0789569
0.0710737
0.0622816
0.0526797
0.0423859
0.0315336
0.0202692
0.00874938
-0.00286143
-0.00778061
-0.0214172
-0.0356931
-0.0501426
-0.0644306
-0.0782916
-0.0915049
-0.103882
-0.115262
-0.125504
-0.134489
-0.142115
-0.148299
-0.152974
-0.156093
-0.157623
-0.157548
-0.156032
-0.153103
-0.148686
-0.142798
-0.135489
-0.126834
-0.116925
-0.105874
-0.0938078
-0.0808722
-0.067229
-0.0530598
-0.0385697
-0.0239947
-0.00961575
0.00421394
0.0173685
0.0300672
0.0422888
0.0539718
0.0650477
0.0754427
0.0850793
0.0938774
0.101756
0.108637
0.114442
0.119102
0.122557
0.124749
0.125662
0.125386
0.12406
0.122316
0.119588
0.115698
0.110548
0.104106
0.0963879
0.0874457
0.0773654
0.0662602
0.0542664
0.0415394
0.0282497
0.0145794
0.000719566
-0.00889247
-0.0244571
-0.0407144
-0.0571348
-0.0733428
-0.0890433
-0.103992
-0.117982
-0.130833
-0.142391
-0.152523
-0.161116
-0.168078
-0.173336
-0.176834
-0.178539
-0.178433
-0.17675
-0.173481
-0.16854
-0.161946
-0.153754
-0.144046
-0.132925
-0.120514
-0.106957
-0.0924151
-0.0770679
-0.061117
-0.0447884
-0.028341
-0.012081
0.00360914
0.0185971
0.0331017
0.0470853
0.0604669
0.0731611
0.0850793
0.0961309
0.106225
0.115271
0.123182
0.129875
0.135275
0.139316
0.14194
0.143125
0.142946
0.141722
0.140177
0.137556
0.133612
0.128207
0.121283
0.112842
0.102938
0.0916639
0.0791496
0.0655514
0.0510481
0.0358352
0.0201208
0.00412179
-0.00990643
-0.0272559
-0.0453407
-0.0635724
-0.0815393
-0.0989208
-0.115453
-0.13091
-0.145098
-0.15785
-0.169021
-0.178489
-0.186152
-0.19193
-0.195765
-0.197617
-0.197471
-0.195637
-0.192062
-0.186655
-0.179432
-0.170451
-0.159799
-0.14759
-0.133958
-0.119058
-0.103066
-0.0861789
-0.0686143
-0.0506164
-0.0324633
-0.0144815
0.00292471
0.0196148
0.035797
0.0514153
0.0663697
0.0805581
0.0938774
0.106225
0.117499
0.127602
0.136439
0.143921
0.149972
0.154521
0.157511
0.158915
0.1588
0.157694
0.15639
0.153942
0.150027
0.144457
0.137143
0.128075
0.117304
0.104937
0.0911173
0.0760252
0.0598636
0.042854
0.0252302
0.00723411
-0.0108143
-0.0297808
-0.0495155
-0.0693772
-0.0889226
-0.107809
-0.125756
-0.142522
-0.157902
-0.171716
-0.183809
-0.19405
-0.202331
-0.208564
-0.212687
-0.214659
-0.214462
-0.212493
-0.208653
-0.202842
-0.195075
-0.185409
-0.173937
-0.160779
-0.146077
-0.129998
-0.112731
-0.0944842
-0.075491
-0.0560101
-0.0363346
-0.0168063
0.00215569
0.0204023
0.0381203
0.0552328
0.0716215
0.0871684
0.101756
0.115271
0.127602
0.138643
0.148294
0.156463
0.163069
0.168045
0.17133
0.172899
0.172811
0.171824
0.17079
0.168569
0.164751
0.159094
0.151477
0.141874
0.130338
0.116985
0.101978
0.0855202
0.0678402
0.0491851
0.0298141
0.00999301
-0.0116089
-0.032003
-0.0531894
-0.074481
-0.0954077
-0.115609
-0.134788
-0.152693
-0.169108
-0.183842
-0.196732
-0.207639
-0.216447
-0.223066
-0.227426
-0.229485
-0.229224
-0.227137
-0.223075
-0.21693
-0.208711
-0.198476
-0.186318
-0.172362
-0.156757
-0.13968
-0.121326
-0.101917
-0.0816964
-0.0609342
-0.039935
-0.0190504
0.0012922
0.0209358
0.0400352
0.0584891
0.0761625
0.0929217
0.108637
0.123182
0.136439
0.148294
0.158643
0.167391
0.174458
0.179774
0.183283
0.184961
0.184861
0.183985
0.183238
0.181282
0.177617
0.171943
0.164106
0.154063
0.141868
0.127648
0.111588
0.0939119
0.0748752
0.0547501
0.0338197
0.0123722
-0.0122841
-0.0338981
-0.0563207
-0.0788261
-0.100922
-0.122233
-0.142452
-0.161316
-0.178598
-0.194102
-0.207656
-0.219115
-0.228356
-0.235284
-0.239826
-0.241938
-0.241598
-0.239407
-0.235169
-0.228763
-0.220193
-0.209512
-0.196815
-0.182226
-0.1659
-0.148017
-0.128782
-0.108422
-0.0871894
-0.0653619
-0.0432512
-0.0212141
0.000320551
0.0211888
0.0415033
0.0611348
0.0799327
0.0977491
0.114442
0.129875
0.143921
0.156463
0.167391
0.176611
0.18404
0.189612
0.193274
0.195005
0.194856
0.194074
0.193619
0.191953
0.188486
0.182859
0.174882
0.164498
0.151759
0.136804
0.119839
0.101112
0.0809013
0.0595036
0.0372243
0.0143716
-0.0128349
-0.0354459
-0.0588747
-0.0823645
-0.105406
-0.127612
-0.148666
-0.168299
-0.186275
-0.202391
-0.21647
-0.228359
-0.237933
-0.24509
-0.249755
-0.25188
-0.251442
-0.249159
-0.24479
-0.238201
-0.229386
-0.218394
-0.205313
-0.190269
-0.173416
-0.154936
-0.135038
-0.113953
-0.0919375
-0.0692735
-0.0462756
-0.0233015
-0.000769235
0.0211424
0.0424927
0.0631265
0.0828788
0.101589
0.119102
0.135275
0.149972
0.163069
0.174458
0.18404
0.191735
0.19748
0.201225
0.202955
0.202722
0.202014
0.201845
0.200483
0.19725
0.191728
0.183689
0.173064
0.159904
0.14436
0.126655
0.107061
0.0858775
0.063424
0.0400253
0.0160071
-0.0132572
-0.0366303
-0.060824
-0.0850583
-0.108812
-0.13169
-0.153368
-0.173571
-0.19206
-0.208624
-0.223083
-0.235278
-0.245079
-0.25238
-0.257104
-0.259197
-0.258635
-0.256268
-0.251811
-0.245117
-0.236169
-0.225005
-0.211709
-0.196398
-0.179226
-0.160372
-0.140043
-0.118472
-0.0959145
-0.0726544
-0.0490046
-0.0253192
-0.00198692
0.0207803
0.0429754
0.0644258
0.0849531
0.104385
0.122557
0.139316
0.154521
0.168045
0.179774
0.189612
0.19748
0.203317
0.207081
0.208759
0.20841
0.207754
0.207855
0.206802
0.203829
0.198462
0.190441
0.179678
0.166228
0.15025
0.131984
0.111722
0.0897831
0.0665062
0.0422328
0.0173034
-0.0135479
-0.0374395
-0.0621484
-0.0868797
-0.111105
-0.134423
-0.156508
-0.17708
-0.195894
-0.212739
-0.227427
-0.239798
-0.249717
-0.257074
-0.261787
-0.263797
-0.263073
-0.260622
-0.256115
-0.249392
-0.240423
-0.229235
-0.215897
-0.200521
-0.18325
-0.164257
-0.143744
-0.121938
-0.0990941
-0.0754897
-0.0514335
-0.0272722
-0.00335371
0.0200715
0.0429149
0.0649898
0.0861074
0.106085
0.124749
0.14194
0.157511
0.17133
0.183283
0.193274
0.201225
0.207081
0.210803
0.212386
0.211893
0.211267
0.211617
0.210866
0.208171
0.203006
0.195078
0.184285
0.170681
0.154434
0.135796
0.115076
0.0926118
0.0687559
0.0438641
0.018288
-0.0137052
-0.0378657
-0.0628346
-0.0878106
-0.112262
-0.135787
-0.158057
-0.17879
-0.197741
-0.214694
-0.229459
-0.241873
-0.251797
-0.259117
-0.263742
-0.265607
-0.26467
-0.262118
-0.257587
-0.250904
-0.242023
-0.230957
-0.21776
-0.202528
-0.18539
-0.166508
-0.146071
-0.124299
-0.101435
-0.0777503
-0.0535333
-0.0290912
-0.00479256
0.019065
0.0423395
0.0648314
0.0863417
0.106679
0.125662
0.143125
0.158915
0.172899
0.184961
0.195005
0.202955
0.208759
0.212386
0.213837
0.213179
0.212561
0.213132
0.212671
0.210264
0.205338
0.197576
0.18686
0.173241
0.156893
0.13808
0.117122
0.0943697
0.0701873
0.0449405
0.0189887
-0.0137285
-0.0379136
-0.062903
-0.0878941
-0.112355
-0.135885
-0.158154
-0.178882
-0.197822
-0.214759
-0.229501
-0.241882
-0.251761
-0.259017
-0.263556
-0.2653
-0.264193
-0.261558
-0.257017
-0.25039
-0.241625
-0.230722
-0.217725
-0.202715
-0.18581
-0.167156
-0.146933
-0.125345
-0.102624
-0.0790272
-0.0548428
-0.0303794
-0.00599325
0.0180105
0.0414512
0.0641143
0.0857894
0.106276
0.125386
0.142946
0.1588
0.172811
0.184861
0.194856
0.202722
0.20841
0.211893
0.213179
0.212342
0.211712
0.212468
0.212272
0.21015
0.205493
0.197959
0.187421
0.173923
0.157644
0.138852
0.117877
0.0950768
0.0708232
0.0454876
0.0194335
-0.0136181
-0.037584
-0.0623558
-0.0871354
-0.111394
-0.134733
-0.156824
-0.17739
-0.196186
-0.212997
-0.227633
-0.239928
-0.249738
-0.256942
-0.261439
-0.263143
-0.261981
-0.259323
-0.254806
-0.248256
-0.23962
-0.228896
-0.216122
-0.201372
-0.184753
-0.166406
-0.146499
-0.125227
-0.102813
-0.0795043
-0.0555767
-0.0313295
-0.00710421
0.0167936
0.0401575
0.0627606
0.0843834
0.104881
0.12406
0.141722
0.157694
0.171824
0.183985
0.194074
0.202014
0.207754
0.211267
0.212561
0.211712
0.211121
0.211936
0.211788
0.20969
0.205041
0.197506
0.186968
0.173484
0.157237
0.138501
0.117606
0.0949101
0.0707812
0.0455867
0.0196852
-0.0133757
-0.0368752
-0.0611802
-0.0855056
-0.10933
-0.13226
-0.153973
-0.174195
-0.192687
-0.209235
-0.223655
-0.235783
-0.245475
-0.252611
-0.257085
-0.258806
-0.257686
-0.255072
-0.250636
-0.24422
-0.235776
-0.225302
-0.212831
-0.198435
-0.182213
-0.164298
-0.14485
-0.124054
-0.102123
-0.0792934
-0.0558294
-0.0320181
-0.00818472
0.01537
0.0384239
0.0608308
0.0824275
0.102996
0.122316
0.140177
0.15639
0.17079
0.183238
0.193619
0.201845
0.207855
0.211617
0.213132
0.212468
0.211936
0.212571
0.212109
0.209626
0.204579
0.196686
0.185867
0.172202
0.155884
0.137187
0.11643
0.0939597
0.0701287
0.0452887
0.0197833
-0.0130043
-0.0357946
-0.0593862
-0.0830152
-0.106172
-0.128473
-0.149603
-0.169295
-0.187316
-0.203459
-0.217544
-0.229413
-0.238925
-0.245963
-0.250421
-0.252203
-0.251212
-0.248707
-0.244417
-0.238204
-0.230027
-0.219886
-0.207816
-0.193882
-0.178181
-0.160836
-0.141998
-0.121846
-0.100579
-0.0784222
-0.0556275
-0.0324677
-0.00925092
0.013731
0.0362735
0.0583418
0.0797489
0.100244
0.119588
0.137556
0.153942
0.168569
0.181282
0.191953
0.200483
0.206802
0.210866
0.212671
0.212272
0.211788
0.212109
0.211173
0.208157
0.202604
0.194294
0.183191
0.169395
0.153106
0.134589
0.114148
0.0921091
0.068804
0.0445628
0.0197091
-0.0125078
-0.0343546
-0.0569933
-0.0796896
-0.101951
-0.123407
-0.143751
-0.162727
-0.18011
-0.195702
-0.20933
-0.220841
-0.230105
-0.237005
-0.241441
-0.243315
-0.242524
-0.240189
-0.236111
-0.230173
-0.222344
-0.21263
-0.201065
-0.187711
-0.17266
-0.15603
-0.137961
-0.118622
-0.0982011
-0.0769115
-0.0549893
-0.0326926
-0.0103109
0.0118757
0.0337309
0.0552559
0.0762703
0.0965037
0.115698
0.133612
0.150027
0.164751
0.177617
0.188486
0.19725
0.203829
0.208171
0.210264
0.21015
0.20969
0.209626
0.208157
0.204588
0.198551
0.189892
0.178614
0.164834
0.14875
0.130613
0.110707
0.0893331
0.066798
0.0434072
0.0194614
-0.0118917
-0.0325723
-0.0540294
-0.0755663
-0.096713
-0.117113
-0.136476
-0.154555
-0.171136
-0.186032
-0.19908
-0.210136
-0.219076
-0.225792
-0.230188
-0.23217
-0.231633
-0.229524
-0.225721
-0.220131
-0.212735
-0.203543
-0.192589
-0.179937
-0.16567
-0.1499
-0.132759
-0.114404
-0.0950111
-0.0747791
-0.0539285
-0.0327006
-0.0113653
0.00981217
0.0307696
0.0515409
0.0719498
0.0917102
0.110548
0.128207
0.144457
0.159094
0.171943
0.182859
0.191728
0.198462
0.203006
0.205338
0.205493
0.205041
0.204579
0.202604
0.198551
0.192142
0.183284
0.17201
0.158445
0.14278
0.12525
0.106115
0.0856481
0.0641287
0.0418365
0.0190477
-0.0111625
-0.0304688
-0.0505296
-0.0706933
-0.0905169
-0.109663
-0.127857
-0.144866
-0.160489
-0.174551
-0.186897
-0.197398
-0.205937
-0.212416
-0.216745
-0.218839
-0.218591
-0.216756
-0.213285
-0.208114
-0.201233
-0.192658
-0.182425
-0.170593
-0.157244
-0.142479
-0.126423
-0.109219
-0.0910307
-0.0720417
-0.0524552
-0.0324941
-0.0124073
0.00755678
0.0274062
0.0472093
0.0667915
0.0858533
0.104106
0.121283
0.137143
0.151477
0.164106
0.174882
0.183689
0.190441
0.195078
0.197576
0.197959
0.197506
0.196686
0.194294
0.189892
0.183284
0.174424
0.163367
0.150243
0.13523
0.118543
0.100415
0.0810934
0.0608285
0.0398733
0.0184786
-0.0103278
-0.0280693
-0.046536
-0.0651286
-0.083436
-0.101143
-0.117994
-0.133771
-0.148287
-0.161381
-0.172912
-0.182759
-0.19082
-0.197005
-0.201234
-0.203428
-0.203487
-0.201965
-0.198876
-0.194189
-0.187901
-0.180035
-0.170626
-0.159733
-0.14743
-0.133812
-0.118991
-0.103099
-0.0862859
-0.068717
-0.0505777
-0.0320712
-0.0134243
0.00513406
0.0236717
0.0422931
0.0608252
0.0789569
0.0963879
0.112842
0.128075
0.141874
0.154063
0.164498
0.173064
0.179678
0.184285
0.18686
0.187421
0.186968
0.185867
0.183191
0.178614
0.17201
0.163367
0.152757
0.140305
0.126177
0.110563
0.0936726
0.0757233
0.0569388
0.0375445
0.0177655
-0.00939644
-0.0254029
-0.0420976
-0.0589401
-0.0755554
-0.0916545
-0.107001
-0.121397
-0.13467
-0.146673
-0.157279
-0.166381
-0.173887
-0.179718
-0.183805
-0.186078
-0.186445
-0.185262
-0.1826
-0.178453
-0.172831
-0.165759
-0.157274
-0.147429
-0.136295
-0.123956
-0.110514
-0.0960869
-0.0808075
-0.0648247
-0.0483041
-0.0314275
-0.0143984
0.00257568
0.0196085
0.0368405
0.0541025
0.0710737
0.0874457
0.102938
0.117304
0.130338
0.141868
0.151759
0.159904
0.166228
0.170681
0.173241
0.173923
0.173484
0.172202
0.169395
0.164834
0.158445
0.150243
0.140305
0.128751
0.115728
0.101407
0.0859677
0.0696025
0.052507
0.0348796
0.0169194
-0.00837806
-0.0225026
-0.0372701
-0.0522051
-0.0669726
-0.0813127
-0.0950123
-0.107892
-0.119797
-0.130597
-0.14018
-0.148449
-0.155325
-0.160742
-0.164641
-0.16696
-0.167619
-0.166794
-0.16459
-0.161033
-0.156141
-0.14994
-0.142468
-0.133775
-0.123922
-0.112985
-0.101053
-0.0882304
-0.0746319
-0.0603878
-0.0456428
-0.0305563
-0.0153073
-8.03439e-05
0.015268
0.0309131
0.0466932
0.0622816
0.0773654
0.0916639
0.104937
0.116985
0.127648
0.136804
0.14436
0.15025
0.154434
0.156893
0.157644
0.157237
0.155884
0.153106
0.14875
0.14278
0.13523
0.126177
0.115728
0.104016
0.0911851
0.0773929
0.0628034
0.0475854
0.0319103
0.0159507
-0.0072834
-0.019405
-0.032116
-0.0450104
-0.0577974
-0.0702487
-0.0821766
-0.0934225
-0.103851
-0.113348
-0.121815
-0.129171
-0.135348
-0.140291
-0.14395
-0.146275
-0.147195
-0.146732
-0.14501
-0.142083
-0.137973
-0.132711
-0.126332
-0.11888
-0.110409
-0.100984
-0.0906815
-0.0795879
-0.0678017
-0.0554326
-0.0426034
-0.02945
-0.0161257
-0.00279066
0.0107102
0.0245845
0.0386837
0.0526797
0.0662602
0.0791496
0.0911173
0.101978
0.111588
0.119839
0.126655
0.131984
0.135796
0.13808
0.138852
0.138501
0.137187
0.134589
0.130613
0.12525
0.118543
0.110563
0.101407
0.0911851
0.080022
0.0680491
0.0554042
0.0422294
0.0286691
0.0148686
-0.00612407
-0.0161505
-0.0267046
-0.0374532
-0.0481526
-0.058609
-0.0686619
-0.0781755
-0.0870345
-0.0951411
-0.102413
-0.108782
-0.114194
-0.118601
-0.121967
-0.124249
-0.125385
-0.125278
-0.124051
-0.121781
-0.118497
-0.114229
-0.109009
-0.102875
-0.0958725
-0.0880546
-0.0794826
-0.0702267
-0.0603662
-0.0499899
-0.0391975
-0.0281005
-0.0168257
-0.00550772
0.00600198
0.0179386
0.0301747
0.0423859
0.0542664
0.0655514
0.0760252
0.0855202
0.0939119
0.101112
0.107061
0.111722
0.115076
0.117122
0.117877
0.117606
0.11643
0.114148
0.110707
0.106115
0.100415
0.0936726
0.0859677
0.0773929
0.0680491
0.0580434
0.0474878
0.0364973
0.025189
0.0136807
-0.00491253
-0.0127836
-0.0211127
-0.0296415
-0.0381756
-0.0465575
-0.0546559
-0.0623591
-0.0695726
-0.0762166
-0.0822243
-0.0875415
-0.0921243
-0.0959378
-0.098952
-0.101134
-0.10243
-0.102659
-0.101927
-0.100332
-0.0979034
-0.0946708
-0.0906622
-0.0859083
-0.0804443
-0.0743104
-0.0675525
-0.0602232
-0.0523818
-0.0440953
-0.0354396
-0.0265008
-0.0173788
-0.00818114
0.00121586
0.0110686
0.021279
0.0315336
0.0415394
0.0510481
0.0598636
0.0678402
0.0748752
0.0809013
0.0858775
0.0897831
0.0926118
0.0943697
0.0950768
0.0949101
0.0939597
0.0921091
0.0893331
0.0856481
0.0810934
0.0757233
0.0696025
0.0628034
0.0554042
0.0474878
0.0391399
0.0304486
0.0215029
0.0123919
-0.00366208
-0.00935258
-0.0154254
-0.0216959
-0.0280201
-0.0342784
-0.0403696
-0.0462075
-0.051719
-0.0568429
-0.0615286
-0.0657352
-0.0694307
-0.0725897
-0.0751904
-0.0772076
-0.0785961
-0.0791255
-0.0788792
-0.0779621
-0.0764059
-0.0742361
-0.0714753
-0.068146
-0.064272
-0.0598797
-0.0549991
-0.0496639
-0.0439129
-0.0377905
-0.0313481
-0.0246459
-0.0177563
-0.0107592
-0.00357115
0.00407477
0.0121198
0.0202692
0.0282497
0.0358352
0.042854
0.0491851
0.0547501
0.0595036
0.063424
0.0665062
0.0687559
0.0701873
0.0708232
0.0707812
0.0701287
0.068804
0.066798
0.0641287
0.0608285
0.0569388
0.052507
0.0475854
0.0422294
0.0364973
0.0304486
0.0241437
0.0176427
0.0110042
-0.0023869
-0.00591086
-0.00973733
-0.0137522
-0.0178608
-0.0219814
-0.0260436
-0.0299873
-0.0337615
-0.0373241
-0.0406408
-0.043685
-0.046436
-0.0488782
-0.0509977
-0.0527761
-0.0541761
-0.0549565
-0.0551709
-0.0549227
-0.0542403
-0.0531443
-0.0516503
-0.0497712
-0.0475187
-0.0449048
-0.0419422
-0.0386456
-0.0350324
-0.0311238
-0.0269465
-0.0225343
-0.0179318
-0.0131907
-0.00827923
-0.00293666
0.00282861
0.00874938
0.0145794
0.0201208
0.0252302
0.0298141
0.0338197
0.0372243
0.0400253
0.0422328
0.0438641
0.0449405
0.0454876
0.0455867
0.0452887
0.0445628
0.0434072
0.0418365
0.0398733
0.0375445
0.0348796
0.0319103
0.0286691
0.025189
0.0215029
0.0176427
0.0136379
0.0095143
-0.00110225
-0.00251798
-0.00415641
-0.00596681
-0.0079001
-0.0099109
-0.0119589
-0.0140098
-0.016035
-0.018012
-0.0199238
-0.0217581
-0.0235068
-0.0251645
-0.0267257
-0.0281793
-0.0294956
-0.0304578
-0.031093
-0.031488
-0.0316644
-0.0316355
-0.0314084
-0.030985
-0.0303642
-0.0295424
-0.0285148
-0.0272764
-0.0258228
-0.0241518
-0.0222651
-0.0201698
-0.0178826
-0.0154269
-0.0128272
-0.0098556
-0.006457
-0.00286143
0.000719566
0.00412179
0.00723411
0.00999301
0.0123722
0.0143716
0.0160071
0.0173034
0.018288
0.0189887
0.0194335
0.0196852
0.0197833
0.0197091
0.0194614
0.0190477
0.0184786
0.0177655
0.0169194
0.0159507
0.0148686
0.0136807
0.0123919
0.0110042
0.0095143
0.00791172
