0.551548
0.480607
0.396625
0.310217
0.22804
0.153376
0.0871781
0.029073
-0.021907
-0.0668805
-0.106894
-0.142838
-0.175435
-0.205264
-0.232783
-0.258364
-0.282311
-0.304881
-0.326291
-0.346736
-0.366383
-0.385384
-0.403878
-0.42199
-0.439838
-0.457343
-0.474149
-0.490307
-0.506051
-0.521595
-0.537126
-0.552804
-0.568765
-0.585115
-0.601922
-0.619184
-0.636775
-0.654345
-0.671157
-0.685833
-0.695995
-0.697818
-0.68557
-0.651383
-0.585649
-0.478466
-0.322438
-0.116148
0.133184
0.399969
0.63881
0.821998
0.93773
0.984007
0.96938
0.911482
0.830134
0.737641
0.636804
0.533797
0.434317
0.342453
0.259294
0.186013
0.562417
0.458162
0.350214
0.247977
0.156295
0.0765354
0.00795395
-0.051159
-0.102714
-0.148423
-0.189649
-0.227405
-0.262412
-0.29518
-0.326074
-0.355373
-0.383306
-0.410074
-0.435862
-0.460844
-0.485181
-0.509017
-0.532487
-0.555703
-0.578744
-0.601024
-0.621801
-0.64126
-0.659798
-0.677725
-0.695273
-0.712603
-0.729818
-0.746965
-0.76403
-0.780912
-0.797368
-0.812919
-0.826685
-0.837145
-0.841809
-0.836814
-0.816583
-0.773722
-0.699601
-0.585825
-0.426847
-0.222791
0.0194912
0.279824
0.527629
0.735879
0.886035
0.968988
0.989949
0.968005
0.924701
0.867456
0.795003
0.712398
0.62291
0.526599
0.418968
0.296063
0.540368
0.397601
0.262578
0.14317
0.0420495
-0.0416667
-0.110699
-0.168295
-0.21746
-0.260616
-0.29955
-0.335491
-0.369252
-0.401354
-0.432141
-0.461859
-0.490705
-0.518853
-0.546474
-0.573724
-0.600747
-0.627665
-0.654585
-0.681571
-0.708581
-0.734142
-0.757482
-0.779045
-0.799354
-0.818798
-0.837653
-0.85609
-0.874199
-0.891992
-0.909401
-0.92625
-0.942191
-0.956611
-0.96846
-0.976017
-0.976598
-0.966203
-0.939278
-0.888698
-0.806395
-0.684778
-0.519082
-0.309843
-0.0646187
0.196415
0.446991
0.662797
0.824311
0.92184
0.962629
0.969407
0.964858
0.94749
0.90882
0.849783
0.769157
0.662452
0.52085
0.337793
0.491354
0.307797
0.145347
0.00961255
-0.0994346
-0.185257
-0.25272
-0.306688
-0.351288
-0.389677
-0.424085
-0.455994
-0.486346
-0.515719
-0.544475
-0.572853
-0.601036
-0.62918
-0.657426
-0.685896
-0.714685
-0.743856
-0.77345
-0.803431
-0.833392
-0.860899
-0.885601
-0.908198
-0.929279
-0.949284
-0.968529
-0.987217
-1.00545
-1.02325
-1.04054
-1.05709
-1.07246
-1.08589
-1.09612
-1.10116
-1.09802
-1.08243
-1.04863
-0.98946
-0.896976
-0.763968
-0.58615
-0.364998
-0.110558
0.157732
0.41036
0.62493
0.78365
0.881054
0.930641
0.959425
0.988972
1.00744
0.998638
0.957601
0.877754
0.750709
0.565672
0.316367
0.421978
0.197454
0.00889173
-0.141131
-0.255875
-0.341669
-0.405636
-0.45427
-0.492803
-0.525099
-0.553817
-0.580687
-0.606776
-0.632722
-0.658895
-0.685518
-0.712738
-0.740661
-0.769365
-0.798893
-0.829243
-0.860376
-0.892235
-0.924594
-0.955951
-0.984025
-1.00889
-1.0313
-1.05189
-1.07114
-1.08945
-1.10707
-1.1242
-1.1409
-1.15712
-1.17261
-1.18685
-1.1989
-1.20722
-1.20945
-1.20218
-1.18065
-1.13865
-1.06862
-0.962428
-0.813108
-0.617266
-0.378407
-0.10783
0.169401
0.42228
0.628332
0.77362
0.860848
0.911958
0.956507
1.01134
1.05545
1.06628
1.03248
0.94245
0.785611
0.552059
0.237649
0.339388
0.0752789
-0.137093
-0.298864
-0.416958
-0.500765
-0.559704
-0.601868
-0.633546
-0.659262
-0.682071
-0.703916
-0.725962
-0.74886
-0.772944
-0.798367
-0.82518
-0.853382
-0.882931
-0.913733
-0.945632
-0.978455
-1.012
-1.04571
-1.07675
-1.10368
-1.12702
-1.14754
-1.16592
-1.18272
-1.19845
-1.21351
-1.22819
-1.24267
-1.25696
-1.27076
-1.28338
-1.29366
-1.29965
-1.2985
-1.28613
-1.25707
-1.2043
-1.11971
-0.994918
-0.823338
-0.603766
-0.340101
-0.0512734
0.232608
0.479629
0.668119
0.790956
0.86189
0.91046
0.9648
1.0337
1.09025
1.10722
1.06786
0.957181
0.764597
0.483314
0.111011
0.250367
-0.050834
-0.284217
-0.455165
-0.574534
-0.654847
-0.707781
-0.742954
-0.767639
-0.786971
-0.804353
-0.821897
-0.840804
-0.861673
-0.884719
-0.909935
-0.937199
-0.966328
-0.997098
-1.02922
-1.06234
-1.09614
-1.13021
-1.16321
-1.19175
-1.21552
-1.23532
-1.25199
-1.26632
-1.27903
-1.29082
-1.30226
-1.31379
-1.32566
-1.33787
-1.35
-1.36108
-1.36954
-1.37284
-1.36742
-1.34827
-1.30893
-1.24139
-1.1369
-0.987233
-0.786471
-0.532767
-0.242238
0.0609133
0.342943
0.572531
0.732305
0.825598
0.877853
0.921854
0.980148
1.05141
1.10708
1.11628
1.05926
0.92024
0.690217
0.365994
-0.0528919
0.160625
-0.174417
-0.425843
-0.603618
-0.722626
-0.798467
-0.844954
-0.873123
-0.891147
-0.904711
-0.917518
-0.931789
-0.948691
-0.968674
-0.991735
-1.01761
-1.04593
-1.07627
-1.10817
-1.14109
-1.17447
-1.20784
-1.24052
-1.26976
-1.29344
-1.312
-1.3264
-1.33765
-1.34672
-1.35457
-1.3621
-1.37004
-1.37889
-1.38889
-1.39988
-1.41111
-1.42114
-1.42781
-1.4277
-1.41631
-1.38745
-1.33351
-1.24544
-1.11351
-0.926144
-0.684736
-0.396391
-0.0839142
0.221993
0.486995
0.683927
0.804483
0.865065
0.899481
0.937743
0.994729
1.0578
1.10084
1.08999
1.0033
0.830431
0.566991
0.210175
-0.242217
0.0745133
-0.290642
-0.557158
-0.739717
-0.857161
-0.927993
-0.96799
-0.989459
-1.00138
-1.00993
-1.01905
-1.031
-1.04682
-1.06674
-1.09043
-1.11731
-1.1467
-1.17791
-1.21022
-1.24283
-1.2749
-1.30588
-1.33471
-1.35755
-1.37445
-1.38631
-1.39431
-1.39967
-1.40358
-1.4072
-1.41156
-1.41742
-1.42518
-1.43487
-1.446
-1.45723
-1.46648
-1.47069
-1.46538
-1.44492
-1.4017
-1.32643
-1.20472
-1.02975
-0.797639
-0.514443
-0.197316
0.123743
0.41458
0.643937
0.793732
0.869036
0.898507
0.917812
0.949387
0.998628
1.04534
1.06289
1.02002
0.899809
0.696834
0.408417
0.0303958
-0.443634
-0.004959
-0.396228
-0.674978
-0.860554
-0.975552
-1.04113
-1.0748
-1.09
-1.0964
-1.10059
-1.10669
-1.11693
-1.13218
-1.15231
-1.17668
-1.20434
-1.23433
-1.26566
-1.29731
-1.32817
-1.35715
-1.38366
-1.40562
-1.42091
-1.43049
-1.43564
-1.43781
-1.43839
-1.43871
-1.43999
-1.44329
-1.44917
-1.45774
-1.46867
-1.4809
-1.49228
-1.49997
-1.49973
-1.48571
-1.45059
-1.38021
-1.26713
-1.10174
-0.878725
-0.60031
-0.281299
0.0512923
0.36172
0.616225
0.791938
0.884987
0.915524
0.919528
0.927317
0.951742
0.983421
1.00501
0.989593
0.912041
0.762233
0.536916
0.232246
-0.158564
-0.646192
-0.0759175
-0.489169
-0.77741
-0.964435
-1.07629
-1.13648
-1.16405
-1.17337
-1.17473
-1.17504
-1.17854
-1.18738
-1.20218
-1.2225
-1.24732
-1.2754
-1.30547
-1.33622
-1.36626
-1.39411
-1.4185
-1.439
-1.45291
-1.46066
-1.46365
-1.46343
-1.46157
-1.45952
-1.45853
-1.45978
-1.46416
-1.47189
-1.48257
-1.49543
-1.50861
-1.51891
-1.5225
-1.51295
-1.47713
-1.41156
-1.30476
-1.14787
-0.93341
-0.660808
-0.340509
0.00224901
0.331175
0.607864
0.804972
0.913849
0.948522
0.941522
0.927743
0.927398
0.939943
0.946493
0.937503
0.888094
0.780079
0.607336
0.366513
0.0518157
-0.346114
-0.841799
-0.137365
-0.56843
-0.863522
-1.05054
-1.15861
-1.21331
-1.23495
-1.23873
-1.23543
-1.23225
-1.2335
-1.24122
-1.25576
-1.27639
-1.30175
-1.33027
-1.3603
-1.39012
-1.4179
-1.44177
-1.4604
-1.47374
-1.48031
-1.48194
-1.4802
-1.4768
-1.47327
-1.47091
-1.47076
-1.47381
-1.48074
-1.49117
-1.50406
-1.51801
-1.52979
-1.53155
-1.51855
-1.48535
-1.42208
-1.3212
-1.17209
-0.966594
-0.700757
-0.381008
-0.028813
0.319077
0.619684
0.838326
0.961045
0.998645
0.982173
0.948769
0.924221
0.913607
0.904464
0.885594
0.846183
0.766796
0.634698
0.445445
0.194592
-0.125466
-0.526246
-1.02529
-0.188937
-0.633657
-0.933044
-1.11865
-1.2223
-1.27135
-1.28721
-1.28579
-1.27832
-1.27223
-1.27185
-1.27911
-1.2941
-1.31574
-1.3423
-1.37178
-1.40204
-1.43083
-1.45586
-1.47495
-1.48719
-1.49354
-1.49455
-1.49207
-1.48785
-1.48358
-1.48056
-1.47971
-1.48172
-1.48731
-1.49678
-1.50875
-1.51839
-1.52387
-1.52257
-1.50831
-1.47491
-1.41506
-1.31904
-1.17786
-0.981415
-0.723683
-0.406821
-0.0479031
0.318486
0.645704
0.890794
1.03094
1.07219
1.04576
0.992485
0.94431
0.911281
0.884458
0.850591
0.806135
0.739268
0.635295
0.485041
0.284335
0.0274643
-0.294554
-0.694866
-1.1921
-0.230698
-0.684954
-0.986146
-1.16896
-1.26755
-1.31079
-1.32112
-1.31505
-1.30422
-1.29624
-1.29546
-1.30359
-1.32042
-1.34443
-1.37334
-1.40459
-1.43542
-1.46306
-1.48476
-1.49822
-1.50395
-1.50505
-1.50279
-1.49847
-1.49375
-1.49026
-1.48877
-1.48951
-1.49118
-1.49233
-1.49548
-1.49908
-1.50017
-1.49537
-1.48009
-1.4477
-1.39078
-1.30063
-1.1668
-0.979609
-0.730943
-0.419866
-0.0584905
0.322635
0.676571
0.953158
1.11862
1.17008
1.13608
1.06217
0.988343
0.932615
0.88803
0.83683
0.780725
0.712522
0.622476
0.499411
0.336128
0.128015
-0.131806
-0.453291
-0.850454
-1.33808
-0.262994
-0.722719
-1.02329
-1.20197
-1.2949
-1.33232
-1.33759
-1.32781
-1.31498
-1.30681
-1.30754
-1.31855
-1.33912
-1.36709
-1.39951
-1.4331
-1.46453
-1.49052
-1.5079
-1.51448
-1.51495
-1.51406
-1.51074
-1.5047
-1.49393
-1.48205
-1.47172
-1.4638
-1.45866
-1.45608
-1.45547
-1.45438
-1.44901
-1.43457
-1.40482
-1.35189
-1.26701
-1.14051
-0.962024
-0.723212
-0.420603
-0.0620273
0.327392
0.703661
1.01327
1.21212
1.28509
1.2532
1.16256
1.06118
0.978288
0.912571
0.844985
0.774233
0.69766
0.609275
0.50099
0.36396
0.191879
-0.0206057
-0.281379
-0.601093
-0.993842
-1.45791
-0.28636
-0.747541
-1.04512
-1.21843
-1.30527
-1.33712
-1.33822
-1.32623
-1.31336
-1.30728
-1.31184
-1.32786
-1.35386
-1.38683
-1.42304
-1.45844
-1.48901
-1.51082
-1.51985
-1.51222
-1.49869
-1.48132
-1.46275
-1.44484
-1.42903
-1.41607
-1.4066
-1.40074
-1.39805
-1.39736
-1.39656
-1.39204
-1.37887
-1.35097
-1.30101
-1.22037
-1.09973
-0.929434
-0.700608
-0.408677
-0.0579318
0.331949
0.722331
1.0606
1.29619
1.40165
1.38592
1.28992
1.16581
1.05288
0.962422
0.875426
0.787946
0.699015
0.604993
0.500609
0.37887
0.232311
0.0548354
-0.159705
-0.419843
-0.736275
-1.11943
-1.55478
-0.301458
-0.760142
-1.05246
-1.21931
-1.29988
-1.32678
-1.32494
-1.31235
-1.30102
-1.298
-1.30618
-1.32531
-1.35298
-1.38542
-1.41743
-1.44516
-1.46486
-1.4731
-1.46776
-1.45262
-1.43495
-1.41625
-1.39783
-1.38098
-1.36676
-1.35567
-1.3479
-1.34304
-1.34
-1.33676
-1.33021
-1.31583
-1.28774
-1.23883
-1.16094
-1.04508
-0.882073
-0.663419
-0.383736
-0.0450922
0.337666
0.73221
1.09032
1.35956
1.50317
1.51685
1.43133
1.29587
1.15721
1.03867
0.927954
0.821003
0.716994
0.613007
0.505547
0.389607
0.258817
0.10637
-0.0740672
-0.289387
-0.548394
-0.861272
-1.22306
-1.61873
-0.309039
-0.761237
-1.0459
-1.20506
-1.27888
-1.30059
-1.29532
-1.28095
-1.26933
-1.26727
-1.27736
-1.29888
-1.32873
-1.36241
-1.39458
-1.42027
-1.43529
-1.43624
-1.42108
-1.39809
-1.37657
-1.35563
-1.33623
-1.3192
-1.30513
-1.29407
-1.28563
-1.27879
-1.27172
-1.26154
-1.24425
-1.21443
-1.16525
-1.0889
-0.976895
-0.820624
-0.612074
-0.345899
-0.0226649
0.346476
0.735361
1.10216
1.39685
1.5777
1.6291
1.56899
1.43845
1.28482
1.14027
1.00216
0.871908
0.749924
0.633159
0.518477
0.402059
0.278905
0.142933
-0.0124772
-0.19403
-0.409058
-0.665875
-0.97133
-1.30482
-1.65152
-0.309538
-0.75056
-1.02452
-1.17448
-1.24131
-1.25862
-1.25166
-1.23816
-1.22955
-1.23196
-1.2472
-1.27361
-1.30714
-1.3424
-1.37349
-1.39503
-1.40259
-1.39274
-1.36724
-1.33871
-1.31331
-1.28976
-1.26868
-1.25047
-1.23518
-1.22233
-1.21091
-1.19923
-1.18467
-1.16353
-1.13092
-1.08049
-1.00485
-0.895996
-0.746022
-0.547607
-0.295745
0.00956616
0.359957
0.734668
1.09896
1.40817
1.61997
1.71083
1.68615
1.57599
1.42254
1.26063
1.09639
0.939429
0.795911
0.663551
0.539023
0.418388
0.297307
0.170684
0.0324566
-0.124128
-0.306091
-0.520803
-0.775297
-1.06129
-1.35681
-1.65339
-0.304177
-0.730602
-0.992405
-1.13318
-1.19404
-1.20862
-1.20199
-1.19147
-1.18783
-1.19635
-1.2178
-1.2494
-1.28602
-1.32136
-1.34904
-1.36346
-1.3603
-1.33684
-1.30114
-1.26816
-1.23899
-1.2126
-1.18925
-1.16892
-1.1511
-1.13473
-1.11817
-1.09894
-1.07363
-1.03777
-0.98552
-0.910028
-0.803854
-0.659826
-0.471541
-0.234579
0.0511091
0.378964
0.732799
1.08474
1.3971
1.63033
1.75675
1.77132
1.69255
1.55389
1.38735
1.20363
1.02084
0.853062
0.702173
0.565423
0.438356
0.316136
0.194013
0.0668335
-0.0716052
-0.228212
-0.40998
-0.623467
-0.871999
-1.12994
-1.37988
-1.62725
-0.294312
-0.703126
-0.951611
-1.08331
-1.13914
-1.15244
-1.14784
-1.14201
-1.14482
-1.1604
-1.18825
-1.22427
-1.26216
-1.29484
-1.3156
-1.31896
-1.30107
-1.26362
-1.22065
-1.18332
-1.1504
-1.12097
-1.09491
-1.07167
-1.05018
-1.02877
-1.00501
-0.975644
-0.936516
-0.882259
-0.806587
-0.702746
-0.564362
-0.386092
-0.164351
0.100633
0.403467
0.731595
1.06346
1.3687
1.61289
1.76739
1.81955
1.77753
1.66433
1.5055
1.31265
1.10929
0.91834
0.747087
0.595965
0.460657
0.335511
0.215092
0.0945185
-0.0314229
-0.169233
-0.325948
-0.508056
-0.720217
-0.949443
-1.17012
-1.37428
-1.5758
-0.281199
-0.669589
-0.903732
-1.02656
-1.07834
-1.09179
-1.09081
-1.09112
-1.10139
-1.12433
-1.15787
-1.19649
-1.23279
-1.25918
-1.26906
-1.25759
-1.22229
-1.17237
-1.12464
-1.08348
-1.04722
-1.01492
-0.986012
-0.95937
-0.933301
-0.90533
-0.872224
-0.830036
-0.773781
-0.697726
-0.595869
-0.462746
-0.294189
-0.0876399
0.156174
0.432625
0.732036
1.03839
1.32844
1.57375
1.74731
1.83174
1.8265
1.74428
1.60207
1.41061
1.19497
0.985882
0.79565
0.629106
0.484046
0.354586
0.234375
0.117841
0.000288595
-0.123615
-0.260626
-0.41745
-0.598921
-0.805014
-1.00596
-1.18371
-1.34328
-1.50315
-0.266215
-0.631584
-0.850529
-0.964832
-1.01366
-1.02873
-1.03285
-1.04046
-1.05865
-1.08838
-1.12585
-1.16409
-1.19494
-1.21076
-1.20559
-1.17577
-1.12424
-1.06675
-1.01565
-0.971593
-0.932799
-0.898127
-0.866402
-0.835859
-0.803955
-0.767404
-0.722339
-0.664072
-0.587394
-0.487084
-0.358676
-0.19929
-0.0075217
0.215242
0.464937
0.734281
1.01198
1.28125
1.51962
1.70311
1.81263
1.84036
1.78993
1.66886
1.48673
1.26754
1.04796
0.84361
0.663099
0.507684
0.372777
0.251652
0.13788
0.0261748
-0.0877972
-0.209726
-0.346546
-0.504258
-0.685037
-0.869635
-1.03341
-1.16985
-1.28885
-1.4125
-0.250968
-0.591001
-0.794112
-0.900434
-0.947564
-0.965748
-0.976308
-0.991959
-1.01785
-1.05294
-1.09162
-1.12581
-1.1471
-1.14849
-1.12532
-1.07599
-1.01212
-0.951563
-0.898787
-0.853172
-0.812816
-0.776141
-0.741281
-0.705591
-0.665707
-0.617776
-0.557341
-0.47968
-0.380378
-0.256026
-0.105063
0.0726287
0.275028
0.498394
0.737669
0.985514
1.23083
1.45681
1.64284
1.76934
1.82395
1.80258
1.70329
1.53465
1.31909
1.09709
0.885629
0.695347
0.53065
0.389712
0.26662
0.154562
0.0474367
-0.059487
-0.170226
-0.291005
-0.42841
-0.586567
-0.757462
-0.912117
-1.03612
-1.13289
-1.21557
-1.30808
-0.237349
-0.550103
-0.737021
-0.836123
-0.882925
-0.905701
-0.923762
-0.947642
-0.980198
-1.01823
-1.05458
-1.08058
-1.08827
-1.07194
-1.02865
-0.963659
-0.894756
-0.833535
-0.780566
-0.734419
-0.692884
-0.653769
-0.614298
-0.571012
-0.52005
-0.457154
-0.378075
-0.279204
-0.158226
-0.0148655
0.149689
0.332811
0.531187
0.741549
0.960173
1.18064
1.39104
1.57408
1.71027
1.78468
1.78746
1.70773
1.55308
1.34604
1.12842
0.917005
0.722637
0.551571
0.404975
0.279134
0.167734
0.0642887
-0.0367777
-0.139415
-0.247553
-0.367886
-0.50592
-0.662221
-0.809834
-0.928
-1.01429
-1.07541
-1.12705
-1.19329
-0.227543
-0.511549
-0.682249
-0.775117
-0.823038
-0.851736
-0.877949
-0.909574
-0.946933
-0.9848
-1.01498
-1.02899
-1.02016
-0.984561
-0.921796
-0.846838
-0.778039
-0.718015
-0.665818
-0.61936
-0.575965
-0.532613
-0.485752
-0.431511
-0.365827
-0.284928
-0.186004
-0.0678333
0.0686457
0.221081
0.386283
0.561511
0.745165
0.93647
1.13303
1.32674
1.50335
1.64375
1.73115
1.75236
1.68822
1.5451
1.34949
1.14108
0.935394
0.742302
0.568661
0.417876
0.28902
0.177362
0.0766187
-0.0192621
-0.115245
-0.214392
-0.321174
-0.442568
-0.581504
-0.721418
-0.837271
-0.919788
-0.971448
-1.0017
-1.02758
-1.07165
-0.223993
-0.478367
-0.633212
-0.721023
-0.77148
-0.807117
-0.841516
-0.879547
-0.918942
-0.952826
-0.972684
-0.97099
-0.942843
-0.88658
-0.810587
-0.734308
-0.667214
-0.608774
-0.556961
-0.509006
-0.46153
-0.410835
-0.353045
-0.284298
-0.201305
-0.102047
0.0136477
0.143722
0.28486
0.433625
0.587802
0.747566
0.914564
1.08961
1.26738
1.43586
1.57669
1.67166
1.70546
1.65273
1.51694
1.33433
1.13808
0.941544
0.753358
0.580344
0.427338
0.295783
0.183204
0.0842137
-0.00735488
-0.0971512
-0.189401
-0.286236
-0.392982
-0.515455
-0.64695
-0.760947
-0.842518
-0.891351
-0.912313
-0.916772
-0.921688
-0.946592
-0.229311
-0.45386
-0.593626
-0.677686
-0.731903
-0.77496
-0.816746
-0.858863
-0.896678
-0.922357
-0.927957
-0.907677
-0.858917
-0.784419
-0.701875
-0.627862
-0.563121
-0.505699
-0.452763
-0.400819
-0.345987
-0.28439
-0.212391
-0.127189
-0.0275353
0.0857652
0.209712
0.340251
0.473944
0.609417
0.748203
0.894253
1.05048
1.21445
1.37483
1.51391
1.6124
1.65376
1.60942
1.47659
1.30789
1.12494
0.93866
0.756736
0.585997
0.432216
0.298612
0.184727
0.0866775
-0.00142065
-0.0855736
-0.17094
-0.26061
-0.355951
-0.463079
-0.584617
-0.69643
-0.778662
-0.828088
-0.846804
-0.841922
-0.825774
-0.813889
-0.82146
-0.246129
-0.441429
-0.567298
-0.648925
-0.707721
-0.757884
-0.805187
-0.847969
-0.879756
-0.892646
-0.880097
-0.838543
-0.768085
-0.682267
-0.600771
-0.529063
-0.465424
-0.406909
-0.349912
-0.290492
-0.224772
-0.14935
-0.0619286
0.0379992
0.148762
0.266633
0.387159
0.507106
0.626226
0.747431
0.876276
1.0174
1.16953
1.32247
1.45795
1.55558
1.59904
1.55516
1.43196
1.27751
1.10751
0.930899
0.754859
0.586488
0.432351
0.296996
0.181612
0.0837624
-0.00165037
-0.0808099
-0.159437
-0.24205
-0.330257
-0.425699
-0.534279
-0.642185
-0.726486
-0.778459
-0.798733
-0.791697
-0.766155
-0.73428
-0.70885
-0.699688
-0.276896
-0.444315
-0.557798
-0.638118
-0.701604
-0.75742
-0.807014
-0.84579
-0.866276
-0.861482
-0.826966
-0.761801
-0.674642
-0.585759
-0.506405
-0.435811
-0.371006
-0.308282
-0.243678
-0.173403
-0.0943234
-0.00465491
0.0954061
0.203426
0.315173
0.426139
0.533583
0.638342
0.744895
0.860331
0.990035
1.13347
1.28035
1.41224
1.50796
1.54827
1.49991
1.3904
1.25002
1.09156
0.922883
0.751092
0.583894
0.428707
0.291143
0.173705
0.0752477
-0.00847142
-0.0834479
-0.155926
-0.231195
-0.312844
-0.400543
-0.496775
-0.599955
-0.686659
-0.742171
-0.76592
-0.760574
-0.732524
-0.691427
-0.648097
-0.611329
-0.584822
-0.323635
-0.465274
-0.568048
-0.647739
-0.71501
-0.773642
-0.820889
-0.849966
-0.853518
-0.826441
-0.766978
-0.679155
-0.582849
-0.495444
-0.4171
-0.345168
-0.275901
-0.205369
-0.129935
-0.0468107
0.0452603
0.145414
0.250577
0.356227
0.45815
0.554444
0.647139
0.741861
0.846857
0.967954
1.10457
1.24649
1.37561
1.46927
1.50779
1.45688
1.35874
1.23023
1.08105
0.917992
0.748421
0.580722
0.423172
0.28232
0.161744
0.0614691
-0.0218051
-0.0936871
-0.160651
-0.228698
-0.302448
-0.384088
-0.471512
-0.568155
-0.657178
-0.718205
-0.747328
-0.746193
-0.719649
-0.675714
-0.623996
-0.572789
-0.525874
-0.480389
-0.387706
-0.506222
-0.599866
-0.678809
-0.747609
-0.804623
-0.843493
-0.856371
-0.837178
-0.78338
-0.696598
-0.594309
-0.497712
-0.410575
-0.330407
-0.253538
-0.176101
-0.0946687
-0.00685639
0.0880207
0.188478
0.290939
0.390756
0.484219
0.570543
0.653019
0.738747
0.83637
0.952003
1.08481
1.22334
1.34984
1.44077
1.46751
1.42625
1.33921
1.22067
1.07835
0.918667
0.749339
0.579453
0.418057
0.272517
0.147326
0.0435626
-0.0410409
-0.111439
-0.174084
-0.235547
-0.301374
-0.375453
-0.458104
-0.546277
-0.635387
-0.704162
-0.741127
-0.746802
-0.724819
-0.682024
-0.627433
-0.569637
-0.51335
-0.456565
-0.389714
-0.469594
-0.567883
-0.653475
-0.730338
-0.796712
-0.845944
-0.869156
-0.858848
-0.811192
-0.726988
-0.620152
-0.513867
-0.417004
-0.327662
-0.242162
-0.156779
-0.0683566
0.0249986
0.123343
0.2246
0.324803
0.41942
0.505413
0.583234
0.657639
0.736576
0.829231
0.941469
1.07176
1.20943
1.33475
1.42431
1.44417
1.40927
1.33241
1.22195
1.08431
0.926005
0.755286
0.581869
0.4154
0.263872
0.132543
0.0234335
-0.0646672
-0.135786
-0.195944
-0.251973
-0.310217
-0.375563
-0.45091
-0.533903
-0.621376
-0.698195
-0.745096
-0.760236
-0.745808
-0.707388
-0.653421
-0.593154
-0.533182
-0.473777
-0.406663
-0.315635
-0.568792
-0.649557
-0.727239
-0.799145
-0.857411
-0.891358
-0.891193
-0.851175
-0.77057
-0.659945
-0.543904
-0.436809
-0.337565
-0.242611
-0.148313
-0.0518649
0.0480473
0.150768
0.253596
0.352289
0.442561
0.522266
0.59311
0.661228
0.735911
0.826134
0.937615
1.06795
1.20533
1.33015
1.40938
1.43439
1.4064
1.33703
1.23294
1.09851
0.940179
0.766875
0.588962
0.416574
0.258128
0.119429
0.00327793
-0.0905353
-0.164967
-0.225202
-0.277832
-0.329704
-0.386717
-0.453059
-0.530558
-0.614106
-0.694333
-0.753874
-0.78161
-0.778311
-0.747991
-0.698079
-0.63812
-0.576786
-0.51785
-0.456559
-0.378196
-0.260144
-0.683773
-0.749005
-0.817529
-0.87984
-0.922723
-0.933097
-0.902186
-0.827139
-0.713834
-0.587845
-0.47007
-0.360348
-0.255257
-0.151221
-0.0457512
0.0617966
0.169952
0.275369
0.373506
0.460539
0.535354
0.601088
0.665021
0.737283
0.827165
0.939214
1.07101
1.20994
1.33412
1.40852
1.43698
1.41609
1.35261
1.25249
1.11966
0.960331
0.783779
0.600877
0.422142
0.256286
0.109466
-0.0149492
-0.116324
-0.196557
-0.259752
-0.311736
-0.359274
-0.408958
-0.466054
-0.534022
-0.612987
-0.694974
-0.76549
-0.807244
-0.817743
-0.799092
-0.756999
-0.70037
-0.639152
-0.580626
-0.52509
-0.462492
-0.371743
-0.224113
-0.812038
-0.862497
-0.918885
-0.96522
-0.984323
-0.962873
-0.894906
-0.781434
-0.646266
-0.516863
-0.395823
-0.279881
-0.165332
-0.0498877
0.0664293
0.181202
0.290335
0.389042
0.473937
0.545146
0.607368
0.669255
0.741394
0.833061
0.947992
1.08258
1.22359
1.34119
1.41808
1.45092
1.43573
1.37707
1.27949
1.14666
0.985267
0.804971
0.616914
0.431802
0.258485
0.103314
-0.0299752
-0.140123
-0.228125
-0.296988
-0.351465
-0.397643
-0.442212
-0.491349
-0.549643
-0.619993
-0.699948
-0.775063
-0.831828
-0.858177
-0.854382
-0.824085
-0.774618
-0.715916
-0.657634
-0.604982
-0.554408
-0.490584
-0.386326
-0.207121
-0.950175
-0.98486
-1.02412
-1.04643
-1.03263
-0.971542
-0.861155
-0.719509
-0.57716
-0.44344
-0.315621
-0.189701
-0.0633082
0.0630108
0.185799
0.299939
0.400369
0.484315
0.553188
0.613332
0.674765
0.748513
0.843491
0.963044
1.10235
1.24794
1.36077
1.43887
1.47563
1.46467
1.40869
1.31199
1.178
1.01369
0.829204
0.635961
0.444685
0.264195
0.100878
-0.041336
-0.160772
-0.257749
-0.33434
-0.394174
-0.442263
-0.484683
-0.527842
-0.577336
-0.637016
-0.70924
-0.787523
-0.854332
-0.896489
-0.908996
-0.893411
-0.854871
-0.802027
-0.745254
-0.693211
-0.648521
-0.603662
-0.538295
-0.419555
-0.207486
-1.09415
-1.11011
-1.1255
-1.11489
-1.05976
-0.953115
-0.806422
-0.650459
-0.502533
-0.361425
-0.222977
-0.0845106
0.0532295
0.185758
0.306628
0.41009
0.494113
0.561738
0.621064
0.683409
0.760381
0.860393
0.985614
1.13
1.27428
1.38862
1.4685
1.50842
1.50048
1.44581
1.34834
1.21196
1.04403
0.855027
0.656596
0.459461
0.272295
0.101365
-0.0493675
-0.177994
-0.284378
-0.369888
-0.437198
-0.490171
-0.533812
-0.574011
-0.616779
-0.667083
-0.728196
-0.801734
-0.874255
-0.930527
-0.959205
-0.959774
-0.935078
-0.891654
-0.839071
-0.787525
-0.744093
-0.708513
-0.669417
-0.6019
-0.467936
-0.222483
-1.2394
-1.23171
-1.21523
-1.16302
-1.06011
-0.909004
-0.738104
-0.574104
-0.417553
-0.26468
-0.112446
0.038575
0.183141
0.313135
0.421609
0.506867
0.574022
0.633439
0.697906
0.779205
0.885455
1.0176
1.16805
1.31208
1.42688
1.50771
1.54907
1.54183
1.48667
1.38689
1.24678
1.07441
0.880642
0.677145
0.474545
0.281309
0.103497
-0.0550356
-0.192305
-0.307889
-0.402676
-0.478626
-0.538631
-0.58652
-0.627134
-0.666099
-0.70897
-0.760043
-0.822214
-0.895245
-0.959108
-1.00284
-1.01958
-1.01028
-0.979183
-0.934015
-0.884789
-0.840943
-0.807539
-0.781349
-0.747467
-0.676986
-0.527309
-0.248705
-1.38087
-1.34292
-1.28601
-1.18476
-1.03057
-0.845184
-0.661918
-0.486761
-0.316461
-0.147783
0.0191722
0.178879
0.321525
0.438054
0.526551
0.594127
0.654027
0.721196
0.807976
0.920946
1.06055
1.21755
1.36235
1.47669
1.55651
1.59697
1.5873
1.52926
1.4255
1.28057
1.10307
0.904272
0.695873
0.488265
0.289624
0.105739
-0.0597203
-0.204805
-0.328952
-0.432724
-0.517589
-0.585729
-0.639974
-0.683963
-0.722329
-0.760419
-0.803285
-0.854546
-0.916956
-0.986254
-1.04092
-1.07194
-1.07775
-1.06041
-1.02537
-0.981158
-0.937691
-0.903136
-0.880275
-0.86301
-0.833324
-0.758933
-0.593309
-0.282482
-1.51304
-1.43679
-1.3308
-1.17449
-0.977458
-0.771211
-0.573734
-0.382345
-0.193651
-0.00721561
0.17151
0.331517
0.460841
0.555924
0.625581
0.686572
0.756469
0.848721
0.969117
1.1159
1.27913
1.42517
1.53775
1.61413
1.65095
1.63537
1.57175
1.46209
1.31123
1.12809
0.924129
0.71102
0.49889
0.295543
0.106428
-0.0650247
-0.216971
-0.348791
-0.460834
-0.554223
-0.630652
-0.692242
-0.741606
-0.782187
-0.818489
-0.855643
-0.898214
-0.949259
-1.01154
-1.07212
-1.11566
-1.13549
-1.13218
-1.10905
-1.07257
-1.03171
-0.99578
-0.971336
-0.958795
-0.949432
-0.922614
-0.843324
-0.661769
-0.32026
-1.63111
-1.50872
-1.34767
-1.13846
-0.906903
-0.683989
-0.468112
-0.255676
-0.0457479
0.156455
0.339271
0.487771
0.594919
0.669669
0.732688
0.805395
0.902361
1.02934
1.18307
1.35143
1.49891
1.60822
1.67856
1.70764
1.68333
1.61182
1.49454
1.33667
1.14744
0.938347
0.720843
0.504719
0.297377
0.10388
-0.0726271
-0.230445
-0.368942
-0.488313
-0.589414
-0.673592
-0.742506
-0.798063
-0.84268
-0.879757
-0.913824
-0.949789
-0.991585
-1.04162
-1.10164
-1.15199
-1.18367
-1.19325
-1.18244
-1.15561
-1.11991
-1.08425
-1.05695
-1.04272
-1.03968
-1.03681
-1.01137
-0.926234
-0.729008
-0.358883
-1.72881
-1.55235
-1.33179
-1.08042
-0.826325
-0.581846
-0.341887
-0.10439
0.125903
0.337215
0.512159
0.638977
0.724045
0.791022
0.866172
0.96663
1.09811
1.25662
1.42885
1.57819
1.68342
1.74592
1.76237
1.72765
1.64648
1.52041
1.35481
1.15922
0.945117
0.723648
0.50414
0.293532
0.0964854
-0.0841605
-0.246871
-0.391027
-0.516689
-0.624473
-0.71544
-0.790935
-0.852449
-0.901717
-0.941168
-0.974409
-1.00606
-1.04062
-1.08111
-1.12933
-1.1838
-1.22388
-1.24407
-1.24461
-1.22806
-1.19954
-1.1665
-1.13734
-1.11908
-1.11454
-1.11976
-1.12177
-1.0962
-1.00438
-0.791985
-0.395741
-1.80251
-1.56693
-1.2922
-1.00484
-0.728761
-0.458881
-0.191126
0.0708915
0.315521
0.523677
0.678822
0.78164
0.856055
0.933515
1.03509
1.16767
1.3269
1.49972
1.65164
1.75352
1.80883
1.81183
1.76543
1.67317
1.53736
1.36367
1.1617
0.942859
0.717928
0.4957
0.282584
0.0828052
-0.101101
-0.267765
-0.416579
-0.547475
-0.660828
-0.757418
-0.838339
-0.904852
-0.958351
-1.00065
-1.03451
-1.06389
-1.09333
-1.12656
-1.16548
-1.21147
-1.25559
-1.28457
-1.29514
-1.28863
-1.26846
-1.24027
-1.21141
-1.1895
-1.18013
-1.18432
-1.19626
-1.20145
-1.17433
-1.07517
-0.848333
-0.428814
-1.84629
-1.54751
-1.23087
-0.916682
-0.613475
-0.31349
-0.0175135
0.263967
0.510623
0.70194
0.831513
0.918802
0.999065
1.09867
1.22688
1.38084
1.54877
1.70216
1.80229
1.85286
1.84665
1.79137
1.68904
1.54342
1.36161
1.15354
0.930397
0.702563
0.478284
0.263402
0.0616827
-0.124648
-0.294372
-0.446882
-0.581968
-0.699759
-0.800744
-0.885771
-0.955961
-1.01261
-1.05729
-1.09224
-1.12073
-1.14687
-1.17464
-1.20646
-1.24286
-1.28468
-1.31783
-1.33606
-1.33824
-1.32637
-1.30436
-1.27799
-1.2542
-1.23962
-1.23841
-1.24994
-1.26692
-1.27361
-1.24364
-1.13667
-0.896312
-0.456617
-1.86041
-1.50339
-1.1493
-0.809176
-0.475799
-0.145492
0.17403
0.462429
0.695742
0.860511
0.968186
1.05301
1.14741
1.2651
1.40575
1.56123
1.71175
1.81212
1.85969
1.85355
1.79632
1.68871
1.53588
1.34707
1.13362
0.906887
0.676843
0.451206
0.235276
0.0323648
-0.155602
-0.327541
-0.482823
-0.621085
-0.742201
-0.846364
-0.934176
-1.00665
-1.06511
-1.11119
-1.14692
-1.17513
-1.19937
-1.22338
-1.24994
-1.27992
-1.31266
-1.34725
-1.37026
-1.37913
-1.37461
-1.35913
-1.33676
-1.3132
-1.29473
-1.28693
-1.29263
-1.30983
-1.33
-1.33654
-1.30257
-1.18749
-0.934695
-0.478108
-1.83741
-1.43718
-1.05197
-0.682201
-0.317416
0.0396418
0.370723
0.649712
0.856361
0.992602
1.08646
1.17376
1.27514
1.39506
1.52939
1.66667
1.76771
1.82159
1.82396
1.7717
1.66571
1.51081
1.31813
1.10101
0.871828
0.640495
0.414292
0.198037
-0.00535835
-0.194227
-0.367586
-0.52476
-0.66522
-0.788587
-0.89477
-0.984138
-1.05761
-1.11662
-1.16299
-1.19886
-1.22684
-1.25005
-1.27177
-1.29475
-1.32027
-1.34777
-1.37596
-1.40024
-1.41404
-1.41568
-1.40639
-1.38893
-1.36732
-1.34693
-1.33336
-1.33119
-1.34209
-1.36294
-1.38431
-1.38905
-1.35001
-1.22665
-0.962621
-0.492555
-1.78445
-1.34899
-0.936
-0.535748
-0.142563
0.230176
0.556328
0.809834
0.982377
1.09273
1.17477
1.25658
1.34995
1.45712
1.57391
1.67351
1.7353
1.75071
1.71073
1.61272
1.4625
1.27131
1.05412
0.824695
0.593558
0.367861
0.152114
-0.0510479
-0.240123
-0.41416
-0.572401
-0.714134
-0.838741
-0.945885
-1.03574
-1.10917
-1.16772
-1.21348
-1.24887
-1.27649
-1.29918
-1.31976
-1.34067
-1.36336
-1.38763
-1.41173
-1.43411
-1.44896
-1.45501
-1.45077
-1.43797
-1.41947
-1.39867
-1.38058
-1.37038
-1.37178
-1.38549
-1.40757
-1.42801
-1.42933
-1.38436
-1.25281
-0.979087
-0.499291
-1.70803
-1.24016
-0.801065
-0.372995
0.0388557
0.411533
0.715103
0.931201
1.06738
1.15175
1.21581
1.28143
1.35957
1.45492
1.54585
1.61093
1.63656
1.61074
1.52616
1.38619
1.20274
0.99067
0.764717
0.536206
0.312641
0.098519
-0.10358
-0.292154
-0.466175
-0.624726
-0.766895
-0.891842
-0.999039
-1.08853
-1.16117
-1.21865
-1.26334
-1.29797
-1.32528
-1.34798
-1.36859
-1.38907
-1.41079
-1.43384
-1.45702
-1.47784
-1.49287
-1.49787
-1.49138
-1.47648
-1.45603
-1.43305
-1.41117
-1.39451
-1.38719
-1.39193
-1.40849
-1.43206
-1.45202
-1.45058
-1.40065
-1.26256
-0.982016
-0.497277
-1.60914
-1.11642
-0.651352
-0.20248
0.21454
0.569807
0.83621
1.00891
1.1077
1.16313
1.2052
1.25943
1.3261
1.4032
1.46204
1.49197
1.47627
1.40607
1.28074
1.11005
0.908695
0.690959
0.468597
0.249573
0.038706
-0.161218
-0.348477
-0.521791
-0.679981
-0.821883
-0.946454
-1.05302
-1.14159
-1.21305
-1.26932
-1.31299
-1.34709
-1.37453
-1.39774
-1.41896
-1.43948
-1.45992
-1.48003
-1.49478
-1.50342
-1.50635
-1.50643
-1.49977
-1.48587
-1.4667
-1.44459
-1.42221
-1.40278
-1.38989
-1.38694
-1.39586
-1.4156
-1.4407
-1.4601
-1.45588
-1.40124
-1.25741
-0.97198
-0.486314
-1.48854
-0.975992
-0.490841
-0.0324908
0.373534
0.695401
0.915797
1.04328
1.10548
1.13834
1.1681
1.20829
1.25952
1.30603
1.33008
1.31811
1.25789
1.14758
0.993142
0.80701
0.602523
0.390695
0.17958
-0.0256569
-0.221795
-0.406662
-0.578513
-0.735755
-0.876878
-1.00062
-1.1062
-1.19364
-1.26395
-1.31912
-1.36197
-1.39541
-1.42243
-1.44496
-1.4643
-1.48118
-1.49135
-1.49995
-1.50808
-1.51426
-1.51625
-1.51231
-1.50339
-1.48897
-1.46989
-1.44785
-1.42492
-1.40346
-1.38626
-1.37634
-1.37642
-1.38779
-1.40889
-1.43392
-1.45164
-1.4441
-1.38483
-1.23615
-0.947954
-0.465596
-1.34851
-0.82135
-0.324976
0.128448
0.507148
0.784397
0.955815
1.04159
1.08167
1.09668
1.10961
1.13187
1.1552
1.16637
1.14854
1.09229
0.993017
0.85499
0.686909
0.499677
0.302868
0.103665
-0.0927915
-0.282898
-0.463886
-0.633368
-0.789128
-0.929199
-1.05199
-1.15664
-1.24313
-1.31262
-1.36708
-1.4093
-1.44206
-1.46737
-1.48671
-1.49556
-1.50116
-1.50712
-1.51309
-1.51879
-1.5232
-1.52405
-1.51878
-1.50609
-1.48884
-1.46782
-1.44428
-1.41976
-1.39607
-1.37521
-1.3595
-1.3514
-1.35302
-1.36516
-1.38594
-1.40946
-1.42448
-1.4132
-1.3496
-1.1972
-0.908695
-0.434209
-1.19147
-0.656432
-0.160624
0.27257
0.611116
0.838843
0.967795
1.02774
1.04345
1.03737
1.0303
1.02692
1.01553
0.984935
0.924075
0.829994
0.704343
0.553682
0.385476
0.206866
0.0233805
-0.160755
-0.342003
-0.517154
-0.683099
-0.836876
-0.975835
-1.09799
-1.20218
-1.28852
-1.35798
-1.41297
-1.45512
-1.48633
-1.50327
-1.50971
-1.51342
-1.51606
-1.51917
-1.52344
-1.52755
-1.53015
-1.52937
-1.5226
-1.50769
-1.48533
-1.46025
-1.43328
-1.40567
-1.37881
-1.3542
-1.3335
-1.31855
-1.31127
-1.31327
-1.32491
-1.34411
-1.36498
-1.37649
-1.36118
-1.29365
-1.13891
-0.852889
-0.391223
-1.01989
-0.486633
-0.00542734
0.393817
0.685198
0.870049
0.967035
0.997989
0.98744
0.957969
0.926665
0.890748
0.840713
0.769285
0.672954
0.553903
0.416474
0.265985
0.106564
-0.0586474
-0.227201
-0.396514
-0.563452
-0.724405
-0.875614
-1.01363
-1.13582
-1.24077
-1.32838
-1.39974
-1.45564
-1.49618
-1.5151
-1.52336
-1.52622
-1.52654
-1.52717
-1.52839
-1.53022
-1.53211
-1.53225
-1.52877
-1.51954
-1.50223
-1.47598
-1.44488
-1.41269
-1.38043
-1.34921
-1.32019
-1.29461
-1.27378
-1.25911
-1.25205
-1.25369
-1.26403
-1.2808
-1.29823
-1.30562
-1.28608
-1.21512
-1.05962
-0.77926
-0.335775
-0.837922
-0.31835
0.134439
0.490011
0.737963
0.885154
0.947959
0.94867
0.910712
0.856314
0.795771
0.725813
0.639775
0.536319
0.417486
0.287634
0.150543
0.00847651
-0.138054
-0.289004
-0.443667
-0.599887
-0.754123
-0.90201
-1.03938
-1.16275
-1.2704
-1.36127
-1.43517
-1.48717
-1.51559
-1.53067
-1.53619
-1.53686
-1.53558
-1.53374
-1.53251
-1.53143
-1.52977
-1.5263
-1.51908
-1.50619
-1.48565
-1.45593
-1.41869
-1.37982
-1.3416
-1.30494
-1.27077
-1.24002
-1.21364
-1.19264
-1.17804
-1.17081
-1.1716
-1.18005
-1.19378
-1.20715
-1.20995
-1.18607
-1.1123
-0.957868
-0.68676
-0.267216
-0.651036
-0.158665
0.254011
0.566184
0.772431
0.881009
0.909657
0.880307
0.815102
0.734689
0.645961
0.545615
0.432293
0.309052
0.180577
0.0509029
-0.0784607
-0.208592
-0.341963
-0.480427
-0.623795
-0.769431
-0.913151
-1.04997
-1.17616
-1.28767
-1.38284
-1.45129
-1.4955
-1.52257
-1.53623
-1.54157
-1.54127
-1.5382
-1.53396
-1.52908
-1.52383
-1.51735
-1.50855
-1.49608
-1.47817
-1.45323
-1.41981
-1.37803
-1.33276
-1.288
-1.24543
-1.20575
-1.16965
-1.13784
-1.11101
-1.08984
-1.07499
-1.06707
-1.0663
-1.07206
-1.08191
-1.09046
-1.08814
-1.05983
-0.984011
-0.832763
-0.574899
-0.185366
-0.465958
-0.0134885
0.354994
0.621937
0.785364
0.856286
0.85299
0.796129
0.706872
0.603043
0.49056
0.367985
0.238292
0.106836
-0.0213787
-0.144055
-0.262494
-0.380729
-0.503281
-0.632644
-0.768204
-0.906378
-1.04266
-1.17083
-1.28699
-1.37609
-1.44176
-1.48727
-1.51573
-1.53142
-1.53734
-1.53699
-1.53221
-1.52475
-1.5155
-1.50456
-1.49181
-1.47642
-1.4574
-1.43359
-1.40367
-1.36646
-1.32136
-1.2711
-1.22093
-1.17291
-1.12814
-1.08709
-1.05022
-1.01798
-0.990809
-0.969106
-0.953237
-0.94348
-0.939806
-0.941414
-0.945955
-0.948469
-0.940162
-0.907247
-0.830244
-0.684583
-0.444276
-0.090886
-0.289948
0.11429
0.43393
0.653997
0.77631
0.813257
0.782316
0.70208
0.593254
0.473241
0.344998
0.21028
0.0744484
-0.0564411
-0.1783
-0.291066
-0.39879
-0.50786
-0.623698
-0.748079
-0.879357
-1.01229
-1.14091
-1.25015
-1.33987
-1.40943
-1.45972
-1.49314
-1.51247
-1.52093
-1.5208
-1.51453
-1.50349
-1.48894
-1.47151
-1.45138
-1.42849
-1.40233
-1.37227
-1.33746
-1.29696
-1.24993
-1.1972
-1.14362
-1.09193
-1.04331
-0.998378
-0.957347
-0.920448
-0.887906
-0.859923
-0.836673
-0.818309
-0.804906
-0.796291
-0.791657
-0.788895
-0.783649
-0.768184
-0.730345
-0.653107
-0.515637
-0.297276
0.0142134
-0.130214
0.218872
0.486181
0.660265
0.745589
0.754783
0.703543
0.607769
0.487744
0.359251
0.224094
0.0861705
-0.0481444
-0.173002
-0.285762
-0.388692
-0.488353
-0.592593
-0.706028
-0.828081
-0.954922
-1.07373
-1.18155
-1.2749
-1.3511
-1.40919
-1.45005
-1.47552
-1.48773
-1.48911
-1.48156
-1.46711
-1.44716
-1.423
-1.39551
-1.3652
-1.33227
-1.29655
-1.25763
-1.21483
-1.16732
-1.11481
-1.06011
-1.007
-0.956538
-0.90928
-0.865454
-0.825076
-0.788174
-0.754775
-0.724903
-0.698584
-0.675847
-0.656681
-0.640897
-0.627812
-0.6157
-0.60098
-0.577219
-0.534227
-0.457823
-0.331163
-0.138795
0.126052
0.0045995
0.293311
0.50789
0.640105
0.695698
0.686029
0.623787
0.521839
0.400841
0.272802
0.139251
0.00519975
-0.122597
-0.238803
-0.342331
-0.437693
-0.533612
-0.637416
-0.750796
-0.864465
-0.975875
-1.0825
-1.17966
-1.26333
-1.33097
-1.38138
-1.41491
-1.4328
-1.43681
-1.42916
-1.41195
-1.38742
-1.35744
-1.32362
-1.28715
-1.24875
-1.20877
-1.16711
-1.12336
-1.07682
-1.0266
-0.973385
-0.920954
-0.870713
-0.82302
-0.778008
-0.735639
-0.695774
-0.65829
-0.623077
-0.590053
-0.559169
-0.530417
-0.503794
-0.479189
-0.456138
-0.433386
-0.408227
-0.37569
-0.327795
-0.253473
-0.139982
0.0232741
0.238524
0.105546
0.332103
0.496825
0.593707
0.628267
0.609497
0.54691
0.451353
0.340872
0.222526
0.0982511
-0.0264951
-0.144867
-0.25219
-0.348911
-0.441475
-0.53992
-0.643593
-0.747157
-0.851875
-0.955634
-1.05477
-1.14481
-1.22164
-1.28235
-1.32526
-1.35026
-1.35847
-1.35197
-1.33351
-1.30592
-1.27196
-1.23386
-1.19339
-1.15169
-1.10942
-1.06675
-1.02345
-0.978969
-0.932459
-0.883424
-0.833663
-0.785485
-0.739201
-0.694789
-0.652132
-0.611034
-0.571263
-0.532607
-0.494889
-0.457981
-0.421821
-0.386421
-0.351838
-0.31809
-0.284967
-0.251699
-0.216465
-0.175775
-0.123933
-0.053063
0.045555
0.178151
0.343375
0.164732
0.330736
0.450822
0.52016
0.543348
0.527013
0.477225
0.40127
0.312138
0.212923
0.105087
-0.00617745
-0.114476
-0.216003
-0.312035
-0.409847
-0.509797
-0.607873
-0.706936
-0.806845
-0.905183
-0.998255
-1.08167
-1.15106
-1.203
-1.23557
-1.24888
-1.24485
-1.22661
-1.19785
-1.16203
-1.12208
-1.08014
-1.03765
-0.995388
-0.953664
-0.912381
-0.871133
-0.829263
-0.785915
-0.741122
-0.696915
-0.653932
-0.612095
-0.571206
-0.531034
-0.491316
-0.451787
-0.41221
-0.372387
-0.332186
-0.291555
-0.25053
-0.209227
-0.16777
-0.126166
-0.0840738
-0.0404685
0.00675666
0.0611161
0.127415
0.210609
0.313129
0.430932
0.174611
0.284334
0.366487
0.416742
0.438413
0.435636
0.410981
0.367311
0.310828
0.240714
0.156718
0.0624013
-0.0371848
-0.138782
-0.242575
-0.347358
-0.447854
-0.546307
-0.643827
-0.739706
-0.83199
-0.917389
-0.991463
-1.04952
-1.08808
-1.10596
-1.10458
-1.08735
-1.05857
-1.02249
-0.982538
-0.941228
-0.900101
-0.85997
-0.821108
-0.783435
-0.746623
-0.710171
-0.673437
-0.635847
-0.597839
-0.560401
-0.523528
-0.487005
-0.450582
-0.414
-0.376996
-0.33931
-0.300704
-0.260977
-0.21998
-0.177637
-0.133953
-0.089018
-0.0429695
0.0040784
0.0521654
0.101663
0.153475
0.209152
0.27069
0.339638
0.415173
0.491326
0.124084
0.183091
0.234366
0.273285
0.301457
0.320615
0.330504
0.329848
0.317519
0.288455
0.238812
0.168142
0.0783299
-0.0280798
-0.148017
-0.263322
-0.371548
-0.472925
-0.568195
-0.657707
-0.74047
-0.813518
-0.872369
-0.912699
-0.93225
-0.93175
-0.914563
-0.885438
-0.849177
-0.809744
-0.769895
-0.731258
-0.694576
-0.660011
-0.627377
-0.596316
-0.566385
-0.537105
-0.507986
-0.478724
-0.449557
-0.420628
-0.39176
-0.362715
-0.33325
-0.30312
-0.272075
-0.23986
-0.206221
-0.170912
-0.133707
-0.0944137
-0.0528898
-0.00905859
0.0370874
0.0854971
0.13609
0.188793
0.243558
0.300293
0.358566
0.416908
0.471561
0.514945
