0.0796788
0.0823334
0.0783191
0.0696103
0.0576328
0.0435138
0.028132
0.0121636
-0.00388843
-0.0196634
-0.0349107
-0.0494607
-0.0632061
-0.0760858
-0.0880689
-0.0991474
-0.109326
-0.118612
-0.127022
-0.134582
-0.141326
-0.147171
-0.151998
-0.155815
-0.158656
-0.160543
-0.161483
-0.161479
-0.160527
-0.158627
-0.155784
-0.152006
-0.147311
-0.14155
-0.134278
-0.125211
-0.114227
-0.100725
-0.0854272
-0.0669628
-0.0474773
-0.0271926
-0.00637209
0.0147161
0.0358061
0.0566361
0.0769489
0.096494
0.115035
0.132359
0.148307
0.162796
0.175787
0.18706
0.196175
0.202924
0.207236
0.208917
0.207587
0.202668
0.193432
0.179098
0.158917
0.132213
0.107841
0.104875
0.0958173
0.0824209
0.066127
0.0480585
0.02907
0.00979675
-0.00930603
-0.0279216
-0.0458352
-0.0629051
-0.0790445
-0.0942049
-0.108364
-0.121514
-0.133661
-0.144815
-0.154995
-0.164252
-0.172609
-0.179817
-0.185604
-0.190016
-0.193151
-0.195068
-0.195804
-0.195382
-0.193821
-0.191139
-0.187358
-0.182507
-0.176525
-0.169125
-0.159757
-0.148783
-0.13508
-0.11924
-0.10083
-0.0797348
-0.0573793
-0.0339246
-0.00960975
0.015293
0.0405035
0.0657435
0.0907403
0.115224
0.138935
0.161619
0.183099
0.203276
0.221963
0.2386
0.25193
0.261334
0.266761
0.268015
0.264721
0.256305
0.242023
0.221008
0.192258
0.154432
0.135341
0.125204
0.110005
0.0913281
0.0704879
0.0485016
0.0261231
0.00389098
-0.0178279
-0.0387894
-0.0588372
-0.0778742
-0.0958467
-0.11273
-0.128521
-0.143224
-0.156853
-0.169422
-0.180973
-0.191577
-0.201215
-0.209389
-0.215742
-0.22039
-0.223492
-0.225155
-0.225446
-0.224418
-0.222119
-0.21859
-0.213878
-0.207947
-0.20064
-0.191335
-0.180306
-0.167004
-0.151168
-0.133564
-0.112007
-0.0888364
-0.0642449
-0.0383389
-0.0113078
0.0166061
0.0451292
0.0739716
0.102834
0.131419
0.159435
0.186601
0.212763
0.237769
0.261337
0.282348
0.298817
0.309785
0.315267
0.315151
0.309134
0.296702
0.277113
0.249386
0.212217
0.163642
0.161713
0.143321
0.121294
0.0969911
0.0715249
0.0457296
0.0201959
-0.00467733
-0.0286416
-0.0515491
-0.0733165
-0.0939025
-0.113294
-0.131498
-0.148533
-0.164423
-0.179192
-0.19287
-0.205529
-0.217251
-0.227881
-0.236655
-0.243236
-0.247829
-0.250651
-0.251845
-0.25152
-0.249766
-0.246658
-0.242261
-0.236543
-0.229407
-0.220381
-0.209589
-0.196719
-0.181233
-0.163804
-0.143418
-0.120078
-0.0952338
-0.06888
-0.0410734
-0.0119411
0.0183316
0.0495101
0.0813138
0.11344
0.145572
0.177384
0.208581
0.239013
0.268392
0.296371
0.321034
0.339851
0.351597
0.356364
0.354157
0.344794
0.327836
0.30254
0.267818
0.222103
0.163045
0.18648
0.159202
0.129977
0.0999067
0.0698527
0.0404111
0.0119677
-0.015249
-0.0411335
-0.0656477
-0.0887918
-0.110587
-0.131066
-0.150271
-0.168248
-0.185039
-0.200685
-0.215236
-0.228803
-0.241451
-0.252784
-0.261782
-0.26827
-0.272555
-0.274888
-0.275451
-0.274393
-0.271838
-0.267872
-0.262466
-0.255538
-0.246827
-0.236457
-0.223981
-0.209013
-0.192126
-0.17283
-0.150002
-0.12539
-0.0992544
-0.0715622
-0.0423284
-0.0116232
0.0204378
0.0536715
0.0878373
0.12265
0.157791
0.192909
0.227718
0.262052
0.295413
0.3273
0.354949
0.375476
0.387445
0.390977
0.386186
0.373006
0.35108
0.31969
0.277699
0.223425
0.154405
0.209291
0.172844
0.136312
0.100505
0.0659972
0.0331139
0.00200865
-0.0272814
-0.0548048
-0.0806437
-0.104885
-0.127616
-0.14892
-0.168875
-0.187554
-0.205023
-0.221337
-0.236577
-0.250889
-0.264239
-0.275961
-0.284801
-0.290893
-0.294635
-0.296306
-0.296095
-0.294186
-0.290684
-0.285607
-0.278861
-0.270471
-0.26053
-0.24832
-0.233918
-0.217782
-0.19931
-0.177377
-0.153492
-0.127946
-0.100864
-0.0721999
-0.0419337
-0.0100933
0.0232632
0.0580144
0.0939757
0.130901
0.168484
0.206369
0.244302
0.282055
0.318914
0.354073
0.384048
0.405729
0.417515
0.419458
0.411731
0.394367
0.36711
0.32934
0.279994
0.21744
0.139274
0.229897
0.184278
0.140537
0.0991612
0.0604108
0.0243204
-0.00920512
-0.0403259
-0.0692519
-0.0961867
-0.121305
-0.144761
-0.166688
-0.187201
-0.206401
-0.224376
-0.241203
-0.257006
-0.27188
-0.285626
-0.297175
-0.305531
-0.310985
-0.313985
-0.314806
-0.313631
-0.310627
-0.30586
-0.299362
-0.291333
-0.28155
-0.269582
-0.255806
-0.240519
-0.222382
-0.201467
-0.178589
-0.153976
-0.127765
-0.100029
-0.0707131
-0.0397397
-0.00711871
0.0271301
0.0629452
0.100202
0.138696
0.178152
0.218242
0.258715
0.299246
0.338917
0.376629
0.40827
0.430615
0.441897
0.441983
0.43104
0.409199
0.37637
0.332138
0.275635
0.205383
0.119089
0.248132
0.193564
0.142876
0.0962011
0.0534745
0.0144304
-0.0212792
-0.0540168
-0.0841502
-0.112
-0.137829
-0.161854
-0.184256
-0.205188
-0.224777
-0.243128
-0.260344
-0.276578
-0.291798
-0.305519
-0.316389
-0.323884
-0.328427
-0.330395
-0.330087
-0.327673
-0.32326
-0.317148
-0.309341
-0.299492
-0.287913
-0.274813
-0.260137
-0.241979
-0.221983
-0.200169
-0.176657
-0.151532
-0.124877
-0.0967347
-0.0670088
-0.0355958
-0.00249341
0.0323178
0.0688233
0.106937
0.146502
0.187278
0.228993
0.271373
0.313844
0.35551
0.394947
0.427625
0.450198
0.460683
0.458657
0.444239
0.417708
0.379235
0.328708
0.265529
0.18839
0.0950756
0.263892
0.200781
0.143535
0.0919111
0.0455067
0.0037667
-0.0339059
-0.0680708
-0.0992475
-0.127871
-0.154288
-0.178771
-0.201544
-0.222794
-0.242666
-0.261275
-0.278756
-0.295204
-0.310431
-0.323771
-0.333456
-0.339669
-0.342895
-0.343463
-0.341727
-0.337937
-0.332243
-0.324357
-0.314773
-0.303668
-0.291361
-0.275566
-0.258141
-0.238868
-0.218001
-0.195576
-0.171608
-0.146152
-0.119252
-0.0908812
-0.0609461
-0.0293182
0.00402933
0.0391368
0.07601
0.114603
0.154789
0.196357
0.239093
0.282597
0.326089
0.368713
0.408431
0.441555
0.4641
0.473597
0.469258
0.451185
0.419885
0.375889
0.319453
0.250279
0.1672
0.0679948
0.277119
0.206015
0.1427
0.0865369
0.0367875
-0.00738734
-0.0468193
-0.082252
-0.114344
-0.143637
-0.170548
-0.1954
-0.218451
-0.239917
-0.259958
-0.278711
-0.296305
-0.312657
-0.327374
-0.339436
-0.347581
-0.352212
-0.353923
-0.353027
-0.3498
-0.344235
-0.336765
-0.32765
-0.316921
-0.303143
-0.287782
-0.270647
-0.25208
-0.23198
-0.210513
-0.187655
-0.163416
-0.137808
-0.110801
-0.0823646
-0.0523846
-0.0207179
0.0126835
0.0478536
0.0848233
0.123558
0.163956
0.205836
0.248908
0.292697
0.336315
0.378868
0.418086
0.45098
0.472992
0.481031
0.473942
0.45189
0.41573
0.366435
0.304654
0.23034
0.142357
0.0383879
0.287785
0.209353
0.140528
0.0802809
0.0275391
-0.0188045
-0.0597953
-0.0963473
-0.129243
-0.159113
-0.186438
-0.211581
-0.234835
-0.256434
-0.276558
-0.295312
-0.312717
-0.328587
-0.34233
-0.352517
-0.35883
-0.361755
-0.361608
-0.358821
-0.353868
-0.347065
-0.337616
-0.32563
-0.31195
-0.296538
-0.279774
-0.261598
-0.24221
-0.221551
-0.199674
-0.176563
-0.152205
-0.126547
-0.0995729
-0.0711953
-0.0412919
-0.00971049
0.0235928
0.0586469
0.0954773
0.134055
0.174271
0.215936
0.258643
0.301791
0.344584
0.38612
0.424326
0.456421
0.47727
0.483174
0.472757
0.446408
0.405449
0.35131
0.284964
0.206489
0.114646
0.0068993
0.295886
0.210874
0.137155
0.0733076
0.0179384
-0.0303041
-0.0726563
-0.110186
-0.143781
-0.17415
-0.201826
-0.227214
-0.250612
-0.272236
-0.292262
-0.310771
-0.327667
-0.342647
-0.355052
-0.362931
-0.366913
-0.367666
-0.365755
-0.361317
-0.353502
-0.343421
-0.331347
-0.317505
-0.302226
-0.28558
-0.267785
-0.248839
-0.228871
-0.207817
-0.185725
-0.16253
-0.13815
-0.112565
-0.0856963
-0.057456
-0.027714
0.00368155
0.0367762
0.0715604
0.108042
0.146174
0.185822
0.226679
0.268268
0.309982
0.350967
0.390619
0.427545
0.458283
0.477168
0.48012
0.46579
0.434969
0.389494
0.331163
0.260943
0.178977
0.0842096
-0.0262192
0.301424
0.210653
0.132694
0.0657479
0.00812318
-0.0417513
-0.0852806
-0.123661
-0.157881
-0.188702
-0.21666
-0.242163
-0.265527
-0.287035
-0.306839
-0.324826
-0.340938
-0.354567
-0.364346
-0.369795
-0.371844
-0.369683
-0.364307
-0.356346
-0.346107
-0.333965
-0.32017
-0.304922
-0.288469
-0.270888
-0.25236
-0.232886
-0.212521
-0.191246
-0.169043
-0.145836
-0.121547
-0.0960823
-0.069368
-0.04131
-0.011774
0.0193678
0.0521373
0.086503
0.122423
0.159807
0.19841
0.237865
0.277593
0.317059
0.355523
0.392415
0.427768
0.456501
0.472508
0.471689
0.45299
0.417677
0.367296
0.304773
0.231569
0.147605
0.0512157
-0.0608131
0.304413
0.208754
0.127229
0.0576937
-0.00181767
-0.0530743
-0.0976196
-0.136726
-0.171431
-0.202542
-0.230644
-0.256173
-0.279413
-0.300602
-0.319843
-0.336979
-0.351749
-0.364047
-0.370467
-0.371919
-0.369659
-0.364272
-0.356288
-0.346108
-0.334022
-0.320314
-0.305206
-0.288881
-0.271541
-0.253274
-0.234202
-0.214342
-0.193732
-0.172313
-0.150051
-0.126875
-0.102671
-0.077349
-0.050804
-0.0229378
0.00634911
0.0371623
0.0694948
0.103266
0.138379
0.174627
0.211722
0.249097
0.286387
0.322768
0.35808
0.392356
0.42566
0.45143
0.463436
0.457713
0.432755
0.391727
0.337425
0.27244
0.197881
0.113253
0.0163565
-0.0963366
0.304864
0.205213
0.120807
0.0491825
-0.0118412
-0.0641827
-0.109496
-0.149133
-0.184208
-0.21552
-0.243614
-0.268939
-0.291887
-0.312435
-0.33066
-0.346657
-0.358805
-0.366667
-0.368775
-0.366889
-0.361787
-0.354013
-0.344006
-0.332092
-0.318535
-0.30358
-0.287428
-0.270241
-0.252196
-0.233375
-0.21388
-0.193723
-0.172907
-0.151371
-0.129073
-0.105907
-0.081771
-0.0565642
-0.030182
-0.0025319
0.0264639
0.0568648
0.0886038
0.121569
0.155538
0.190253
0.225241
0.260009
0.294139
0.326868
0.358505
0.390568
0.421128
0.442565
0.447866
0.434764
0.403866
0.35851
0.3018
0.23589
0.161318
0.0770629
-0.0195223
-0.132122
0.302789
0.200074
0.113495
0.0403234
-0.0218028
-0.0749506
-0.120835
-0.160829
-0.196048
-0.227342
-0.25526
-0.280151
-0.302434
-0.321584
-0.337557
-0.350449
-0.359962
-0.363551
-0.362389
-0.357736
-0.350272
-0.340486
-0.328764
-0.315383
-0.300573
-0.284562
-0.267524
-0.24961
-0.230964
-0.211665
-0.191792
-0.171351
-0.150331
-0.128667
-0.1063
-0.083124
-0.0590296
-0.0339147
-0.00768397
0.0197226
0.0483406
0.0781768
0.109135
0.14098
0.173438
0.206147
0.23844
0.270169
0.300178
0.328949
0.357123
0.386782
0.41314
0.427564
0.424889
0.404495
0.368447
0.320187
0.262501
0.19689
0.12325
0.0400548
-0.0556402
-0.167522
0.298249
0.193408
0.105356
0.0311543
-0.0316844
-0.0852991
-0.131444
-0.171588
-0.206734
-0.237745
-0.265112
-0.288784
-0.309185
-0.326254
-0.340108
-0.35041
-0.356659
-0.356596
-0.352588
-0.345524
-0.335999
-0.324452
-0.311236
-0.296578
-0.280674
-0.263736
-0.245925
-0.227366
-0.208182
-0.188442
-0.168206
-0.147476
-0.126229
-0.104397
-0.081918
-0.0586892
-0.0346053
-0.00954858
0.0165031
0.043559
0.0716567
0.100756
0.130635
0.161014
0.191574
0.221588
0.250847
0.278464
0.304309
0.328725
0.354229
0.380905
0.401087
0.406849
0.395514
0.368472
0.328531
0.278754
0.221259
0.156814
0.0846939
0.00299692
-0.0913729
-0.201986
0.291256
0.185218
0.0964217
0.0217614
-0.0413527
-0.0951112
-0.141224
-0.181161
-0.215728
-0.245733
-0.271797
-0.294095
-0.312794
-0.327974
-0.339507
-0.347383
-0.349574
-0.346497
-0.33999
-0.330808
-0.319477
-0.306391
-0.291867
-0.276093
-0.259218
-0.241459
-0.222947
-0.203797
-0.184109
-0.16394
-0.143334
-0.122292
-0.100784
-0.078747
-0.0561198
-0.0328011
-0.00863934
0.0162924
0.0420422
0.0686225
0.0960333
0.124109
0.152569
0.181155
0.209076
0.236087
0.261546
0.284652
0.305889
0.326649
0.350496
0.372582
0.384341
0.380364
0.360769
0.328334
0.285914
0.235833
0.179397
0.116655
0.0463937
-0.0335089
-0.126164
-0.234965
0.281866
0.175585
0.0867609
0.012175
-0.0507553
-0.104216
-0.149735
-0.188778
-0.222397
-0.251398
-0.276203
-0.296988
-0.313848
-0.327023
-0.336045
-0.341013
-0.339421
-0.333686
-0.324975
-0.313929
-0.30102
-0.286598
-0.270946
-0.254207
-0.236481
-0.217982
-0.198831
-0.179124
-0.158947
-0.138345
-0.117353
-0.09597
-0.0741692
-0.0518963
-0.0290828
-0.00556757
0.0185383
0.0432436
0.0685802
0.0945298
0.120961
0.147669
0.174398
0.200458
0.225447
0.248933
0.269696
0.288157
0.304891
0.324559
0.345599
0.360407
0.362135
0.348542
0.321917
0.285642
0.242086
0.192661
0.137853
0.0771052
0.00889989
-0.0689703
-0.159545
-0.266057
0.270163
0.164548
0.0764103
0.00250462
-0.0596477
-0.112172
-0.156753
-0.194798
-0.227373
-0.255173
-0.278521
-0.297541
-0.312528
-0.323296
-0.32991
-0.330959
-0.326474
-0.318441
-0.307807
-0.295147
-0.280874
-0.265304
-0.248675
-0.231099
-0.212625
-0.193471
-0.173731
-0.153495
-0.132837
-0.111796
-0.0904008
-0.0686557
-0.0465427
-0.0239992
-0.00089504
0.0226545
0.0466171
0.0709826
0.0957649
0.120795
0.145911
0.170925
0.195232
0.218416
0.240061
0.258894
0.274951
0.288551
0.303988
0.322365
0.337748
0.343075
0.334433
0.312354
0.280388
0.241827
0.198255
0.150154
0.0972799
0.0386575
-0.0273713
-0.102998
-0.191157
-0.294899
0.2562
0.15217
0.0654587
-0.00708116
-0.0679462
-0.11923
-0.162608
-0.199449
-0.230759
-0.257066
-0.278722
-0.295824
-0.308714
-0.31689
-0.320764
-0.31805
-0.311082
-0.301052
-0.288765
-0.274716
-0.25928
-0.24272
-0.22524
-0.206939
-0.187797
-0.168037
-0.147752
-0.127013
-0.105882
-0.0843984
-0.0625934
-0.0404801
-0.018045
0.00485392
0.0280837
0.0515652
0.0752577
0.0991414
0.123076
0.146849
0.170323
0.193008
0.214492
0.234439
0.251656
0.265663
0.27675
0.288445
0.303632
0.318052
0.325102
0.32003
0.301896
0.273103
0.237591
0.198106
0.155352
0.108962
0.0581385
0.00167516
-0.0620893
-0.135266
-0.220709
-0.321167
0.240072
0.138516
0.0539697
-0.0166418
-0.0757808
-0.125481
-0.167379
-0.202785
-0.232489
-0.257128
-0.2768
-0.291939
-0.302253
-0.307958
-0.308066
-0.302609
-0.293508
-0.281773
-0.268079
-0.252863
-0.236433
-0.219019
-0.200809
-0.181877
-0.162117
-0.141797
-0.120992
-0.0997616
-0.0781674
-0.0562461
-0.0340373
-0.0115727
0.0112477
0.0343629
0.0575961
0.0808736
0.104143
0.127269
0.150008
0.172197
0.19346
0.213357
0.231697
0.247455
0.259778
0.268934
0.277376
0.289284
0.301968
0.30944
0.306645
0.291641
0.265745
0.232237
0.194808
0.155457
0.11405
0.0695333
0.0207568
-0.0335612
-0.0949809
-0.165551
-0.247964
-0.34453
0.221872
0.123642
0.0419416
-0.0262097
-0.0831985
-0.130981
-0.171131
-0.204714
-0.232604
-0.255243
-0.272828
-0.285677
-0.293287
-0.296273
-0.292745
-0.284975
-0.27407
-0.260882
-0.246003
-0.229802
-0.212524
-0.194383
-0.175534
-0.156023
-0.135709
-0.114858
-0.093545
-0.071835
-0.0497834
-0.0274404
-0.00485324
0.0179783
0.0410847
0.0642636
0.0873447
0.110237
0.132842
0.154836
0.176051
0.196161
0.214672
0.231488
0.245923
0.256747
0.264313
0.270259
0.279046
0.289673
0.296769
0.295242
0.282521
0.259063
0.227468
0.191113
0.15308
0.114604
0.0748216
0.032193
-0.0146182
-0.0668315
-0.125848
-0.193649
-0.272684
-0.364631
0.201689
0.107592
0.0293779
-0.0358088
-0.0902462
-0.135792
-0.173781
-0.205281
-0.231098
-0.251459
-0.26692
-0.276916
-0.282015
-0.281356
-0.27526
-0.26553
-0.253087
-0.238675
-0.222789
-0.205733
-0.187747
-0.168971
-0.149535
-0.129499
-0.108662
-0.0872999
-0.0654975
-0.043315
-0.0208251
0.0019156
0.0248313
0.0479897
0.0712169
0.0942861
0.117014
0.139301
0.160831
0.18135
0.200605
0.217994
0.233484
0.246666
0.256151
0.262341
0.266172
0.272375
0.280932
0.287267
0.28635
0.275229
0.253723
0.223828
0.188552
0.150882
0.113182
0.0760156
0.0379537
-0.00285931
-0.0478042
-0.0979324
-0.154494
-0.219348
-0.294582
-0.381068
0.179616
0.0904111
0.0162774
-0.0454705
-0.0969714
-0.139843
-0.175356
-0.204575
-0.227889
-0.245907
-0.258702
-0.265885
-0.268117
-0.264067
-0.255885
-0.244534
-0.230833
-0.215414
-0.198668
-0.180898
-0.162286
-0.142941
-0.122972
-0.102421
-0.0810804
-0.0592173
-0.0369313
-0.0142968
0.00861579
0.0316998
0.054918
0.0782497
0.101412
0.124159
0.146308
0.167586
0.187678
0.206329
0.222919
0.237336
0.24941
0.257667
0.262647
0.264775
0.268675
0.275393
0.280824
0.28016
0.270154
0.250176
0.221737
0.18749
0.150255
0.112415
0.0756572
0.0400082
0.00362903
-0.0354953
-0.0786739
-0.12673
-0.180778
-0.242458
-0.313341
-0.393353
0.155764
0.0721346
0.00263002
-0.0552284
-0.10333
-0.14317
-0.175987
-0.202442
-0.223127
-0.23868
-0.24829
-0.252838
-0.251413
-0.244997
-0.235037
-0.222319
-0.207553
-0.191278
-0.173843
-0.155479
-0.136318
-0.116484
-0.0960205
-0.0749807
-0.0531621
-0.0308067
-0.00805353
0.0150273
0.0383069
0.0616753
0.0851147
0.108445
0.131332
0.153517
0.174735
0.194609
0.212883
0.22898
0.242601
0.253685
0.26098
0.264869
0.265722
0.267641
0.272626
0.277213
0.27663
0.267459
0.248667
0.22143
0.188116
0.15137
0.113513
0.0762864
0.0408182
0.00673089
-0.0280797
-0.065658
-0.107155
-0.153137
-0.204591
-0.262805
-0.32873
-0.401168
0.130256
0.0528128
-0.0115543
-0.0650414
-0.109361
-0.14591
-0.175598
-0.199039
-0.217019
-0.229327
-0.236002
-0.237368
-0.232883
-0.2245
-0.213027
-0.199156
-0.183481
-0.166477
-0.148423
-0.129525
-0.109888
-0.089582
-0.0686519
-0.0471351
-0.0248585
-0.00203218
0.0211781
0.0446351
0.0682138
0.0917736
0.115266
0.138376
0.160733
0.182041
0.201894
0.219967
0.235842
0.248903
0.259214
0.265769
0.268715
0.268528
0.268827
0.272263
0.27607
0.275585
0.267139
0.249368
0.223102
0.190547
0.154246
0.116465
0.0789315
0.0428107
0.00879444
-0.0237969
-0.0571878
-0.0933542
-0.133224
-0.177123
-0.225857
-0.280266
-0.340521
-0.403589
0.103234
0.0325301
-0.0262053
-0.0749245
-0.11517
-0.148039
-0.174223
-0.194562
-0.20937
-0.218234
-0.222056
-0.219676
-0.213012
-0.202949
-0.190179
-0.175305
-0.158857
-0.141206
-0.122596
-0.103198
-0.083083
-0.0623241
-0.0409323
-0.0189378
0.0037902
0.0271005
0.0507187
0.0745131
0.0983108
0.121961
0.145323
0.167982
0.189536
0.209567
0.227656
0.243481
0.256274
0.266014
0.27208
0.274287
0.27327
0.27213
0.274169
0.277215
0.27682
0.269086
0.252272
0.226903
0.194968
0.158986
0.12124
0.0834713
0.0468507
0.0120881
-0.020447
-0.0516533
-0.0837727
-0.118638
-0.156904
-0.198699
-0.244534
-0.294737
-0.348637
-0.399166
0.0748905
0.0114007
-0.0413103
-0.0849435
-0.120727
-0.149474
-0.172056
-0.189137
-0.200043
-0.205737
-0.205912
-0.200916
-0.192332
-0.180775
-0.166843
-0.151076
-0.133912
-0.115672
-0.0965342
-0.0766328
-0.0560411
-0.0348048
-0.0129477
0.00952034
0.0327196
0.0564625
0.0804568
0.104516
0.128437
0.152035
0.175055
0.197013
0.217432
0.235787
0.251743
0.264627
0.274024
0.279858
0.281544
0.279979
0.277547
0.278189
0.28044
0.280071
0.273025
0.257169
0.23268
0.201356
0.165628
0.127846
0.0898276
0.052776
0.0173986
-0.0159274
-0.0470555
-0.0770179
-0.107992
-0.141627
-0.178281
-0.217903
-0.260588
-0.306135
-0.352763
-0.390316
0.0454433
-0.010474
-0.0568493
-0.0950014
-0.125884
-0.15038
-0.169208
-0.182085
-0.189437
-0.191662
-0.188391
-0.181284
-0.171024
-0.158154
-0.143202
-0.126626
-0.108802
-0.0899901
-0.0703303
-0.0499343
-0.0288439
-0.00712235
0.0152246
0.0381775
0.0618082
0.0859586
0.110268
0.134502
0.158401
0.18174
0.20416
0.225115
0.243964
0.260251
0.273529
0.282862
0.288699
0.290152
0.288266
0.284845
0.284081
0.285388
0.28492
0.278492
0.263599
0.240028
0.209344
0.173912
0.13609
0.0977983
0.0603396
0.0244524
-0.00950989
-0.0414054
-0.0712351
-0.100094
-0.130029
-0.162469
-0.197499
-0.234803
-0.274084
-0.314448
-0.351237
-0.376195
0.0151164
-0.0329602
-0.0726168
-0.104929
-0.130774
-0.150862
-0.165202
-0.173919
-0.177707
-0.175875
-0.170179
-0.161164
-0.149387
-0.135325
-0.119438
-0.102113
-0.08366
-0.0642774
-0.0440837
-0.0231741
-0.00158459
0.020643
0.0434951
0.0669308
0.0909818
0.115452
0.139968
0.164219
0.187911
0.210748
0.232256
0.251772
0.268587
0.282357
0.292083
0.298075
0.299659
0.297628
0.293503
0.291452
0.291626
0.290766
0.284757
0.270757
0.248146
0.218189
0.183138
0.145371
0.106871
0.0690418
0.0327196
-0.00172277
-0.0341891
-0.06469
-0.0933195
-0.121177
-0.150133
-0.181367
-0.214692
-0.249481
-0.28501
-0.319597
-0.345826
-0.358228
-0.0157851
-0.0557091
-0.0884255
-0.11478
-0.135444
-0.150602
-0.16015
-0.164857
-0.164423
-0.159713
-0.151773
-0.140972
-0.127774
-0.112585
-0.0957957
-0.0777244
-0.0586228
-0.0386503
-0.0178978
0.00355551
0.0256879
0.0484489
0.0717941
0.0956707
0.120047
0.144725
0.169298
0.193401
0.216638
0.238617
0.258816
0.276316
0.290582
0.30116
0.307435
0.309477
0.307519
0.302836
0.299615
0.298478
0.296814
0.290801
0.27745
0.255751
0.226627
0.19213
0.154598
0.116063
0.0780129
0.0413709
0.00659699
-0.0262066
-0.0571188
-0.0862449
-0.113734
-0.140643
-0.168628
-0.198597
-0.230075
-0.262114
-0.293467
-0.320419
-0.33623
-0.336466
-0.0468559
-0.0785455
-0.104238
-0.124527
-0.139667
-0.149357
-0.154391
-0.154679
-0.150635
-0.143385
-0.133371
-0.120904
-0.106364
-0.0901006
-0.072429
-0.0536067
-0.0338345
-0.0132369
0.00812351
0.0301786
0.0528804
0.0761561
0.0999481
0.124173
0.148781
0.173538
0.197976
0.221629
0.244029
0.26477
0.28305
0.298035
0.309538
0.316333
0.319104
0.317314
0.312342
0.307964
0.30529
0.302346
0.295766
0.282615
0.261629
0.233369
0.199624
0.162599
0.124311
0.0862975
0.0495563
0.0146201
-0.0183296
-0.0493716
-0.0786933
-0.106453
-0.132831
-0.158799
-0.185774
-0.214384
-0.243816
-0.272802
-0.2995
-0.317903
-0.323332
-0.311661
-0.0778872
-0.101318
-0.119947
-0.134002
-0.142935
-0.147542
-0.147835
-0.143833
-0.136865
-0.127222
-0.115248
-0.101185
-0.0853576
-0.0680357
-0.0494774
-0.0298803
-0.0093942
0.0118922
0.0339107
0.0565742
0.0798218
0.103583
0.127752
0.152247
0.176944
0.201539
0.225518
0.248392
0.269576
0.288474
0.304384
0.316634
0.324316
0.327849
0.326452
0.321466
0.315985
0.311622
0.306958
0.299226
0.285744
0.265139
0.237673
0.204819
0.168572
0.130856
0.0932018
0.0566471
0.0217856
-0.0111376
-0.0421229
-0.0713563
-0.0990871
-0.125504
-0.150798
-0.175819
-0.201721
-0.228826
-0.255976
-0.281521
-0.302079
-0.311973
-0.307304
-0.284064
-0.10857
-0.123821
-0.135418
-0.142507
-0.145705
-0.145148
-0.140449
-0.133106
-0.123373
-0.111452
-0.0975897
-0.0819915
-0.0648939
-0.0465139
-0.0270425
-0.00661303
0.0146523
0.03666
0.059342
0.0826089
0.106366
0.130545
0.155019
0.179608
0.204128
0.228261
0.251483
0.273084
0.292528
0.309277
0.322114
0.330851
0.335244
0.334276
0.329553
0.323249
0.317186
0.310559
0.3012
0.286871
0.266248
0.239379
0.207437
0.172152
0.135285
0.0982975
0.0622268
0.0277002
-0.00498473
-0.0357736
-0.0647741
-0.0922248
-0.118404
-0.143516
-0.16775
-0.191806
-0.216551
-0.241965
-0.266557
-0.288231
-0.301716
-0.303142
-0.288661
-0.254196
-0.138634
-0.145833
-0.149836
-0.150415
-0.14792
-0.141843
-0.133268
-0.122724
-0.110338
-0.0962157
-0.0805411
-0.0634338
-0.0450755
-0.0256065
-0.0051593
0.0161487
0.0382236
0.0609564
0.0842738
0.108095
0.132331
0.156839
0.18142
0.205845
0.229942
0.253224
0.275148
0.295163
0.312432
0.325959
0.335659
0.340485
0.340157
0.335844
0.329048
0.321573
0.313017
0.301869
0.286358
0.265376
0.238858
0.207724
0.173441
0.137577
0.101476
0.0661279
0.0321652
-8.34362e-05
-0.0305149
-0.0591887
-0.0862682
-0.112012
-0.136705
-0.160562
-0.183761
-0.206819
-0.230296
-0.2538
-0.275492
-0.292016
-0.29846
-0.291604
-0.267604
-0.222303
-0.167803
-0.166893
-0.163396
-0.15767
-0.149271
-0.138517
-0.1263
-0.112706
-0.0977764
-0.0815527
-0.0641178
-0.0455319
-0.0258903
-0.00529358
0.0161615
0.0383541
0.0612036
0.0846242
0.108567
0.132918
0.157511
0.182117
0.206569
0.23056
0.25377
0.275799
0.296133
0.313745
0.327966
0.338468
0.343504
0.343799
0.33985
0.332758
0.324218
0.314017
0.301182
0.284457
0.262972
0.236654
0.206213
0.172882
0.138038
0.102908
0.068416
0.0351688
0.0035044
-0.0264449
-0.0546924
-0.0813581
-0.10663
-0.130766
-0.154051
-0.176699
-0.198871
-0.220881
-0.242945
-0.264276
-0.282608
-0.293014
-0.292488
-0.27757
-0.244384
-0.188685
-0.195803
-0.186622
-0.17606
-0.164086
-0.149959
-0.135123
-0.119481
-0.103001
-0.0856605
-0.067413
-0.048266
-0.0282021
-0.00726498
0.0144481
0.0368618
0.0599
0.0835063
0.107622
0.132138
0.156829
0.181537
0.206028
0.230016
0.25312
0.275147
0.295452
0.313243
0.328104
0.33888
0.344113
0.344968
0.341406
0.334035
0.32467
0.313198
0.298981
0.281226
0.259319
0.233199
0.203441
0.171052
0.137221
0.103057
0.0694316
0.0369385
0.0059163
-0.0234887
-0.0512619
-0.0774803
-0.102292
-0.12589
-0.148528
-0.17048
-0.191958
-0.213094
-0.233972
-0.254438
-0.273253
-0.287038
-0.291359
-0.283955
-0.261218
-0.219183
-0.15357
-0.222249
-0.204999
-0.187733
-0.169413
-0.150535
-0.131766
-0.112855
-0.0936349
-0.0739724
-0.0537537
-0.0329004
-0.0113788
0.0107847
0.0335552
0.0568981
0.0807802
0.105149
0.129844
0.154693
0.179514
0.204104
0.228093
0.251233
0.273132
0.293242
0.311067
0.32623
0.336794
0.342309
0.343466
0.340326
0.332795
0.322723
0.310266
0.29503
0.276529
0.254426
0.228676
0.199703
0.168331
0.135566
0.102398
0.0696442
0.0378858
0.00747817
-0.0214013
-0.0487127
-0.0745045
-0.0988846
-0.12201
-0.144072
-0.165313
-0.186001
-0.206329
-0.226392
-0.24602
-0.26467
-0.280505
-0.288659
-0.28706
-0.27294
-0.242638
-0.192132
-0.117133
-0.246605
-0.221914
-0.198162
-0.173823
-0.150606
-0.128194
-0.10621
-0.0844026
-0.0625244
-0.0403849
-0.0179232
0.00496429
0.0282993
0.052095
0.0763647
0.101053
0.125975
0.151009
0.175995
0.200678
0.224738
0.247883
0.269719
0.289571
0.307337
0.322336
0.332522
0.338314
0.339595
0.336711
0.3291
0.318487
0.305185
0.289181
0.27022
0.248135
0.222965
0.194995
0.164822
0.133267
0.101197
0.0693733
0.0383745
0.00857602
-0.0198189
-0.0467332
-0.072165
-0.0961878
-0.11892
-0.140519
-0.161169
-0.181102
-0.200572
-0.219733
-0.238679
-0.256901
-0.273394
-0.284961
-0.287589
-0.280163
-0.259526
-0.221933
-0.163371
-0.0795687
-0.268854
-0.237176
-0.206997
-0.1776
-0.150271
-0.124392
-0.0994894
-0.0751901
-0.0512074
-0.0272884
-0.00329967
0.02089
0.0453718
0.0702002
0.0952771
0.12052
0.145793
0.170972
0.195764
0.219901
0.243081
0.264757
0.284538
0.302091
0.316265
0.326144
0.332048
0.333594
0.330847
0.323145
0.312183
0.29825
0.281568
0.262271
0.240345
0.215859
0.18905
0.160306
0.130208
0.0994481
0.0687089
0.0385649
0.00942378
-0.0184696
-0.0449986
-0.070134
-0.0938965
-0.116344
-0.137595
-0.1578
-0.17714
-0.195831
-0.214093
-0.232042
-0.249798
-0.266417
-0.280271
-0.286389
-0.283807
-0.270681
-0.243677
-0.199097
-0.132919
-0.0409762
-0.28881
-0.250608
-0.21433
-0.18036
-0.1492
-0.120089
-0.0924591
-0.0658552
-0.0399313
-0.0143436
0.0110833
0.036535
0.0621229
0.0877608
0.11342
0.139034
0.164451
0.189388
0.213608
0.23677
0.258338
0.278016
0.295418
0.308737
0.318289
0.323969
0.325639
0.323088
0.315322
0.304083
0.28974
0.272562
0.252917
0.231117
0.207301
0.181641
0.15441
0.125969
0.0967957
0.0674164
0.0383436
0.0100019
-0.0173064
-0.0434087
-0.0682312
-0.0917617
-0.114022
-0.135045
-0.15494
-0.173852
-0.191951
-0.209435
-0.226464
-0.243136
-0.25956
-0.274306
-0.283858
-0.284935
-0.277352
-0.258609
-0.225486
-0.174233
-0.100987
-0.0016079
-0.306293
-0.262048
-0.220006
-0.181908
-0.147219
-0.115139
-0.0850169
-0.0563105
-0.0285742
-0.00142926
0.0253844
0.051959
0.0783861
0.104642
0.130714
0.156436
0.181588
0.205928
0.229059
0.250551
0.270127
0.286812
0.299698
0.308976
0.314552
0.316137
0.313691
0.30603
0.294607
0.279949
0.262435
0.242515
0.220701
0.197381
0.172733
0.146918
0.120154
0.0927225
0.0649693
0.0372723
0.0100008
-0.0165281
-0.0420814
-0.0665166
-0.089771
-0.11183
-0.132703
-0.152406
-0.171029
-0.188709
-0.205605
-0.221876
-0.23761
-0.252915
-0.26784
-0.280072
-0.284237
-0.280805
-0.268187
-0.243984
-0.204908
-0.14736
-0.0677161
0.0384038
-0.321124
-0.271162
-0.224153
-0.182232
-0.144307
-0.1095
-0.0770777
-0.0464136
-0.0169868
0.0116187
0.0395896
0.0670642
0.0941596
0.120868
0.147011
0.172456
0.196949
0.220107
0.24158
0.261022
0.277115
0.289712
0.298656
0.304097
0.305672
0.303179
0.2956
0.284171
0.269304
0.251514
0.231362
0.209458
0.186364
0.162439
0.137814
0.112579
0.0868614
0.0608424
0.0347546
0.00885431
-0.0165986
-0.0413627
-0.0652463
-0.0881215
-0.109916
-0.130599
-0.150162
-0.168605
-0.186
-0.202477
-0.218164
-0.233162
-0.247504
-0.261342
-0.274473
-0.281972
-0.281747
-0.273862
-0.256368
-0.226765
-0.181958
-0.118821
-0.0333435
0.078801
-0.333147
-0.277926
-0.226649
-0.181223
-0.140339
-0.103036
-0.0684896
-0.035983
-0.00504656
0.024765
0.0536893
0.0819089
0.109444
0.136213
0.162084
0.186835
0.210094
0.231602
0.250656
0.266361
0.27884
0.287705
0.292983
0.294509
0.292027
0.284478
0.27307
0.258141
0.240145
0.219762
0.197696
0.174607
0.151021
0.127209
0.103211
0.0790277
0.0546943
0.03029
0.00595849
-0.0181345
-0.0418087
-0.0648773
-0.0871716
-0.108567
-0.128976
-0.148344
-0.166639
-0.183848
-0.200028
-0.21529
-0.229724
-0.24334
-0.256175
-0.268321
-0.278512
-0.280925
-0.276544
-0.264291
-0.241825
-0.206891
-0.157117
-0.0888519
0.00190034
0.119312
-0.342269
-0.282291
-0.227266
-0.178694
-0.135142
-0.0955485
-0.0590843
-0.0250026
0.00722526
0.038063
0.0677975
0.0964476
0.124062
0.150538
0.175687
0.199199
0.220792
0.239587
0.255197
0.267459
0.276328
0.281633
0.283097
0.280592
0.273145
0.261744
0.246783
0.228668
0.208053
0.185743
0.162487
0.138907
0.115428
0.0922154
0.0692186
0.046351
0.0235616
0.000851448
-0.0217206
-0.0440481
-0.066006
-0.0874462
-0.108216
-0.128184
-0.147247
-0.165326
-0.182367
-0.198339
-0.213291
-0.227291
-0.240359
-0.252435
-0.263663
-0.273566
-0.27859
-0.276908
-0.268515
-0.251634
-0.224233
-0.184812
-0.13046
-0.0575017
0.0379204
0.159823
-0.348354
-0.284126
-0.225845
-0.174492
-0.128582
-0.0870153
-0.0489028
-0.0134627
0.0198943
0.0515367
0.0817154
0.110478
0.137831
0.163572
0.187496
0.209169
0.227877
0.243611
0.255953
0.264796
0.270198
0.271759
0.269244
0.261909
0.250576
0.235597
0.217386
0.196576
0.173969
0.150402
0.12658
0.103028
0.0800544
0.0577244
0.0359169
0.0144745
-0.00672482
-0.0277467
-0.0485949
-0.0692214
-0.0895329
-0.109406
-0.128698
-0.147269
-0.164999
-0.181785
-0.197554
-0.212261
-0.225931
-0.238572
-0.250077
-0.260552
-0.269702
-0.275097
-0.275595
-0.270055
-0.257211
-0.235791
-0.20438
-0.160799
-0.10219
-0.0250162
0.0744733
0.200112
-0.351269
-0.283312
-0.222303
-0.168598
-0.120688
-0.0774324
-0.0378791
-0.00129452
0.0328627
0.0649784
0.0952645
0.123803
0.150423
0.174958
0.196924
0.215902
0.231772
0.244366
0.253423
0.258917
0.260612
0.258223
0.251061
0.239829
0.224905
0.206632
0.185645
0.162741
0.138773
0.114528
0.0906143
0.0674394
0.0452007
0.0238791
0.00330252
-0.0167263
-0.0363768
-0.0557689
-0.0749593
-0.0939469
-0.112675
-0.131035
-0.148882
-0.166068
-0.182457
-0.197926
-0.212384
-0.225771
-0.238057
-0.249111
-0.258981
-0.26748
-0.273063
-0.273148
-0.269785
-0.25977
-0.24274
-0.21773
-0.182611
-0.13511
-0.0726406
0.00827431
0.11125
0.23987
-0.350965
-0.27983
-0.216629
-0.160993
-0.111397
-0.066728
-0.0260731
0.0113075
0.0459431
0.078239
0.108287
0.136112
0.161474
0.183946
0.203511
0.219837
0.232729
0.242123
0.247914
0.249759
0.247548
0.240697
0.229639
0.214856
0.196622
0.175514
0.152333
0.127944
0.103168
0.0786913
0.0550037
0.0324037
0.0109974
-0.00929401
-0.0286749
-0.0473686
-0.0655723
-0.0834382
-0.101063
-0.118486
-0.135682
-0.15256
-0.168983
-0.184782
-0.199806
-0.213918
-0.22701
-0.238972
-0.249639
-0.259019
-0.266992
-0.272548
-0.272358
-0.268257
-0.260209
-0.246289
-0.225993
-0.197666
-0.159034
-0.107983
-0.0420504
0.0421397
0.147995
0.278824
-0.347386
-0.273644
-0.208756
-0.151602
-0.100738
-0.0550617
-0.013668
0.0241842
0.0590084
0.0910429
0.120398
0.146964
0.170405
0.190634
0.207631
0.221092
0.230878
0.237067
0.239245
0.237276
0.230797
0.220023
0.20549
0.18742
0.166314
0.14293
0.118143
0.0928057
0.0676497
0.0432448
0.0199686
-0.00197495
-0.0225458
-0.041859
-0.0601332
-0.0776031
-0.094482
-0.110944
-0.127112
-0.143053
-0.158771
-0.174194
-0.189188
-0.203582
-0.217205
-0.229896
-0.241514
-0.25181
-0.260749
-0.268242
-0.273417
-0.273249
-0.268519
-0.259223
-0.247446
-0.230482
-0.207157
-0.175648
-0.133812
-0.0795539
-0.0105199
0.0764708
0.184591
0.316808
-0.340378
-0.264804
-0.198749
-0.140568
-0.0888772
-0.0426009
-0.000771136
0.0371757
0.0716925
0.103064
0.131095
0.155875
0.17719
0.194975
0.209197
0.21959
0.226218
0.228862
0.227347
0.221311
0.210882
0.196742
0.178992
0.158053
0.13461
0.109514
0.0836395
0.0577653
0.0325203
0.00836459
-0.0144212
-0.0357077
-0.0554991
-0.0739289
-0.0912155
-0.107593
-0.123279
-0.138459
-0.153276
-0.167817
-0.182106
-0.196092
-0.209643
-0.222582
-0.234728
-0.245897
-0.255797
-0.264294
-0.271276
-0.276029
-0.275811
-0.27045
-0.260014
-0.247019
-0.232255
-0.212464
-0.186236
-0.151813
-0.107049
-0.0499021
0.0218528
0.111151
0.22096
0.353602
-0.32991
-0.253451
-0.186747
-0.128034
-0.0759488
-0.0293994
0.0123647
0.049935
0.0837695
0.113831
0.140138
0.162802
0.181708
0.196815
0.207995
0.215236
0.218427
0.217492
0.21206
0.202059
0.188423
0.17118
0.150613
0.127321
0.102092
0.0757936
0.0492395
0.023117
-0.00204314
-0.025875
-0.0481723
-0.0688563
-0.087961
-0.105626
-0.122058
-0.137481
-0.152108
-0.166127
-0.179689
-0.192898
-0.205795
-0.218343
-0.230417
-0.241835
-0.25239
-0.261778
-0.26978
-0.276186
-0.280388
-0.279993
-0.273522
-0.262327
-0.24826
-0.232181
-0.214682
-0.192215
-0.163302
-0.126187
-0.0787627
-0.0190685
0.0549992
0.146149
0.256998
0.388925
-0.316228
-0.239613
-0.172836
-0.114068
-0.0620125
-0.0157577
0.0255252
0.0622714
0.0947707
0.123085
0.147296
0.167531
0.183768
0.195873
0.203882
0.207781
0.207403
0.202561
0.193239
0.180188
0.16363
0.143686
0.120808
0.0957062
0.0692003
0.0421125
0.0151777
-0.0110055
-0.0359943
-0.0594965
-0.081354
-0.101521
-0.120045
-0.137064
-0.152768
-0.167363
-0.18105
-0.19401
-0.206396
-0.218324
-0.229844
-0.24093
-0.251449
-0.261197
-0.269913
-0.277297
-0.283051
-0.286531
-0.285658
-0.277784
-0.265804
-0.250797
-0.233539
-0.21467
-0.194592
-0.169629
-0.138225
-0.0986425
-0.0488431
0.0130375
0.0890601
0.181593
0.292758
0.422618
-0.299427
-0.223374
-0.157089
-0.0987872
-0.0473666
-0.0018164
0.0384373
0.073749
0.104413
0.130556
0.152319
0.169852
0.183111
0.192036
0.196765
0.19707
0.192907
0.184291
0.171761
0.155955
0.13684
0.114675
0.0900148
0.0636031
0.0362282
0.00865058
-0.0184703
-0.0446178
-0.0694194
-0.0926315
-0.114128
-0.133879
-0.151934
-0.168417
-0.1835
-0.197367
-0.210195
-0.222156
-0.233399
-0.244044
-0.254147
-0.263671
-0.272481
-0.280318
-0.286867
-0.291836
-0.294411
-0.291969
-0.282943
-0.270097
-0.254191
-0.235862
-0.215739
-0.194314
-0.17183
-0.144562
-0.11088
-0.0690954
-0.0172623
0.0464388
0.123936
0.217251
0.328064
0.453156
-0.279622
-0.204839
-0.139631
-0.0824544
-0.0321225
0.0121036
0.0507087
0.0840384
0.112401
0.13598
0.154966
0.169512
0.179545
0.185172
0.186375
0.183089
0.175216
0.163184
0.148013
0.129729
0.10843
0.0844922
0.0585113
0.0311987
0.00327265
-0.0245836
-0.0517797
-0.0778613
-0.1025
-0.125488
-0.146713
-0.166148
-0.183831
-0.199869
-0.21441
-0.227605
-0.23961
-0.250581
-0.260662
-0.269964
-0.278541
-0.286344
-0.293182
-0.298718
-0.302654
-0.303856
-0.298851
-0.288799
-0.275008
-0.258139
-0.238797
-0.217512
-0.194807
-0.171036
-0.146352
-0.116985
-0.0812623
-0.0375642
0.0159524
0.0810996
0.15953
0.252923
0.362376
0.480429
-0.256988
-0.184204
-0.12086
-0.065421
-0.0169022
0.0252803
0.0615895
0.0923783
0.117978
0.138625
0.154549
0.165831
0.172497
0.174686
0.172324
0.165295
0.153963
0.139358
0.12183
0.101427
0.0783706
0.053093
0.0261698
-0.00174742
-0.0300018
-0.0579889
-0.0851842
-0.111183
-0.13569
-0.158512
-0.179537
-0.198723
-0.216095
-0.231731
-0.245741
-0.258239
-0.269352
-0.279224
-0.28799
-0.295756
-0.302542
-0.308215
-0.312558
-0.314571
-0.312198
-0.305889
-0.294366
-0.279441
-0.261531
-0.241144
-0.218763
-0.194843
-0.169815
-0.143913
-0.117239
-0.0860049
-0.0485231
-0.00326394
0.0515537
0.117639
0.196397
0.289156
0.395897
0.505137
-0.231739
-0.161748
-0.10095
-0.0479064
-0.00189829
0.0376307
0.0711119
0.0989195
0.121415
0.138871
0.151509
0.159388
0.162656
0.161296
0.155348
0.144881
0.130678
0.113771
0.0941289
0.0718973
0.047388
0.0210463
-0.00659441
-0.0349407
-0.0634055
-0.091451
-0.11861
-0.144523
-0.16893
-0.191642
-0.212535
-0.231541
-0.248649
-0.263897
-0.277356
-0.28911
-0.299275
-0.30796
-0.315301
-0.321329
-0.325943
-0.327638
-0.326115
-0.321576
-0.313261
-0.300752
-0.284604
-0.265642
-0.244255
-0.22086
-0.195865
-0.169657
-0.142603
-0.114829
-0.086418
-0.0535919
-0.0146774
0.0317444
0.0874144
0.153837
0.232166
0.323463
0.425133
0.524128
-0.204252
-0.137885
-0.0802827
-0.0303657
0.0125232
0.0488867
0.0791437
0.103693
0.122914
0.137099
0.146401
0.150951
0.150884
0.146204
0.136855
0.123426
0.107016
0.0880611
0.0665932
0.0428416
0.0171587
-0.0100283
-0.0382329
-0.0669347
-0.0956068
-0.123761
-0.150982
-0.176935
-0.201357
-0.224063
-0.244926
-0.263853
-0.2808
-0.295749
-0.308729
-0.319817
-0.329
-0.33649
-0.340886
-0.342474
-0.341581
-0.33797
-0.331537
-0.321811
-0.308261
-0.291401
-0.271625
-0.249464
-0.225297
-0.199491
-0.172392
-0.144338
-0.115645
-0.0863502
-0.0565371
-0.0224649
0.0174957
0.0646839
0.120693
0.18674
0.263774
0.352541
0.447994
0.53613
-0.175114
-0.113145
-0.0595434
-0.0134173
0.0258198
0.058613
0.0853884
0.106556
0.122497
0.133479
0.139619
0.141121
0.137997
0.130296
0.118178
0.102532
0.0843426
0.0637399
0.0408445
0.0159317
-0.0106499
-0.038498
-0.0671825
-0.096241
-0.125196
-0.153589
-0.181049
-0.207237
-0.231905
-0.254849
-0.275896
-0.29495
-0.311874
-0.32662
-0.338832
-0.347647
-0.353288
-0.35611
-0.356205
-0.35377
-0.348781
-0.341198
-0.330482
-0.316457
-0.299065
-0.279006
-0.256489
-0.231924
-0.205695
-0.178116
-0.149487
-0.120104
-0.0902429
-0.0598709
-0.0290815
0.00579922
0.0463528
0.0938072
0.149533
0.214473
0.28919
0.374192
0.462831
0.54006
-0.145165
-0.0884378
-0.0395988
0.00213706
0.0372821
0.0662377
0.0894245
0.107243
0.120057
0.128067
0.131404
0.130256
0.124634
0.114483
0.100331
0.0832724
0.0637866
0.0420118
0.0181222
-0.0075915
-0.0347881
-0.0631033
-0.0921717
-0.121604
-0.15095
-0.179795
-0.207747
-0.234462
-0.259748
-0.283243
-0.304749
-0.323522
-0.33859
-0.350211
-0.358659
-0.364092
-0.366527
-0.36616
-0.363127
-0.357439
-0.349206
-0.338112
-0.323999
-0.306618
-0.286547
-0.264174
-0.239704
-0.213489
-0.185882
-0.157158
-0.127576
-0.0973997
-0.0668723
-0.0359107
-0.00461107
0.0306299
0.0712738
0.118397
0.173113
0.236047
0.307536
0.387491
0.468846
0.53545
-0.115517
-0.0649291
-0.0215454
0.0153135
0.0460726
0.0710861
0.0907423
0.105406
0.115397
0.120836
0.121898
0.11868
0.111192
0.0994213
0.0841119
0.0663053
0.0461764
0.0238664
-0.000443307
-0.0264812
-0.0539461
-0.0825453
-0.111974
-0.141854
-0.171818
-0.201427
-0.23018
-0.257789
-0.28372
-0.306113
-0.325089
-0.340861
-0.353276
-0.362372
-0.368314
-0.371212
-0.371096
-0.368179
-0.362524
-0.354222
-0.343255
-0.329572
-0.312713
-0.293239
-0.271404
-0.247556
-0.22191
-0.194764
-0.166428
-0.137149
-0.107159
-0.0766957
-0.0459762
-0.0148743
0.0165557
0.0517418
0.0919957
0.138222
0.191212
0.251326
0.318491
0.391693
0.464401
0.520582
-0.087612
-0.044002
-0.00663762
0.0250319
0.051312
0.07248
0.0888538
0.100729
0.108343
0.111792
0.111232
0.106668
0.0980565
0.0856198
0.0701954
0.0524102
0.0323864
0.0102407
-0.0138618
-0.0396879
-0.0670411
-0.0957232
-0.125417
-0.155766
-0.186445
-0.217038
-0.246289
-0.272645
-0.296081
-0.316279
-0.333191
-0.346887
-0.357247
-0.364317
-0.368202
-0.369009
-0.366851
-0.361907
-0.354253
-0.344025
-0.331189
-0.315666
-0.297482
-0.276962
-0.254343
-0.229956
-0.204008
-0.176737
-0.148413
-0.119263
-0.089496
-0.0593281
-0.0289361
0.00191122
0.0331127
0.0678832
0.107207
0.15217
0.202754
0.259177
0.319844
0.384107
0.44713
0.493909
-0.0631632
-0.0272267
0.00377076
0.0301848
0.0521482
0.0698112
0.0833757
0.0930376
0.0989424
0.101164
0.0997763
0.0947717
0.086106
0.0741312
0.0595472
0.042689
0.0236472
0.00251059
-0.0205937
-0.0456165
-0.0723918
-0.100617
-0.130223
-0.160878
-0.192254
-0.221936
-0.249167
-0.273651
-0.295258
-0.31369
-0.328865
-0.340806
-0.349463
-0.354905
-0.357221
-0.356539
-0.353018
-0.346807
-0.338087
-0.32688
-0.313302
-0.29725
-0.278964
-0.25854
-0.23623
-0.212349
-0.187057
-0.160555
-0.133075
-0.104828
-0.075999
-0.0467391
-0.0171197
0.0129758
0.043615
0.0772679
0.11561
0.158468
0.206143
0.256691
0.309194
0.363461
0.416288
0.455093
-0.0442598
-0.0164336
0.00815525
0.0295493
0.0476368
0.0623833
0.0738437
0.0821011
0.0872196
0.0892371
0.0881351
0.083907
0.0765888
0.0664784
0.0540172
0.0393696
0.0225852
0.00370729
-0.0173693
-0.04056
-0.0656791
-0.092864
-0.12207
-0.152479
-0.182363
-0.210281
-0.235814
-0.258675
-0.278691
-0.295623
-0.309394
-0.320058
-0.327605
-0.33213
-0.33374
-0.332538
-0.328709
-0.322436
-0.313856
-0.30306
-0.290118
-0.27507
-0.258038
-0.239009
-0.21828
-0.196092
-0.172579
-0.147904
-0.122269
-0.0958565
-0.0687922
-0.041135
-0.0129788
0.0159089
0.0452082
0.0779442
0.114234
0.154917
0.197503
0.240662
0.283611
0.326694
0.368712
0.40089
