-0.693126
-0.718009
-0.726552
-0.719969
-0.696506
-0.660036
-0.612788
-0.553038
-0.478879
-0.388535
-0.282324
-0.160707
-0.0348133
0.0912438
0.213337
0.327779
0.431791
0.523842
0.60365
0.671917
0.729902
0.778894
0.817606
0.843548
0.857208
0.859736
0.85164
0.832343
0.801184
0.759313
0.710142
0.655371
0.582975
0.501813
0.417389
0.333951
0.254752
0.181975
0.11682
0.059626
0.0100414
-0.0327359
-0.0697621
-0.102173
-0.13107
-0.157466
-0.182296
-0.20646
-0.23083
-0.25555
-0.279772
-0.303055
-0.325549
-0.347386
-0.36846
-0.388499
-0.407058
-0.423072
-0.434566
-0.438572
-0.431
-0.406522
-0.358687
-0.280385
-0.787889
-0.812491
-0.818581
-0.806554
-0.776382
-0.732829
-0.68122
-0.62038
-0.548558
-0.462712
-0.361632
-0.250721
-0.130376
-0.00179281
0.132737
0.270229
0.407418
0.541081
0.668259
0.786278
0.892897
0.986344
1.05866
1.10259
1.11973
1.11378
1.08761
1.04303
0.982377
0.909937
0.830084
0.735129
0.62832
0.519161
0.413167
0.313902
0.223536
0.143081
0.0726834
0.0118306
-0.040456
-0.085422
-0.12443
-0.158831
-0.189886
-0.218758
-0.246559
-0.274436
-0.303596
-0.33329
-0.361215
-0.386803
-0.410299
-0.431869
-0.451404
-0.468702
-0.483278
-0.493801
-0.49792
-0.49216
-0.47166
-0.429913
-0.358781
-0.249008
-0.872805
-0.891095
-0.890868
-0.870984
-0.833454
-0.783385
-0.728347
-0.666528
-0.59488
-0.510431
-0.415819
-0.31179
-0.195692
-0.0669014
0.0737098
0.224031
0.380947
0.540717
0.699025
0.851374
0.993805
1.12325
1.22361
1.28453
1.30742
1.29651
1.25589
1.18968
1.10334
1.00325
0.887044
0.755046
0.619786
0.489038
0.367522
0.257741
0.160718
0.0763865
0.00399655
-0.0576475
-0.110011
-0.154687
-0.193292
-0.227384
-0.25841
-0.287723
-0.316661
-0.346665
-0.379216
-0.412027
-0.441357
-0.466823
-0.488793
-0.507499
-0.522946
-0.535165
-0.543729
-0.547235
-0.543239
-0.528029
-0.496138
-0.439864
-0.349156
-0.212305
-0.951662
-0.959211
-0.948998
-0.91879
-0.873241
-0.816659
-0.757602
-0.693474
-0.618579
-0.537395
-0.447921
-0.347464
-0.232966
-0.102967
0.0422509
0.20078
0.369694
0.545025
0.722115
0.896122
1.06331
1.22061
1.3416
1.41544
1.44251
1.42625
1.37159
1.28492
1.17412
1.0397
0.886011
0.726606
0.571452
0.426872
0.296275
0.180947
0.0808988
-0.00473866
-0.0772819
-0.13831
-0.189545
-0.23278
-0.269828
-0.302449
-0.332318
-0.361032
-0.390199
-0.421628
-0.456555
-0.490808
-0.519763
-0.543291
-0.561912
-0.575965
-0.585728
-0.591579
-0.593248
-0.589478
-0.577977
-0.554942
-0.514271
-0.44681
-0.34013
-0.179567
-1.02595
-1.01915
-0.995562
-0.952399
-0.897887
-0.833284
-0.766441
-0.697347
-0.625072
-0.546936
-0.459554
-0.359425
-0.243422
-0.110162
0.0395715
0.203755
0.379282
0.56248
0.749049
0.935268
1.11921
1.29256
1.42539
1.50564
1.53206
1.50736
1.43741
1.33035
1.1857
1.01692
0.838427
0.662019
0.495859
0.344642
0.210432
0.0934622
-0.00699443
-0.0922739
-0.163941
-0.22369
-0.273303
-0.31465
-0.349681
-0.380362
-0.408636
-0.436385
-0.465517
-0.498159
-0.534598
-0.568795
-0.595967
-0.616249
-0.630295
-0.638615
-0.641924
-0.641
-0.635829
-0.625499
-0.608001
-0.57944
-0.532897
-0.457394
-0.337661
-0.155646
-1.09572
-1.07142
-1.03122
-0.971502
-0.90395
-0.830398
-0.760242
-0.690963
-0.619549
-0.541824
-0.453276
-0.349891
-0.229013
-0.0904754
0.0640963
0.231902
0.410144
0.595613
0.785195
0.977328
1.17238
1.3502
1.48396
1.56143
1.58009
1.54241
1.45192
1.31091
1.13776
0.948493
0.756924
0.573181
0.40363
0.251476
0.117705
0.00182711
-0.0972942
-0.181169
-0.251376
-0.309549
-0.3574
-0.396797
-0.429785
-0.458528
-0.485259
-0.512167
-0.54142
-0.575284
-0.612455
-0.645316
-0.66964
-0.685808
-0.694571
-0.696715
-0.693514
-0.686135
-0.674924
-0.659431
-0.637936
-0.606312
-0.556558
-0.47554
-0.344805
-0.142693
-1.16028
-1.11532
-1.05619
-0.980792
-0.900143
-0.821177
-0.747829
-0.676981
-0.604208
-0.523933
-0.430609
-0.320213
-0.191543
-0.0460321
0.113006
0.282705
0.460607
0.644537
0.833061
1.02745
1.22652
1.39727
1.5201
1.5847
1.58796
1.52287
1.40001
1.23524
1.04606
0.847974
0.653144
0.469774
0.302575
0.153585
0.0230492
-0.0898914
-0.186509
-0.268276
-0.336644
-0.393093
-0.439206
-0.476805
-0.507995
-0.535131
-0.560735
-0.587269
-0.61704
-0.652188
-0.689329
-0.7198
-0.740529
-0.75209
-0.755301
-0.751371
-0.742169
-0.72921
-0.71328
-0.694402
-0.671024
-0.638559
-0.587671
-0.502855
-0.362358
-0.140925
-1.21997
-1.15236
-1.07194
-0.983647
-0.891409
-0.80666
-0.729549
-0.655832
-0.579526
-0.493585
-0.391754
-0.270965
-0.132046
0.0208667
0.183631
0.35348
0.528806
0.708689
0.893805
1.08809
1.27404
1.42638
1.52881
1.5693
1.53783
1.44259
1.2975
1.1194
0.924715
0.727045
0.536369
0.358954
0.198099
0.0550346
-0.0704006
-0.179151
-0.272437
-0.351569
-0.417807
-0.472449
-0.516931
-0.553009
-0.582834
-0.608933
-0.634083
-0.660938
-0.69173
-0.72813
-0.764408
-0.791714
-0.808404
-0.815171
-0.812927
-0.803471
-0.789179
-0.771888
-0.752847
-0.732455
-0.709104
-0.677496
-0.626786
-0.539076
-0.389437
-0.149222
-1.27461
-1.18355
-1.08122
-0.979427
-0.877898
-0.787343
-0.705914
-0.62793
-0.545657
-0.450625
-0.336528
-0.202184
-0.0517112
0.108633
0.27409
0.44252
0.613627
0.787488
0.967557
1.1507
1.31153
1.43505
1.50326
1.50357
1.43892
1.31972
1.16074
0.977986
0.785742
0.595052
0.413559
0.245739
0.0938017
-0.0415417
-0.160612
-0.264269
-0.353581
-0.429641
-0.493508
-0.546302
-0.589322
-0.62426
-0.653298
-0.679115
-0.704683
-0.732687
-0.765077
-0.802386
-0.836859
-0.860539
-0.873029
-0.875052
-0.867766
-0.853654
-0.835441
-0.815265
-0.794794
-0.774601
-0.752748
-0.723016
-0.673006
-0.582611
-0.424059
-0.165644
-1.32316
-1.20835
-1.08485
-0.968637
-0.859376
-0.763314
-0.677015
-0.593165
-0.502139
-0.394267
-0.264092
-0.113694
0.0492979
0.216625
0.383608
0.549529
0.714968
0.880012
1.05151
1.20443
1.33
1.41276
1.43581
1.39758
1.30444
1.16802
1.00256
0.822045
0.637975
0.458645
0.289506
0.133522
-0.00788043
-0.134318
-0.246117
-0.343977
-0.428776
-0.501389
-0.562694
-0.613657
-0.655467
-0.689756
-0.718729
-0.74519
-0.772187
-0.802238
-0.836733
-0.8743
-0.906078
-0.92586
-0.934176
-0.931677
-0.920026
-0.902327
-0.881483
-0.859921
-0.839588
-0.82096
-0.801501
-0.773943
-0.724451
-0.631066
-0.463646
-0.18783
-1.36339
-1.2242
-1.08307
-0.952369
-0.836327
-0.734784
-0.642742
-0.551013
-0.447953
-0.3231
-0.173166
-0.00446317
0.171879
0.345783
0.513845
0.676247
0.832187
0.984512
1.12156
1.23591
1.3192
1.35369
1.33362
1.26172
1.14641
0.999479
0.833666
0.660362
0.488148
0.322766
0.167737
0.0248361
-0.105074
-0.221816
-0.32567
-0.417166
-0.496994
-0.565857
-0.624488
-0.673736
-0.714704
-0.748968
-0.77876
-0.80695
-0.83651
-0.869503
-0.906354
-0.943323
-0.971627
-0.987358
-0.991605
-0.98494
-0.969804
-0.949667
-0.927501
-0.905976
-0.887094
-0.870935
-0.854148
-0.828409
-0.778712
-0.68172
-0.505462
-0.213363
-1.39521
-1.23039
-1.07377
-0.933029
-0.809772
-0.702023
-0.602772
-0.500561
-0.381542
-0.235224
-0.0617112
0.128045
0.318345
0.499581
0.668655
0.82437
0.964628
1.08271
1.17554
1.2448
1.27769
1.26505
1.2061
1.10645
0.975367
0.823772
0.662253
0.499457
0.341226
0.191099
0.0509806
-0.078249
-0.196149
-0.302688
-0.398103
-0.482799
-0.557321
-0.622252
-0.678226
-0.726003
-0.76662
-0.801636
-0.833305
-0.864471
-0.897806
-0.93454
-0.973668
-1.00899
-1.03314
-1.04476
-1.04504
-1.03471
-1.01707
-0.995625
-0.973385
-0.953143
-0.936675
-0.923377
-0.908962
-0.884177
-0.833204
-0.731856
-0.546888
-0.239958
-1.41838
-1.22952
-1.05744
-0.908348
-0.778294
-0.663794
-0.555717
-0.439979
-0.30057
-0.127822
0.0738214
0.287421
0.494487
0.684432
0.851757
0.993739
1.09977
1.16729
1.2097
1.22788
1.21038
1.15424
1.06219
0.9412
0.800263
0.648731
0.494798
0.344454
0.201172
0.0666851
-0.0583816
-0.173813
-0.279522
-0.375621
-0.462348
-0.540032
-0.609107
-0.670078
-0.723532
-0.770198
-0.811107
-0.847823
-0.882598
-0.918106
-0.956431
-0.997491
-1.0384
-1.07084
-1.0903
-1.09778
-1.09411
-1.08077
-1.06159
-1.03989
-1.01871
-1.00075
-0.987263
-0.976729
-0.963927
-0.938903
-0.885448
-0.779031
-0.585658
-0.265681
-1.42913
-1.22161
-1.0352
-0.878267
-0.741342
-0.619139
-0.500136
-0.367188
-0.202153
0.00293353
0.238113
0.480503
0.708521
0.906108
1.06542
1.17601
1.22286
1.23484
1.22383
1.18878
1.12417
1.03014
0.911371
0.775012
0.6291
0.481039
0.336656
0.199539
0.07124
-0.0479263
-0.158306
-0.260204
-0.353853
-0.439525
-0.517511
-0.588139
-0.651818
-0.709034
-0.760356
-0.806508
-0.848534
-0.888026
-0.927206
-0.96845
-1.01289
-1.05854
-1.1
-1.12826
-1.14267
-1.14588
-1.13829
-1.12269
-1.10286
-1.08186
-1.06272
-1.04779
-1.03746
-1.02919
-1.01693
-0.990348
-0.933248
-0.821205
-0.619943
-0.288986
-1.42708
-1.20324
-1.00806
-0.842756
-0.698234
-0.566887
-0.434297
-0.279679
-0.0827417
0.161792
0.438138
0.716825
0.966956
1.16701
1.29979
1.34508
1.33242
1.2868
1.22135
1.13555
1.02852
0.902548
0.762908
0.616101
0.468748
0.326205
0.192136
0.0680657
-0.0459407
-0.150635
-0.247091
-0.336067
-0.418113
-0.493702
-0.56323
-0.62708
-0.685687
-0.739552
-0.789263
-0.835567
-0.879557
-0.922899
-0.967798
-1.01617
-1.0677
-1.11779
-1.15784
-1.18051
-1.18957
-1.18814
-1.17691
-1.15982
-1.14012
-1.12075
-1.10453
-1.09308
-1.08572
-1.0789
-1.06598
-1.03655
-0.974812
-0.856798
-0.648376
-0.30874
-1.41503
-1.17528
-0.973064
-0.799827
-0.647216
-0.505203
-0.35599
-0.174396
0.0618077
0.355214
0.682756
1.00259
1.27141
1.4534
1.53072
1.50453
1.42952
1.32609
1.2073
1.07575
0.932299
0.780375
0.624951
0.47143
0.32484
0.188612
0.0645606
-0.0474325
-0.148403
-0.239875
-0.323486
-0.400446
-0.471653
-0.537789
-0.599406
-0.656999
-0.711079
-0.762204
-0.811001
-0.858271
-0.905192
-0.953553
-1.00554
-1.06236
-1.12154
-1.17498
-1.21084
-1.22661
-1.22984
-1.22332
-1.20914
-1.19132
-1.17258
-1.1558
-1.14324
-1.13545
-1.13057
-1.12421
-1.10937
-1.07595
-1.0088
-0.884711
-0.670048
-0.324207
-1.39103
-1.1394
-0.929907
-0.74862
-0.587072
-0.43253
-0.263031
-0.0481444
0.236574
0.5903
0.977578
1.33795
1.60534
1.73489
1.72821
1.64088
1.50798
1.35185
1.18636
1.01597
0.842923
0.670816
0.50383
0.346209
0.201396
0.0712112
-0.0439889
-0.145507
-0.235158
-0.315002
-0.387144
-0.453242
-0.514561
-0.57206
-0.626501
-0.678537
-0.728794
-0.777914
-0.82658
-0.875656
-0.926453
-0.98097
-1.04138
-1.10778
-1.17458
-1.22922
-1.25757
-1.26511
-1.26186
-1.25031
-1.23415
-1.21641
-1.19968
-1.18647
-1.17807
-1.17378
-1.17061
-1.16355
-1.14564
-1.10729
-1.03423
-0.904185
-0.68438
-0.334945
-1.35156
-1.09451
-0.877567
-0.687982
-0.516485
-0.347209
-0.153106
0.10259
0.446559
0.87169
1.32251
1.7055
1.93053
1.98461
1.89884
1.75062
1.56452
1.36318
1.16029
0.959728
0.764433
0.577611
0.402657
0.242709
0.0998572
-0.0252414
-0.13327
-0.226253
-0.306519
-0.376494
-0.438713
-0.495281
-0.547851
-0.597699
-0.645848
-0.693152
-0.740391
-0.788317
-0.837682
-0.889449
-0.945144
-1.00708
-1.07729
-1.15404
-1.22717
-1.27891
-1.29581
-1.29425
-1.28408
-1.26858
-1.25144
-1.23489
-1.22139
-1.21258
-1.2085
-1.20713
-1.2046
-1.19562
-1.17355
-1.12958
-1.05039
-0.914775
-0.691099
-0.340775
-1.29839
-1.03809
-0.814257
-0.616318
-0.433805
-0.24733
-0.0236229
0.281432
0.696176
1.20109
1.70343
2.06693
2.21625
2.17166
2.02472
1.82298
1.59318
1.35847
1.12853
0.906971
0.696654
0.500315
0.320488
0.159466
0.0183674
-0.102834
-0.205434
-0.291761
-0.364431
-0.426216
-0.480013
-0.528365
-0.57332
-0.616504
-0.65924
-0.702621
-0.747602
-0.795062
-0.845852
-0.901091
-0.962636
-1.03322
-1.1145
-1.20163
-1.27795
-1.3198
-1.32285
-1.31231
-1.29598
-1.27814
-1.26114
-1.24719
-1.23812
-1.23428
-1.23427
-1.23483
-1.23168
-1.21953
-1.1924
-1.14229
-1.05693
-0.916309
-0.690157
-0.34171
-1.23127
-0.969032
-0.738824
-0.532281
-0.337452
-0.130988
0.127853
0.491911
0.988738
1.57158
2.09015
2.38943
2.4403
2.31273
2.10615
1.85721
1.59581
1.33763
1.08962
0.854916
0.635737
0.434176
0.252038
0.0910156
-0.0484288
-0.166604
-0.265061
-0.346115
-0.412531
-0.46741
-0.513999
-0.555225
-0.59352
-0.63087
-0.668926
-0.709064
-0.752476
-0.8002
-0.853199
-0.912801
-0.981345
-1.06206
-1.15546
-1.25137
-1.32444
-1.34826
-1.33765
-1.31911
-1.29863
-1.27986
-1.26453
-1.25465
-1.25083
-1.25189
-1.25502
-1.25634
-1.25111
-1.23466
-1.20166
-1.1451
-1.05374
-0.908769
-0.681641
-0.337887
-1.14972
-0.886547
-0.650286
-0.434547
-0.225893
0.00342506
0.304171
0.738613
1.32605
1.96589
2.4477
2.64928
2.61121
2.40879
2.14898
1.86558
1.58019
1.30455
1.04401
0.800962
0.576752
0.372757
0.190051
0.0298327
-0.107768
-0.223225
-0.318063
-0.394468
-0.455324
-0.504054
-0.544222
-0.579074
-0.611408
-0.643577
-0.677591
-0.715143
-0.757657
-0.806306
-0.86219
-0.926974
-1.00369
-1.09597
-1.20155
-1.30158
-1.36109
-1.36219
-1.341
-1.31602
-1.29339
-1.2754
-1.26386
-1.25935
-1.26088
-1.26589
-1.27071
-1.27092
-1.26227
-1.24031
-1.20083
-1.1377
-1.04062
-0.89215
-0.665689
-0.329526
-1.05333
-0.789952
-0.547593
-0.321838
-0.0979559
0.15759
0.508656
1.02652
1.69921
2.34511
2.7453
2.84957
2.71485
2.46583
2.17254
1.86326
1.55775
1.26705
0.995904
0.745947
0.517741
0.311998
0.129182
-0.0299358
-0.165548
-0.278223
-0.369348
-0.441158
-0.496721
-0.539694
-0.573883
-0.60285
-0.62975
-0.657301
-0.68787
-0.723444
-0.765655
-0.815837
-0.875284
-0.946165
-1.03242
-1.1374
-1.25301
-1.34775
-1.38297
-1.36381
-1.33446
-1.30552
-1.28251
-1.26752
-1.26134
-1.26272
-1.26872
-1.27601
-1.28033
-1.27769
-1.26396
-1.23534
-1.18852
-1.11843
-1.0159
-0.865089
-0.641576
-0.316575
-0.941902
-0.67851
-0.429694
-0.193079
0.0472574
0.333104
0.746471
1.35253
2.07095
2.66494
2.94955
2.94262
2.75565
2.49037
2.18247
1.85771
1.53734
1.23384
0.952646
0.695418
0.462404
0.253892
0.0700778
-0.0886889
-0.222764
-0.332875
-0.420508
-0.487988
-0.538561
-0.576136
-0.604791
-0.628404
-0.650467
-0.674047
-0.701847
-0.736139
-0.778761
-0.831196
-0.895059
-0.973219
-1.07046
-1.1879
-1.30695
-1.38366
-1.38852
-1.3574
-1.32027
-1.28989
-1.26916
-1.25888
-1.2582
-1.26436
-1.27299
-1.2796
-1.28069
-1.2724
-1.25182
-1.21622
-1.16265
-1.08664
-0.980108
-0.828685
-0.610352
-0.299602
-0.815406
-0.551508
-0.295595
-0.0475966
0.209983
0.531926
1.01353
1.67594
2.36615
2.84195
3.01623
2.946
2.73205
2.4624
2.15769
1.83555
1.51391
1.20591
0.91892
0.655908
0.417882
0.205533
0.0192895
-0.140594
-0.274462
-0.383165
-0.468326
-0.532463
-0.579064
-0.612306
-0.636533
-0.65591
-0.674225
-0.69487
-0.720896
-0.754869
-0.798862
-0.854567
-0.92394
-1.01063
-1.11963
-1.24654
-1.35796
-1.40495
-1.3854
-1.34295
-1.30078
-1.27227
-1.25683
-1.25146
-1.25377
-1.26056
-1.26789
-1.27185
-1.26836
-1.25437
-1.22731
-1.18493
-1.12493
-1.04374
-0.934208
-0.783608
-0.572521
-0.27902
-0.674049
-0.408294
-0.144685
0.114526
0.388975
0.740744
1.24099
1.85307
2.42273
2.81927
2.96184
2.8605
2.63532
2.36667
2.07384
1.76908
1.46403
1.16809
0.887656
0.62668
0.387782
0.173178
-0.0155704
-0.177528
-0.312687
-0.421793
-0.506464
-0.569316
-0.614001
-0.644907
-0.666621
-0.683618
-0.69999
-0.719446
-0.745316
-0.780463
-0.827244
-0.887572
-0.963673
-1.05974
-1.17956
-1.30859
-1.39906
-1.41594
-1.37287
-1.32098
-1.28
-1.25376
-1.23998
-1.2365
-1.24007
-1.2467
-1.25231
-1.25245
-1.24384
-1.22372
-1.18994
-1.14086
-1.07509
-0.989583
-0.878256
-0.730111
-0.5285
-0.255269
-0.518193
-0.248545
0.0229742
0.290031
0.567874
0.9062
1.33189
1.82594
2.30522
2.65582
2.78625
2.68442
2.46867
2.21312
1.93979
1.65929
1.37937
1.10638
0.844329
0.596246
0.365032
0.153986
-0.0339299
-0.19658
-0.333091
-0.443665
-0.529595
-0.593369
-0.63864
-0.669877
-0.691815
-0.709083
-0.725992
-0.746547
-0.774437
-0.812876
-0.864423
-0.930962
-1.01465
-1.12001
-1.24745
-1.36816
-1.43067
-1.41253
-1.34786
-1.29002
-1.25089
-1.22748
-1.21639
-1.21469
-1.21864
-1.22402
-1.22615
-1.22143
-1.20679
-1.17987
-1.13909
-1.08379
-1.01292
-0.924128
-0.81242
-0.668593
-0.47882
-0.228915
-0.348428
-0.0724887
0.204866
0.471366
0.73364
1.02003
1.36137
1.74846
2.12934
2.42028
2.53126
2.44017
2.25183
2.02322
1.77726
1.52491
1.27267
1.02514
0.784914
0.554479
0.33681
0.135447
-0.0462143
-0.205413
-0.340601
-0.451394
-0.538592
-0.604303
-0.651923
-0.685746
-0.710402
-0.730544
-0.750639
-0.774975
-0.807569
-0.851921
-0.910513
-0.984544
-1.07597
-1.18959
-1.31823
-1.41977
-1.45054
-1.37686
-1.30628
-1.25277
-1.21768
-1.19735
-1.18844
-1.18747
-1.19032
-1.19223
-1.18936
-1.17834
-1.15653
-1.12212
-1.07456
-1.01348
-0.93834
-0.847514
-0.737087
-0.599604
-0.42418
-0.200689
-0.165359
0.118421
0.396661
0.650211
0.88006
1.11528
1.3756
1.66039
1.9404
2.15631
2.22594
2.15011
1.99721
1.80508
1.59312
1.37205
1.1485
0.926795
0.709335
0.498464
0.297096
0.108766
-0.0629832
-0.215084
-0.345635
-0.453966
-0.540621
-0.607441
-0.657524
-0.694827
-0.723701
-0.748656
-0.774216
-0.8049
-0.845031
-0.898108
-0.965665
-1.04758
-1.14626
-1.2647
-1.38326
-1.44913
-1.41126
-1.33165
-1.26361
-1.21434
-1.18252
-1.16439
-1.15632
-1.15429
-1.15363
-1.1503
-1.14074
-1.12201
-1.09206
-1.05017
-0.996072
-0.92986
-0.851534
-0.760171
-0.652863
-0.523914
-0.36552
-0.171539
0.0302175
0.32164
0.592015
0.820444
1.01549
1.19577
1.37822
1.56818
1.75084
1.88165
1.90267
1.83691
1.71732
1.5645
1.39103
1.20463
1.01118
0.815241
0.620148
0.429033
0.245139
0.071836
-0.0876205
-0.230297
-0.354181
-0.458386
-0.543221
-0.610271
-0.662342
-0.703081
-0.736605
-0.767346
-0.79993
-0.83913
-0.889387
-0.953351
-1.03045
-1.1196
-1.22285
-1.33666
-1.42607
-1.43751
-1.36091
-1.28198
-1.2182
-1.17302
-1.14393
-1.12697
-1.1181
-1.11274
-1.10678
-1.0965
-1.07876
-1.05123
-1.013
-0.963755
-0.903618
-0.833176
-0.753003
-0.662806
-0.560561
-0.442553
-0.304035
-0.142637
0.237244
0.53257
0.784051
0.982587
1.13471
1.25691
1.36561
1.46945
1.55998
1.60163
1.58319
1.52082
1.42676
1.30947
1.17413
1.02385
0.862179
0.693045
0.520554
0.349109
0.182855
0.0253222
-0.120574
-0.252355
-0.368249
-0.467355
-0.549789
-0.616832
-0.670931
-0.715373
-0.754073
-0.791477
-0.832482
-0.882175
-0.94456
-1.02004
-1.10548
-1.19842
-1.29736
-1.38784
-1.43797
-1.38708
-1.30417
-1.22836
-1.16913
-1.12757
-1.10029
-1.08304
-1.07129
-1.06083
-1.04788
-1.02916
-1.00211
-0.965538
-0.919114
-0.862879
-0.797462
-0.723991
-0.643576
-0.556286
-0.461283
-0.356872
-0.241247
-0.115436
0.454071
0.745596
0.971423
1.12974
1.23115
1.29324
1.33258
1.35744
1.35896
1.33281
1.28523
1.22053
1.142
1.05129
0.948103
0.831378
0.701394
0.560113
0.411365
0.260293
0.112005
-0.0294558
-0.16127
-0.281412
-0.388539
-0.481954
-0.561704
-0.628784
-0.685226
-0.733943
-0.778681
-0.824034
-0.875306
-0.937665
-1.01334
-1.09908
-1.18832
-1.27463
-1.35186
-1.41486
-1.39987
-1.32504
-1.24211
-1.17056
-1.11571
-1.07685
-1.04997
-1.03048
-1.01402
-0.996753
-0.975304
-0.946973
-0.910263
-0.864729
-0.810402
-0.747841
-0.678225
-0.603278
-0.524224
-0.441828
-0.356544
-0.268676
-0.17911
-0.0917318
0.678027
0.957408
1.14629
1.2542
1.29869
1.29963
1.27202
1.22085
1.15619
1.08782
1.01808
0.947598
0.876095
0.80195
0.721969
0.632411
0.530729
0.416503
0.292215
0.162647
0.0332196
-0.0916122
-0.208946
-0.317051
-0.415007
-0.502427
-0.579417
-0.646748
-0.706049
-0.759883
-0.811928
-0.867096
-0.9311
-1.00809
-1.09633
-1.18694
-1.26739
-1.3311
-1.38473
-1.3934
-1.33442
-1.25361
-1.17409
-1.10752
-1.05657
-1.01921
-0.991043
-0.96753
-0.944695
-0.919112
-0.887986
-0.849561
-0.803232
-0.748976
-0.687313
-0.619383
-0.547064
-0.472164
-0.396317
-0.321132
-0.248438
-0.180375
-0.120104
-0.0736753
0.905455
1.16053
1.30009
1.34893
1.33192
1.26938
1.1739
1.06641
0.963002
0.868085
0.782364
0.705274
0.635265
0.569593
0.504121
0.434003
0.355016
0.264817
0.16414
0.0565098
-0.0532377
-0.160746
-0.263141
-0.358893
-0.447426
-0.528682
-0.602917
-0.670783
-0.733586
-0.793654
-0.8548
-0.922426
-1.00196
-1.09394
-1.18913
-1.27017
-1.32608
-1.36599
-1.37483
-1.32804
-1.25611
-1.17561
-1.10096
-1.0392
-0.991099
-0.953667
-0.922433
-0.893224
-0.862504
-0.827394
-0.785957
-0.737376
-0.681588
-0.619064
-0.550858
-0.478917
-0.405362
-0.332253
-0.261784
-0.196625
-0.139858
-0.0951243
-0.0672316
-0.0637388
1.13124
1.34612
1.42475
1.40749
1.32368
1.19341
1.0469
0.907178
0.781025
0.669992
0.573773
0.491126
0.420063
0.357719
0.300103
0.24243
0.179991
0.109383
0.0297886
-0.0568453
-0.146923
-0.236787
-0.323918
-0.407058
-0.48595
-0.560868
-0.632298
-0.700921
-0.767909
-0.835627
-0.908336
-0.99167
-1.08822
-1.18997
-1.27659
-1.33125
-1.36139
-1.36045
-1.31147
-1.2472
-1.17107
-1.09371
-1.02411
-0.966247
-0.919417
-0.880081
-0.844025
-0.807545
-0.767638
-0.722217
-0.670219
-0.61151
-0.546582
-0.476341
-0.402701
-0.32815
-0.255007
-0.185705
-0.123387
-0.0716978
-0.0346489
-0.0167009
-0.0238981
-0.0646166
1.34751
1.50516
1.51249
1.42165
1.26431
1.0811
0.905581
0.747263
0.60831
0.488447
0.38632
0.30009
0.227586
0.166157
0.1124
0.062149
0.0110029
-0.0447247
-0.106845
-0.174827
-0.24651
-0.319323
-0.391417
-0.46198
-0.531137
-0.599545
-0.668037
-0.737543
-0.809474
-0.886729
-0.974239
-1.07582
-1.18525
-1.28088
-1.3399
-1.36661
-1.35656
-1.29993
-1.23139
-1.15941
-1.08349
-1.01021
-0.944924
-0.889447
-0.842001
-0.798895
-0.756349
-0.711188
-0.661178
-0.604951
-0.542237
-0.473592
-0.399793
-0.322591
-0.244834
-0.169237
-0.098374
-0.0356358
0.014919
0.0490337
0.0626666
0.0505726
0.006123
-0.0790865
1.54499
1.62824
1.55369
1.38038
1.16224
0.949055
0.756613
0.588017
0.442829
0.319175
0.214701
0.127041
0.0538861
-0.00714373
-0.0588453
-0.104609
-0.148192
-0.193094
-0.241548
-0.294057
-0.349723
-0.407123
-0.465232
-0.523826
-0.583513
-0.645431
-0.710939
-0.781584
-0.859636
-0.94919
-1.05457
-1.17154
-1.27835
-1.34563
-1.37551
-1.36265
-1.29866
-1.22066
-1.14448
-1.0702
-0.996444
-0.926967
-0.864628
-0.809659
-0.759598
-0.710911
-0.660322
-0.605428
-0.544531
-0.47711
-0.403758
-0.325149
-0.242855
-0.15993
-0.0795773
-0.00471629
0.0610857
0.113403
0.147692
0.160382
0.146909
0.101906
0.0190205
-0.109694
1.71246
1.70421
1.53738
1.28936
1.03539
0.804909
0.603218
0.430104
0.283161
0.159199
0.0550592
-0.0320691
-0.104595
-0.164707
-0.214714
-0.257326
-0.295644
-0.332737
-0.370897
-0.41126
-0.453857
-0.498249
-0.544201
-0.592125
-0.64318
-0.699111
-0.762085
-0.834844
-0.921447
-1.02675
-1.14863
-1.266
-1.34422
-1.38155
-1.37281
-1.30631
-1.2195
-1.13542
-1.05716
-0.98322
-0.911984
-0.84522
-0.784035
-0.727501
-0.672835
-0.616849
-0.557015
-0.491301
-0.418862
-0.340226
-0.25594
-0.167407
-0.0777735
0.00935661
0.0905381
0.161771
0.218309
0.255158
0.269199
0.256394
0.212419
0.13273
0.0116264
-0.158104
1.83626
1.72147
1.46142
1.16678
0.893683
0.653745
0.448196
0.274553
0.128873
0.0069716
-0.0949078
-0.179891
-0.250474
-0.30873
-0.356655
-0.396479
-0.430743
-0.462049
-0.492583
-0.523794
-0.556321
-0.590452
-0.626616
-0.665814
-0.709799
-0.7611
-0.823143
-0.900788
-0.999988
-1.12115
-1.24491
-1.33371
-1.38035
-1.37997
-1.31781
-1.2263
-1.13516
-1.0506
-0.972937
-0.900309
-0.830977
-0.765351
-0.703288
-0.643061
-0.581898
-0.517236
-0.446767
-0.369292
-0.285193
-0.194779
-0.099342
-0.00195954
0.0934185
0.18288
0.261798
0.324748
0.36627
0.383457
0.372736
0.33053
0.253846
0.139157
-0.0183287
-0.224998
1.90311
1.67275
1.3464
1.02686
0.742971
0.499166
0.293745
0.122436
-0.0198702
-0.138051
-0.236265
-0.317832
-0.385314
-0.440757
-0.48599
-0.522928
-0.553689
-0.580498
-0.605385
-0.629917
-0.655099
-0.681725
-0.710748
-0.743716
-0.783063
-0.832432
-0.89732
-0.984981
-1.09841
-1.22146
-1.31596
-1.37008
-1.37842
-1.3261
-1.23586
-1.14114
-1.05136
-0.968829
-0.892855
-0.821518
-0.752967
-0.6867
-0.621664
-0.555754
-0.486535
-0.411546
-0.329228
-0.239782
-0.143198
-0.0406334
0.065
0.169527
0.268598
0.356991
0.428551
0.476638
0.498559
0.490957
0.450997
0.376796
0.26669
0.118403
-0.0719083
-0.310012
1.90331
1.5723
1.20871
0.876462
0.588145
0.344691
0.142281
-0.0247118
-0.162214
-0.275545
-0.369092
-0.446296
-0.509798
-0.561659
-0.60364
-0.637468
-0.664992
-0.688173
-0.708892
-0.728745
-0.748972
-0.770733
-0.795449
-0.825261
-0.863548
-0.915769
-0.989724
-1.09039
-1.20513
-1.29727
-1.35325
-1.36765
-1.32607
-1.24272
-1.14929
-1.0572
-0.970901
-0.891153
-0.816868
-0.746063
-0.676809
-0.60796
-0.537939
-0.464596
-0.385448
-0.298663
-0.204168
-0.101678
0.00787158
0.121802
0.23582
0.345229
0.444138
0.52585
0.582683
0.610736
0.607205
0.569691
0.497536
0.390389
0.248096
0.0696605
-0.148254
-0.411036
1.83449
1.44271
1.0601
0.721589
0.433268
0.193222
-0.00410381
-0.165374
-0.297058
-0.40473
-0.4929
-0.565082
-0.623988
-0.671728
-0.710061
-0.740633
-0.765147
-0.785402
-0.803171
-0.820072
-0.837538
-0.857072
-0.880618
-0.911151
-0.95361
-1.01537
-1.10199
-1.20327
-1.28487
-1.33536
-1.35055
-1.31713
-1.24352
-1.15584
-1.0651
-0.977335
-0.894719
-0.817364
-0.743948
-0.672409
-0.600738
-0.527389
-0.450491
-0.367664
-0.276937
-0.177853
-0.069896
0.0462528
0.168154
0.291595
0.411552
0.521459
0.613953
0.680915
0.717191
0.718701
0.683982
0.61338
0.508134
0.369426
0.198722
-0.00450487
-0.243541
-0.523561
1.72692
1.29945
0.906697
0.566797
0.281842
0.0474793
-0.143271
-0.297827
-0.422983
-0.524431
-0.606739
-0.673482
-0.727444
-0.770803
-0.80536
-0.832752
-0.854625
-0.872704
-0.888724
-0.904365
-0.921291
-0.94144
-0.967505
-1.00381
-1.05678
-1.13118
-1.21751
-1.28344
-1.32259
-1.3328
-1.30307
-1.2389
-1.15937
-1.0731
-0.986237
-0.902351
-0.822484
-0.746364
-0.672468
-0.598629
-0.522765
-0.442953
-0.357011
-0.262901
-0.159908
-0.0470325
0.0751782
0.204557
0.337012
0.467368
0.58839
0.691734
0.76918
0.814767
0.82347
0.792166
0.722853
0.618284
0.481468
0.315323
0.121877
-0.0996726
-0.352688
-0.642354
1.59947
1.15086
0.753378
0.415926
0.136922
-0.0901036
-0.273241
-0.420407
-0.538558
-0.63343
-0.709625
-0.770774
-0.81973
-0.85875
-0.889703
-0.914276
-0.934128
-0.950994
-0.966648
-0.982921
-1.00182
-1.02594
-1.0591
-1.10673
-1.17228
-1.24489
-1.2935
-1.31887
-1.3199
-1.28912
-1.23162
-1.15982
-1.07964
-0.995682
-0.911953
-0.830718
-0.75229
-0.67605
-0.600225
-0.522499
-0.44056
-0.352116
-0.255243
-0.149036
-0.03204
0.0956356
0.231942
0.372812
0.513112
0.645179
0.759201
0.846918
0.901708
0.918403
0.892872
0.82551
0.721254
0.585051
0.421438
0.23405
0.0245303
-0.208268
-0.468455
-0.760757
1.462
1.00153
0.604004
0.272066
0.000924736
-0.217628
-0.392477
-0.531835
-0.642717
-0.730872
-0.800929
-0.856577
-0.900746
-0.93578
-0.963641
-0.986107
-1.00492
-1.02188
-1.03892
-1.05813
-1.08206
-1.11421
-1.15909
-1.21832
-1.27612
-1.31128
-1.32294
-1.3127
-1.27779
-1.22312
-1.157
-1.08265
-1.00302
-0.921014
-0.839493
-0.759842
-0.681764
-0.604197
-0.525032
-0.441692
-0.351604
-0.252614
-0.14385
-0.0236385
0.108688
0.251334
0.400078
0.549654
0.692547
0.817122
0.914786
0.978163
1.00206
0.98265
0.919833
0.816506
0.680376
0.517984
0.334227
0.132345
-0.0861003
-0.324078
-0.585337
-0.874097
1.3209
0.855291
0.461584
0.13751
-0.124432
-0.333784
-0.499961
-0.631324
-0.734899
-0.816443
-0.880617
-0.931172
-0.971118
-1.0029
-1.02859
-1.05008
-1.06927
-1.08809
-1.1087
-1.13366
-1.16621
-1.21
-1.26342
-1.3058
-1.32951
-1.33015
-1.30962
-1.26923
-1.21466
-1.15171
-1.08193
-1.00655
-0.927503
-0.846915
-0.766862
-0.687945
-0.609209
-0.529002
-0.444844
-0.353937
-0.253765
-0.143095
-0.0203784
0.115499
0.263714
0.419887
0.57809
0.731411
0.866569
0.974007
1.04528
1.0748
1.0597
1.00176
0.902777
0.767975
0.606556
0.424962
0.227765
0.0182806
-0.203722
-0.441514
-0.698572
-0.978366
1.18079
0.715277
0.328376
0.0137934
-0.238138
-0.43793
-0.59533
-0.718761
-0.815252
-0.890574
-0.94943
-0.995638
-1.03229
-1.06194
-1.08678
-1.10887
-1.13024
-1.15302
-1.17975
-1.21352
-1.25629
-1.2977
-1.32839
-1.34215
-1.33507
-1.30752
-1.26232
-1.20655
-1.1448
-1.07794
-1.00599
-0.929865
-0.851239
-0.77174
-0.692647
-0.613668
-0.533095
-0.448655
-0.357637
-0.257275
-0.145639
-0.0210643
0.117458
0.270056
0.433022
0.599495
0.762802
0.908643
1.026
1.10492
1.13868
1.12565
1.06948
0.975372
0.847159
0.689694
0.511633
0.31811
0.113464
-0.0993549
-0.320316
-0.554033
-0.802501
-1.06951
1.04528
0.583935
0.205937
-0.0981723
-0.339739
-0.529951
-0.678751
-0.794591
-0.884507
-0.954295
-1.0087
-1.05161
-1.0862
-1.11513
-1.1407
-1.16512
-1.19048
-1.2192
-1.25387
-1.28864
-1.31924
-1.34021
-1.34512
-1.33268
-1.30299
-1.2555
-1.19846
-1.13682
-1.07119
-1.00145
-0.927663
-0.850978
-0.772906
-0.694435
-0.615809
-0.53576
-0.45186
-0.361395
-0.261653
-0.150196
-0.0246848
0.115814
0.271544
0.440169
0.614673
0.787638
0.944338
1.07216
1.15885
1.19611
1.18357
1.12639
1.03267
0.911873
0.765536
0.595836
0.409988
0.212246
0.00226036
-0.210175
-0.428196
-0.65529
-0.892366
-1.145
0.916865
0.462849
0.0951974
-0.197953
-0.429168
-0.610071
-0.750712
-0.859557
-0.94365
-1.00881
-1.05981
-1.10058
-1.13437
-1.16387
-1.19154
-1.21939
-1.24875
-1.27711
-1.30424
-1.32706
-1.33965
-1.33777
-1.32232
-1.29304
-1.24712
-1.1896
-1.12739
-1.06181
-0.992805
-0.920524
-0.84547
-0.768901
-0.691842
-0.614305
-0.535381
-0.452932
-0.363981
-0.26561
-0.155277
-0.0301227
0.111407
0.269354
0.442196
0.62403
0.806579
0.974363
1.11352
1.20864
1.24917
1.23552
1.17472
1.07764
0.957622
0.819613
0.662782
0.491759
0.311753
0.118945
-0.0920047
-0.304622
-0.520683
-0.740211
-0.966101
-1.20407
0.79704
0.352881
-0.00342382
-0.285469
-0.506594
-0.678657
-0.811746
-0.914315
-0.993385
-1.05477
-1.10322
-1.14273
-1.17642
-1.20692
-1.23406
-1.25926
-1.28334
-1.30518
-1.32132
-1.32709
-1.32154
-1.30569
-1.27772
-1.23429
-1.17821
-1.11529
-1.04891
-0.979681
-0.907873
-0.834055
-0.758969
-0.683512
-0.607799
-0.530723
-0.450363
-0.363889
-0.267922
-0.159567
-0.0359907
0.105127
0.26428
0.440045
0.627959
0.81973
0.999076
1.15052
1.25549
1.29993
1.28591
1.21916
1.11375
0.983982
0.842632
0.69728
0.5485
0.389363
0.216539
0.0278853
-0.178573
-0.389141
-0.600511
-0.812228
-1.02649
-1.24876
0.686607
0.254352
-0.0898989
-0.360858
-0.572249
-0.735977
-0.862077
-0.958921
-1.03345
-1.0914
-1.13709
-1.17347
-1.20352
-1.22976
-1.2535
-1.27484
-1.29238
-1.30308
-1.30498
-1.29856
-1.28405
-1.25792
-1.21581
-1.16104
-1.09859
-1.03115
-0.961093
-0.889202
-0.816055
-0.742399
-0.66872
-0.595079
-0.520539
-0.442971
-0.359629
-0.267099
-0.161874
-0.0409767
0.09817
0.256941
0.434326
0.62687
0.82686
1.01808
1.18309
1.30008
1.35195
1.33764
1.26514
1.14882
1.00809
0.857472
0.711993
0.573914
0.435628
0.287116
0.122353
-0.060831
-0.260558
-0.465228
-0.670663
-0.87407
-1.07545
-1.2805
0.585802
0.167168
-0.164458
-0.424339
-0.626228
-0.781864
-0.901101
-0.991488
-1.05959
-1.11125
-1.15123
-1.18341
-1.21039
-1.23354
-1.2528
-1.26701
-1.27477
-1.27565
-1.27016
-1.25706
-1.23293
-1.19188
-1.13656
-1.07451
-1.00704
-0.936079
-0.863797
-0.791105
-0.718634
-0.646848
-0.575513
-0.503748
-0.429583
-0.350014
-0.26164
-0.160745
-0.0438658
0.0917957
0.248297
0.42553
0.620874
0.827671
1.03044
1.21022
1.34271
1.40571
1.3949
1.31655
1.19025
1.03665
0.875131
0.723215
0.583363
0.453167
0.323629
0.184599
0.0279991
-0.146804
-0.3363
-0.534392
-0.733253
-0.927217
-1.11415
-1.30038
0.494396
0.0909342
-0.22743
-0.475954
-0.667537
-0.813243
-0.922878
-1.00479
-1.06604
-1.11252
-1.14865
-1.17753
-1.20079
-1.21886
-1.23156
-1.23872
-1.24035
-1.23614
-1.22433
-1.2011
-1.16176
-1.10619
-1.04252
-0.974988
-0.903972
-0.831324
-0.758948
-0.687602
-0.617583
-0.548661
-0.479836
-0.409216
-0.333914
-0.250305
-0.154663
-0.0432036
0.0873311
0.239568
0.414374
0.610177
0.821646
1.03502
1.23018
1.38165
1.46158
1.45935
1.3784
1.24088
1.07423
0.900602
0.738835
0.591843
0.458541
0.335161
0.213071
0.082021
-0.0645601
-0.228243
-0.409423
-0.599734
-0.791359
-0.97338
-1.14377
-1.30947
0.411829
0.0251695
-0.278236
-0.512931
-0.691967
-0.826852
-0.927533
-1.00235
-1.0581
-1.10013
-1.13222
-1.15677
-1.1751
-1.18803
-1.196
-1.1989
-1.19595
-1.18508
-1.16277
-1.12452
-1.06911
-1.0036
-0.934631
-0.863862
-0.791679
-0.719745
-0.649462
-0.581157
-0.514477
-0.448555
-0.381458
-0.310438
-0.232002
-0.142285
-0.0373761
0.0864107
0.232264
0.402071
0.595409
0.80872
1.03047
1.24092
1.41397
1.51722
1.53209
1.45564
1.31005
1.12861
0.940371
0.765093
0.606987
0.465469
0.338092
0.220888
0.104988
-0.0171479
-0.152817
-0.307408
-0.481558
-0.663255
-0.845989
-1.01311
-1.16495
-1.30866
0.337467
-0.0296516
-0.315904
-0.535839
-0.702489
-0.827226
-0.919738
-0.988005
-1.03834
-1.07555
-1.10306
-1.12322
-1.13758
-1.14689
-1.15102
-1.14897
-1.13888
-1.11746
-1.08073
-1.02536
-0.958261
-0.887633
-0.816232
-0.744909
-0.674075
-0.604908
-0.538155
-0.473516
-0.410137
-0.34628
-0.279296
-0.205941
-0.122477
-0.024871
0.0908531
0.228333
0.390434
0.578084
0.789447
1.01619
1.24003
1.43588
1.5681
1.61015
1.55018
1.40414
1.20967
1.00326
0.810893
0.637489
0.483277
0.34631
0.223915
0.111586
0.00270462
-0.110487
-0.237795
-0.385581
-0.553467
-0.724711
-0.895801
-1.04571
-1.17761
-1.29856
0.270519
-0.0751819
-0.343335
-0.548254
-0.702657
-0.817509
-0.902027
-0.963733
-1.00856
-1.04106
-1.06448
-1.08099
-1.09176
-1.09681
-1.09527
-1.08547
-1.06466
-1.02919
-0.976016
-0.908172
-0.835867
-0.763467
-0.692282
-0.62276
-0.555031
-0.48966
-0.426683
-0.365389
-0.304164
-0.240678
-0.17195
-0.094505
-0.00443823
0.102408
0.229995
0.381884
0.560498
0.765672
0.992414
1.22573
1.4428
1.60757
1.68574
1.65616
1.52324
1.32318
1.09857
0.885694
0.693251
0.522081
0.370737
0.237001
0.117992
0.0105977
-0.091833
-0.19853
-0.320117
-0.462801
-0.624502
-0.782057
-0.9385
-1.07043
-1.18212
-1.28035
0.209382
-0.113614
-0.363084
-0.552834
-0.695037
-0.80012
-0.876809
-0.932198
-0.971847
-0.999907
-1.01923
-1.03149
-1.03721
-1.03584
-1.02603
-1.00554
-0.971454
-0.921003
-0.854427
-0.780722
-0.70748
-0.636141
-0.567323
-0.50102
-0.437022
-0.3753
-0.315466
-0.256156
-0.195326
-0.130427
-0.058314
0.0246392
0.122455
0.239299
0.379177
0.545716
0.740386
0.961241
1.19801
1.43074
1.62772
1.74839
1.76315
1.66102
1.46831
1.23229
0.998304
0.78394
0.592296
0.422482
0.272553
0.140283
0.0240012
-0.0799169
-0.178564
-0.281352
-0.399197
-0.537684
-0.692329
-0.83373
-0.973862
-1.08776
-1.17965
-1.25557
0.152341
-0.146984
-0.377403
-0.551993
-0.682224
-0.777879
-0.847073
-0.896331
-0.93066
-0.95368
-0.967735
-0.973974
-0.972388
-0.962081
-0.941626
-0.908786
-0.861242
-0.797704
-0.724225
-0.650197
-0.578712
-0.510201
-0.444686
-0.381798
-0.321034
-0.262036
-0.203821
-0.144712
-0.0825778
-0.0147302
0.0620514
0.151477
0.257561
0.384637
0.536928
0.717403
0.926538
1.15902
1.39955
1.62206
1.7864
1.85536
1.80491
1.64132
1.40643
1.15479
0.918321
0.703981
0.512712
0.342969
0.192515
0.0607006
-0.0552955
-0.159028
-0.256594
-0.357581
-0.473376
-0.607979
-0.754608
-0.877994
-1.00092
-1.09689
-1.16977
-1.22461
0.0977512
-0.177302
-0.388656
-0.548399
-0.667058
-0.753545
-0.815195
-0.857837
-0.885872
-0.902376
-0.909233
-0.907185
-0.896067
-0.875097
-0.843003
-0.798075
-0.739084
-0.66799
-0.593773
-0.52207
-0.453716
-0.388524
-0.326114
-0.265909
-0.207284
-0.149432
-0.0911141
-0.0306468
0.0342014
0.10612
0.188374
0.284612
0.399101
0.536312
0.70015
0.892938
1.11322
1.35153
1.589
1.79039
1.91552
1.92948
1.82367
1.61838
1.35967
1.1046
0.867821
0.652836
0.460622
0.289385
0.13682
0.00131957
-0.118816
-0.225776
-0.324725
-0.425794
-0.53892
-0.666423
-0.800906
-0.908525
-1.01575
-1.09613
-1.15235
-1.188
0.0437395
-0.206873
-0.399367
-0.544518
-0.651672
-0.728721
-0.782131
-0.816999
-0.83713
-0.845178
-0.842748
-0.830535
-0.808608
-0.776663
-0.733872
-0.679233
-0.612536
-0.539537
-0.468051
-0.399847
-0.334863
-0.272582
-0.212461
-0.15385
-0.0959095
-0.0376648
0.0220953
0.0851449
0.153625
0.230282
0.318203
0.421339
0.544027
0.690536
0.864223
1.06604
1.29248
1.53001
1.75354
1.92464
2.0063
1.97404
1.82912
1.59847
1.33448
1.08137
0.847273
0.633342
0.438621
0.262296
0.103225
-0.0395464
-0.16675
-0.279001
-0.379457
-0.47948
-0.589475
-0.71005
-0.833576
-0.928044
-1.02096
-1.08749
-1.12898
-1.14716
-0.0116565
-0.237653
-0.411223
-0.541602
-0.63679
-0.703546
-0.747424
-0.77282
-0.78312
-0.780799
-0.767537
-0.744385
-0.711944
-0.670324
-0.619184
-0.558164
-0.48894
-0.418314
-0.350657
-0.286025
-0.223941
-0.163819
-0.105042
-0.0468633
0.0115993
0.0712489
0.133402
0.199708
0.272341
0.353796
0.447527
0.55746
0.687623
0.841584
1.02187
1.22738
1.45083
1.67437
1.8688
1.99685
2.02901
1.95069
1.78478
1.54848
1.29823
1.05823
0.83335
0.624045
0.429679
0.250001
0.0847016
-0.0660314
-0.201277
-0.317377
-0.419843
-0.52025
-0.627494
-0.741047
-0.853693
-0.936378
-1.01617
-1.07053
-1.09936
-1.10219
-0.06937
-0.270336
-0.424511
-0.539387
-0.621489
-0.676417
-0.708899
-0.722891
-0.721667
-0.707879
-0.683577
-0.650344
-0.609253
-0.560714
-0.50471
-0.441194
-0.373663
-0.307533
-0.244086
-0.182865
-0.123321
-0.0648419
-0.00676776
0.0516344
0.111126
0.172734
0.237616
0.307495
0.384255
0.470855
0.570476
0.68661
0.822452
0.979993
1.16092
1.35918
1.55897
1.74
1.86055
1.91373
1.90109
1.81557
1.65955
1.44781
1.22829
1.01477
0.809957
0.613879
0.426175
0.247025
0.0772912
-0.0806341
-0.223498
-0.342762
-0.447515
-0.548443
-0.652707
-0.758888
-0.860466
-0.931973
-0.999726
-1.04364
-1.06215
-1.05241
-0.12906
-0.304106
-0.437697
-0.535461
-0.602475
-0.643362
-0.662377
-0.663426
-0.650026
-0.625203
-0.591442
-0.550668
-0.50409
-0.452255
-0.395291
-0.333688
-0.271088
-0.21043
-0.151587
-0.0940213
-0.0371664
0.0195924
0.0768897
0.135364
0.195887
0.259319
0.327019
0.400342
0.481771
0.573597
0.678848
0.798871
0.936653
1.09213
1.25867
1.42276
1.55441
1.64468
1.69782
1.71062
1.68146
1.60389
1.47469
1.30691
1.1303
0.953288
0.777316
0.602031
0.426914
0.252167
0.0800896
-0.0840602
-0.231818
-0.354804
-0.462111
-0.563389
-0.664083
-0.762152
-0.85198
-0.912318
-0.96884
-1.00397
-1.01485
-0.996271
-0.188441
-0.335634
-0.446234
-0.524097
-0.57318
-0.597641
-0.601758
-0.589723
-0.565377
-0.531978
-0.492139
-0.447763
-0.399939
-0.349152
-0.295477
-0.239861
-0.184614
-0.130609
-0.0774352
-0.0245426
0.0286455
0.0827169
0.138306
0.19611
0.25697
0.321878
0.392083
0.469344
0.555456
0.652019
0.760476
0.881792
1.01419
1.15142
1.27882
1.36276
1.42241
1.45751
1.46956
1.45802
1.42273
1.35904
1.26279
1.14245
1.01225
0.876504
0.735351
0.58751
0.431208
0.265685
0.0942668
-0.0749276
-0.226902
-0.353579
-0.463199
-0.563981
-0.659717
-0.748176
-0.824973
-0.873571
-0.919177
-0.946918
-0.953208
-0.931027
-0.241033
-0.356556
-0.44015
-0.494352
-0.522692
-0.529468
-0.519258
-0.496451
-0.464854
-0.427503
-0.386681
-0.343892
-0.299922
-0.255081
-0.209376
-0.163333
-0.117712
-0.0724311
-0.0270025
0.019144
0.0666036
0.116019
0.168115
0.223664
0.283641
0.349083
0.421568
0.502363
0.591967
0.691068
0.799861
0.913686
1.02519
1.11888
1.17787
1.21139
1.22669
1.22567
1.21127
1.18458
1.14694
1.09643
1.03106
0.95374
0.868413
0.776268
0.67597
0.564367
0.436722
0.289254
0.124333
-0.0481096
-0.204356
-0.335371
-0.446864
-0.545437
-0.633841
-0.710443
-0.772572
-0.808523
-0.843152
-0.86458
-0.869568
-0.851209
