0.53804
0.475488
0.400902
0.325117
0.253421
0.18754
0.127444
0.0724991
0.0220204
-0.0245485
-0.0676299
-0.107556
-0.144613
-0.179067
-0.211181
-0.241215
-0.269424
-0.296057
-0.321349
-0.345515
-0.368752
-0.391236
-0.413117
-0.434531
-0.455588
-0.476225
-0.496019
-0.515024
-0.533579
-0.552013
-0.570639
-0.589766
-0.609727
-0.630904
-0.653736
-0.678715
-0.706309
-0.736789
-0.76988
-0.804158
-0.836146
-0.859173
-0.862362
-0.830606
-0.746941
-0.598512
-0.3847
-0.122582
0.156775
0.418822
0.639325
0.766798
0.805333
0.781253
0.723992
0.652842
0.574779
0.48888
0.396175
0.302271
0.210782
0.124166
0.0421279
-0.0323475
0.520675
0.417937
0.317093
0.227045
0.149777
0.0836126
0.0257467
-0.0263638
-0.0745146
-0.11977
-0.162666
-0.203436
-0.242178
-0.278964
-0.313892
-0.347113
-0.378817
-0.409229
-0.438587
-0.467124
-0.495061
-0.522596
-0.54989
-0.577067
-0.604188
-0.630704
-0.655627
-0.679218
-0.702089
-0.724741
-0.74758
-0.770939
-0.795119
-0.820413
-0.84712
-0.875535
-0.905866
-0.938059
-0.971452
-1.00418
-1.03234
-1.04892
-1.0431
-1.00061
-0.906467
-0.750554
-0.53417
-0.274259
-0.000300103
0.25527
0.470193
0.612472
0.680353
0.695367
0.683905
0.662141
0.631636
0.585119
0.520131
0.442113
0.353754
0.255891
0.145647
0.0232786
0.460727
0.308515
0.175712
0.0685791
-0.014777
-0.0799248
-0.132846
-0.178321
-0.219534
-0.258303
-0.295499
-0.331454
-0.36625
-0.399905
-0.432469
-0.464055
-0.494846
-0.525067
-0.554965
-0.584785
-0.614751
-0.645055
-0.675819
-0.707103
-0.738802
-0.76936
-0.797734
-0.82457
-0.850698
-0.87677
-0.903274
-0.930576
-0.958952
-0.988621
-1.01976
-1.05245
-1.08663
-1.12185
-1.15692
-1.18936
-1.21464
-1.2253
-1.21063
-1.15729
-1.05201
-0.886359
-0.662182
-0.395987
-0.117319
0.139223
0.349605
0.491349
0.570398
0.608873
0.63046
0.646708
0.654329
0.640088
0.598329
0.533699
0.447287
0.337172
0.196679
0.0217632
0.36926
0.162542
-0.0041086
-0.128279
-0.216514
-0.278671
-0.324106
-0.359966
-0.390946
-0.419743
-0.447697
-0.475361
-0.502908
-0.530388
-0.557857
-0.585431
-0.613291
-0.641654
-0.670751
-0.700792
-0.731953
-0.764364
-0.798028
-0.832841
-0.868287
-0.901531
-0.93217
-0.961254
-0.989737
-1.01836
-1.04769
-1.07812
-1.10993
-1.14328
-1.17825
-1.21473
-1.25233
-1.29012
-1.3263
-1.35766
-1.37893
-1.38221
-1.35685
-1.29027
-1.17025
-0.989506
-0.750588
-0.471354
-0.183154
0.0792232
0.283785
0.419168
0.500265
0.552236
0.596133
0.638104
0.670839
0.677782
0.651926
0.59624
0.508992
0.383686
0.208524
-0.0254681
0.257634
-0.00492868
-0.204572
-0.343989
-0.435115
-0.492355
-0.528458
-0.552919
-0.571952
-0.589176
-0.606449
-0.624591
-0.643894
-0.664454
-0.686335
-0.709644
-0.734532
-0.761175
-0.789733
-0.820324
-0.853016
-0.887816
-0.924508
-0.962686
-1.00053
-1.03522
-1.0671
-1.09734
-1.12696
-1.15676
-1.18739
-1.2193
-1.2528
-1.28806
-1.32505
-1.36347
-1.40257
-1.44092
-1.47608
-1.50405
-1.5189
-1.51218
-1.47301
-1.38892
-1.24832
-1.04531
-0.784519
-0.487679
-0.186806
0.0778284
0.272956
0.39848
0.477254
0.536855
0.594414
0.650241
0.694334
0.710728
0.692726
0.640567
0.54829
0.403169
0.187871
-0.110565
0.13685
-0.179806
-0.40966
-0.56168
-0.653746
-0.704859
-0.730995
-0.743819
-0.750964
-0.756929
-0.764073
-0.773458
-0.785466
-0.800198
-0.817684
-0.837973
-0.861141
-0.887264
-0.916373
-0.948422
-0.983317
-1.02089
-1.06057
-1.10143
-1.13997
-1.17451
-1.20596
-1.23552
-1.26424
-1.29302
-1.32262
-1.3536
-1.38636
-1.4211
-1.45772
-1.49568
-1.53388
-1.57033
-1.60195
-1.62396
-1.62958
-1.60942
-1.55174
-1.4438
-1.27452
-1.04068
-0.750464
-0.426898
-0.116962
0.138706
0.317101
0.428238
0.501554
0.564261
0.627495
0.685964
0.729214
0.745367
0.728376
0.674412
0.572056
0.401514
0.140941
-0.224503
0.0161491
-0.35053
-0.606647
-0.768398
-0.859899
-0.904575
-0.9213
-0.923622
-0.920401
-0.91691
-0.915937
-0.918727
-0.925685
-0.936838
-0.952103
-0.971396
-0.994648
-1.02176
-1.05257
-1.0868
-1.12414
-1.16421
-1.20593
-1.24727
-1.28397
-1.31596
-1.34444
-1.37063
-1.39571
-1.42074
-1.44668
-1.4743
-1.5041
-1.53634
-1.57077
-1.60656
-1.6422
-1.67503
-1.70124
-1.71498
-1.70815
-1.66973
-1.58656
-1.44547
-1.2357
-0.953742
-0.623484
-0.282576
0.0211224
0.252831
0.404005
0.495948
0.561407
0.623038
0.684072
0.73546
0.769264
0.779346
0.759106
0.699103
0.581815
0.380759
0.0719364
-0.359253
-0.0977103
-0.508846
-0.786753
-0.955483
-1.04538
-1.08395
-1.09255
-1.08626
-1.07495
-1.06454
-1.05814
-1.0571
-1.06176
-1.07197
-1.08743
-1.10781
-1.13279
-1.16203
-1.19507
-1.23134
-1.27033
-1.31136
-1.35272
-1.39048
-1.42215
-1.44853
-1.47099
-1.49092
-1.50976
-1.52885
-1.54945
-1.57252
-1.59864
-1.628
-1.66005
-1.69352
-1.72628
-1.7548
-1.77422
-1.77702
-1.75302
-1.68898
-1.56901
-1.37416
-1.10417
-0.771812
-0.412184
-0.0726761
0.202875
0.394269
0.510618
0.582133
0.639283
0.695771
0.746839
0.784272
0.804451
0.806337
0.780756
0.711245
0.574664
0.339397
-0.0179192
-0.510704
-0.20044
-0.649717
-0.944881
-1.11811
-1.20568
-1.23871
-1.24058
-1.22762
-1.21048
-1.19557
-1.18628
-1.18396
-1.18878
-1.20031
-1.21789
-1.24083
-1.26846
-1.30006
-1.33483
-1.37183
-1.41038
-1.4495
-1.48657
-1.51666
-1.53994
-1.55775
-1.57174
-1.58366
-1.59524
-1.60816
-1.62392
-1.64351
-1.66736
-1.69539
-1.7265
-1.7587
-1.78901
-1.8126
-1.82296
-1.81002
-1.76012
-1.65161
-1.472
-1.2121
-0.880188
-0.505855
-0.137621
0.174704
0.400608
0.541029
0.621497
0.674935
0.723183
0.768645
0.801844
0.818898
0.82686
0.821273
0.789314
0.706441
0.545199
0.27243
-0.133481
-0.678178
-0.289782
-0.770709
-1.07884
-1.25439
-1.33909
-1.36709
-1.3634
-1.34525
-1.32393
-1.30626
-1.29581
-1.2939
-1.30045
-1.31461
-1.33528
-1.36128
-1.39145
-1.42464
-1.45961
-1.49506
-1.5302
-1.56376
-1.59163
-1.61143
-1.62452
-1.63272
-1.63811
-1.64276
-1.64868
-1.65772
-1.6714
-1.69044
-1.71484
-1.74402
-1.77599
-1.80779
-1.83515
-1.8512
-1.84632
-1.80204
-1.70568
-1.53911
-1.29007
-0.959175
-0.570727
-0.172873
0.176225
0.434737
0.595346
0.682259
0.7311
0.769215
0.805377
0.832413
0.842906
0.840284
0.838836
0.826548
0.784161
0.680999
0.485016
0.170983
-0.275467
-0.857583
-0.36494
-0.871211
-1.18841
-1.36442
-1.44581
-1.46918
-1.46071
-1.43833
-1.4138
-1.39428
-1.38348
-1.38267
-1.39147
-1.40859
-1.43237
-1.46105
-1.49292
-1.52631
-1.55953
-1.59094
-1.6198
-1.64473
-1.66109
-1.66999
-1.67334
-1.67339
-1.67253
-1.67297
-1.67673
-1.68555
-1.70073
-1.72242
-1.74991
-1.78193
-1.8152
-1.84528
-1.86529
-1.86043
-1.82313
-1.73653
-1.58318
-1.346
-1.01873
-0.616915
-0.186371
0.206638
0.504096
0.686061
0.774979
0.813361
0.836403
0.858639
0.875718
0.877142
0.86282
0.848222
0.839949
0.819009
0.755931
0.621018
0.388023
0.0386526
-0.43662
-1.04196
-0.426053
-0.951729
-1.27454
-1.44941
-1.52709
-1.54612
-1.53348
-1.50751
-1.48033
-1.45936
-1.44847
-1.44886
-1.45987
-1.47976
-1.50623
-1.53691
-1.56949
-1.60172
-1.63145
-1.65674
-1.67722
-1.69145
-1.69736
-1.69738
-1.69379
-1.68913
-1.68583
-1.68596
-1.69125
-1.70313
-1.72254
-1.74871
-1.77998
-1.81388
-1.84384
-1.8602
-1.85837
-1.82537
-1.74795
-1.60732
-1.38419
-1.06456
-0.654113
-0.19127
0.253098
0.60295
0.817589
0.911278
0.933697
0.933176
0.933681
0.934714
0.924771
0.898117
0.864358
0.843687
0.826377
0.786712
0.69516
0.52615
0.260376
-0.114789
-0.606888
-1.22352
-0.47378
-1.01334
-1.3387
-1.511
-1.58458
-1.59948
-1.58318
-1.55424
-1.52496
-1.50298
-1.49232
-1.49412
-1.50747
-1.53011
-1.55914
-1.59146
-1.62412
-1.65431
-1.67943
-1.69739
-1.70884
-1.71315
-1.71126
-1.70564
-1.69873
-1.69306
-1.69086
-1.69379
-1.70299
-1.71945
-1.74355
-1.77287
-1.80056
-1.82549
-1.84142
-1.83956
-1.81085
-1.7412
-1.61343
-1.4058
-1.09897
-0.687936
-0.199986
0.296602
0.711197
0.977275
1.09029
1.10053
1.0707
1.03969
1.01478
0.985503
0.942973
0.890196
0.850377
0.821825
0.788873
0.724304
0.60165
0.401639
0.111139
-0.279174
-0.777471
-1.39538
-0.509034
-1.05735
-1.3825
-1.55094
-1.61997
-1.63084
-1.61138
-1.58018
-1.54963
-1.52753
-1.51797
-1.52206
-1.53854
-1.56459
-1.59657
-1.63063
-1.66313
-1.69073
-1.71041
-1.7202
-1.72305
-1.72061
-1.71456
-1.70697
-1.70001
-1.69605
-1.69694
-1.70356
-1.71553
-1.72997
-1.74979
-1.77206
-1.79221
-1.80544
-1.80435
-1.77912
-1.71756
-1.6021
-1.41116
-1.12147
-0.719318
-0.218605
0.321798
0.804922
1.13951
1.29395
1.30837
1.25467
1.18816
1.12862
1.07068
1.00453
0.929254
0.866903
0.820042
0.779083
0.725181
0.632576
0.480537
0.256025
-0.0499706
-0.445859
-0.942142
-1.55063
-0.532817
-1.08509
-1.40754
-1.57091
-1.63492
-1.64182
-1.6197
-1.58719
-1.55667
-1.53599
-1.52927
-1.53737
-1.55858
-1.58932
-1.6251
-1.66129
-1.69362
-1.71824
-1.73179
-1.73281
-1.72937
-1.72465
-1.7182
-1.71059
-1.70172
-1.692
-1.68639
-1.68626
-1.6922
-1.70387
-1.72021
-1.73747
-1.7501
-1.75118
-1.73115
-1.67755
-1.57437
-1.40024
-1.13082
-0.745886
-0.246735
0.322114
0.866668
1.27771
1.49368
1.53496
1.47425
1.37958
1.28383
1.18994
1.0915
0.986752
0.899053
0.829991
0.772873
0.714714
0.636139
0.515815
0.339296
0.0980376
-0.215208
-0.609903
-1.09982
-1.68473
-0.546138
-1.09786
-1.41535
-1.57259
-1.6312
-1.63428
-1.61018
-1.5776
-1.54893
-1.53193
-1.53047
-1.54493
-1.5728
-1.60955
-1.64977
-1.6881
-1.71959
-1.73978
-1.74449
-1.73291
-1.71496
-1.69256
-1.66948
-1.64846
-1.63159
-1.62051
-1.6165
-1.62007
-1.6307
-1.64667
-1.66482
-1.6797
-1.6841
-1.66912
-1.62319
-1.5312
-1.37351
-1.12577
-0.764233
-0.279698
0.299233
0.889732
1.37435
1.66395
1.75282
1.7064
1.60032
1.47735
1.34786
1.21158
1.0696
0.951915
0.857875
0.779791
0.708139
0.628822
0.524885
0.380576
0.186435
-0.063811
-0.377415
-0.765535
-1.24195
-1.79645
-0.549952
-1.09683
-1.40726
-1.55746
-1.61029
-1.60938
-1.58317
-1.55024
-1.52277
-1.50816
-1.50977
-1.5272
-1.55676
-1.59275
-1.62922
-1.6602
-1.68044
-1.68596
-1.67485
-1.65477
-1.63308
-1.61061
-1.58954
-1.57183
-1.55908
-1.5526
-1.55304
-1.56027
-1.57296
-1.58835
-1.60195
-1.60712
-1.59518
-1.55531
-1.47345
-1.33127
-1.10561
-0.771183
-0.311462
0.259889
0.876196
1.42245
1.78871
1.9399
1.92696
1.82861
1.69459
1.53947
1.36702
1.18338
1.03049
0.907654
0.805273
0.714218
0.624223
0.522569
0.396142
0.233977
0.0294281
-0.223485
-0.533179
-0.912528
-1.36401
-1.8725
-0.544673
-1.0815
-1.38167
-1.5228
-1.56836
-1.5621
-1.53239
-1.49771
-1.4702
-1.45721
-1.46184
-1.48321
-1.51699
-1.55652
-1.59457
-1.62435
-1.64028
-1.63838
-1.61678
-1.58848
-1.56267
-1.53829
-1.51704
-1.5004
-1.48945
-1.48491
-1.48677
-1.49416
-1.5049
-1.51515
-1.51914
-1.50886
-1.47395
-1.40131
-1.27392
-1.07003
-0.764512
-0.336438
0.212598
0.833695
1.42312
1.86053
2.08236
2.11791
2.04392
1.91586
1.75028
1.55182
1.32882
1.1377
0.982011
0.851791
0.737158
0.629744
0.520434
0.399055
0.255939
0.0830556
-0.12544
-0.376394
-0.679487
-1.04691
-1.46523
-1.90946
-0.531314
-1.05397
-1.34204
-1.47361
-1.51225
-1.50171
-1.47028
-1.43633
-1.41179
-1.40366
-1.41437
-1.44209
-1.48134
-1.52425
-1.56251
-1.58866
-1.5969
-1.58323
-1.55051
-1.5163
-1.48635
-1.45961
-1.43741
-1.42075
-1.41019
-1.40583
-1.40703
-1.41212
-1.418
-1.41966
-1.40995
-1.37925
-1.31518
-1.20189
-1.01919
-0.742956
-0.3504
0.165516
0.772372
1.38324
1.87841
2.17229
2.26733
2.23103
2.12313
1.96225
1.75164
1.49994
1.27189
1.08115
0.919793
0.777901
0.648225
0.524325
0.398764
0.263493
0.110847
-0.0661371
-0.27382
-0.520285
-0.815703
-1.16225
-1.53669
-1.90993
-0.510662
-1.0153
-1.28964
-1.41124
-1.44334
-1.42948
-1.39785
-1.36661
-1.34727
-1.34615
-1.36471
-1.39975
-1.44429
-1.48916
-1.52507
-1.54423
-1.54097
-1.51214
-1.46834
-1.42924
-1.39543
-1.36633
-1.3429
-1.32569
-1.31476
-1.30958
-1.30885
-1.31001
-1.30887
-1.2991
-1.27195
-1.21586
-1.11602
-0.953671
-0.706218
-0.350703
0.125191
0.702596
1.3132
1.84711
2.20637
2.36698
2.37905
2.30241
2.15864
1.94964
1.68331
1.42582
1.20138
1.00725
0.835149
0.679441
0.53606
0.399921
0.26449
0.122615
-0.0328315
-0.20897
-0.413144
-0.654263
-0.940763
-1.25482
-1.56965
-1.8738
-0.483446
-0.966273
-1.22527
-1.33658
-1.36256
-1.3464
-1.31602
-1.28922
-1.27688
-1.2843
-1.31148
-1.35353
-1.40172
-1.4456
-1.47528
-1.48308
-1.46408
-1.4192
-1.36684
-1.32337
-1.28625
-1.2552
-1.23082
-1.21319
-1.20184
-1.1956
-1.1923
-1.18834
-1.1782
-1.15402
-1.10518
-1.0179
-0.874776
-0.654908
-0.336278
0.0960741
0.633321
1.2247
1.77586
2.18681
2.41187
2.47953
2.44305
2.32602
2.12987
1.8628
1.5866
1.33483
1.10906
0.905399
0.72112
0.554906
0.403941
0.262984
0.125266
-0.0165215
-0.169841
-0.342399
-0.542281
-0.777962
-1.04628
-1.31743
-1.56751
-1.80656
-0.450662
-0.907969
-1.15015
-1.25101
-1.27153
-1.25424
-1.22663
-1.2059
-1.202
-1.21876
-1.25434
-1.30178
-1.35064
-1.38947
-1.40839
-1.40057
-1.36252
-1.30369
-1.24661
-1.19973
-1.16042
-1.1285
-1.10413
-1.08685
-1.07555
-1.06821
-1.06161
-1.05088
-1.029
-0.986339
-0.910247
-0.784741
-0.590651
-0.307477
0.0805023
0.571248
1.1288
1.67651
2.12086
2.40236
2.5271
2.53689
2.45439
2.28032
2.02407
1.73995
1.46957
1.2171
0.982962
0.769382
0.57865
0.410406
0.260651
0.122818
-0.0107207
-0.147842
-0.29653
-0.46487
-0.660873
-0.889946
-1.12656
-1.34196
-1.52996
-1.71211
-0.413713
-0.84197
-1.06604
-1.15658
-1.17261
-1.15563
-1.13242
-1.11931
-1.12486
-1.15102
-1.1937
-1.24378
-1.28938
-1.31878
-1.32294
-1.29655
-1.23964
-1.17111
-1.11203
-1.06382
-1.02433
-0.993262
-0.970247
-0.95417
-0.943058
-0.933879
-0.922198
-0.901724
-0.863816
-0.797039
-0.686915
-0.5161
-0.265932
0.0789452
0.520642
1.03469
1.5615
2.01946
2.3439
2.52179
2.57956
2.53688
2.39283
2.15702
1.874
1.59325
1.32065
1.06025
0.819122
0.604189
0.418016
0.257936
0.117557
-0.0112037
-0.136777
-0.26747
-0.411564
-0.576933
-0.770146
-0.980303
-1.1732
-1.33068
-1.46163
-1.59613
-0.374523
-0.770491
-0.975418
-1.0561
-1.06897
-1.05406
-1.03705
-1.03296
-1.04851
-1.08334
-1.13088
-1.18005
-1.21815
-1.234
-1.22013
-1.17318
-1.10231
-1.03148
-0.972514
-0.925055
-0.887296
-0.858551
-0.83771
-0.82279
-0.81082
-0.797631
-0.777489
-0.742662
-0.682972
-0.585518
-0.434863
-0.214347
0.0903203
0.483537
0.949174
1.44234
1.8955
2.24611
2.46817
2.57197
2.57082
2.46278
2.25556
1.98058
1.69573
1.40923
1.12849
0.864479
0.628098
0.425229
0.2549
0.111048
-0.0148214
-0.131733
-0.248416
-0.373169
-0.514003
-0.67732
-0.864985
-1.04303
-1.18301
-1.28546
-1.36734
-1.46386
-0.33563
-0.696488
-0.881584
-0.953235
-0.964657
-0.953853
-0.94492
-0.951038
-0.976639
-1.01871
-1.06824
-1.11276
-1.13965
-1.13922
-1.10617
-1.04019
-0.960987
-0.892062
-0.835832
-0.791318
-0.756845
-0.73113
-0.712177
-0.697039
-0.681701
-0.66084
-0.627489
-0.572647
-0.484997
-0.351035
-0.156179
0.112357
0.460007
0.876412
1.32836
1.76202
2.12147
2.37464
2.5184
2.55728
2.48783
2.3148
2.0536
1.76937
1.47436
1.17978
0.899482
0.646917
0.430527
0.251381
0.104214
-0.0196439
-0.129775
-0.235375
-0.345003
-0.466593
-0.607336
-0.770354
-0.934461
-1.06681
-1.15592
-1.20996
-1.25251
-1.3201
-0.300207
-0.623713
-0.788703
-0.852515
-0.864521
-0.860062
-0.861019
-0.878178
-0.913197
-0.96026
-1.00829
-1.04416
-1.05625
-1.03697
-0.983294
-0.90473
-0.826314
-0.761016
-0.708795
-0.668198
-0.637291
-0.613948
-0.595216
-0.577167
-0.554758
-0.521623
-0.469773
-0.389329
-0.268628
-0.0951216
0.142325
0.449063
0.818544
1.22627
1.63032
1.98358
2.25306
2.42692
2.50052
2.46722
2.32778
2.08752
1.80856
1.51037
1.20861
0.919471
0.657548
0.432549
0.247251
0.0977594
-0.0241892
-0.128454
-0.224689
-0.321641
-0.427338
-0.548861
-0.691284
-0.844028
-0.972352
-1.05624
-1.09776
-1.11132
-1.124
-1.16984
-0.271982
-0.556641
-0.701747
-0.759269
-0.774105
-0.778221
-0.790574
-0.81893
-0.861825
-0.910773
-0.953303
-0.976691
-0.971281
-0.93209
-0.859414
-0.774118
-0.700378
-0.640384
-0.59311
-0.556684
-0.528644
-0.506
-0.484886
-0.460459
-0.426786
-0.376678
-0.301453
-0.191037
-0.0347238
0.176973
0.448835
0.7762
1.14096
1.5107
1.84678
2.11881
2.31079
2.41103
2.40785
2.29799
2.08072
1.81161
1.51587
1.21344
0.922592
0.658193
0.430128
0.242127
0.0917745
-0.0280924
-0.127072
-0.215054
-0.301082
-0.393098
-0.498296
-0.621972
-0.764217
-0.89134
-0.974876
-1.0132
-1.01396
-0.996461
-0.988127
-1.0174
-0.255017
-0.500255
-0.626272
-0.679356
-0.69931
-0.713936
-0.738477
-0.77708
-0.824985
-0.871471
-0.903606
-0.91007
-0.88377
-0.822449
-0.737573
-0.654814
-0.586308
-0.531593
-0.488877
-0.455665
-0.428793
-0.404411
-0.377799
-0.343318
-0.294332
-0.223053
-0.120655
0.0220695
0.213131
0.456485
0.748337
1.07424
1.40938
1.72252
1.98666
2.18526
2.30254
2.32184
2.23564
2.03813
1.78205
1.49396
1.19668
0.910011
0.64881
0.422553
0.235269
0.0856987
-0.0318934
-0.126192
-0.206941
-0.283404
-0.363754
-0.455109
-0.563668
-0.691266
-0.81545
-0.903467
-0.944849
-0.943378
-0.91224
-0.873368
-0.851436
-0.866995
-0.253347
-0.45965
-0.56799
-0.618698
-0.645838
-0.672205
-0.708524
-0.754862
-0.803329
-0.841821
-0.858165
-0.843525
-0.793821
-0.712347
-0.62207
-0.544817
-0.482199
-0.432655
-0.393765
-0.362385
-0.334641
-0.305887
-0.270659
-0.222678
-0.154715
-0.0588063
0.0731686
0.248062
0.468987
0.732365
1.02596
1.32951
1.61848
1.86891
2.06451
2.18918
2.22154
2.1517
1.96994
1.72832
1.45154
1.16384
0.885447
0.631146
0.409963
0.225909
0.0784944
-0.0367002
-0.127065
-0.201647
-0.269661
-0.339444
-0.418258
-0.512357
-0.626021
-0.746705
-0.840155
-0.887796
-0.890299
-0.856152
-0.802499
-0.750939
-0.720678
-0.722976
-0.270533
-0.439529
-0.532202
-0.582617
-0.618435
-0.656584
-0.702562
-0.752189
-0.79506
-0.8189
-0.813549
-0.773379
-0.69785
-0.603748
-0.516777
-0.44509
-0.387744
-0.34241
-0.305991
-0.27466
-0.243793
-0.207988
-0.161126
-0.0962958
-0.00596651
0.117314
0.279631
0.483432
0.725054
0.993458
1.27133
1.53812
1.77348
1.96015
2.08368
2.12024
2.05519
1.88859
1.66121
1.39762
1.12189
0.853973
0.608151
0.393341
0.213597
0.0689562
-0.0439858
-0.131376
-0.201201
-0.262217
-0.322734
-0.390048
-0.470541
-0.569181
-0.684531
-0.783684
-0.83941
-0.849621
-0.819289
-0.761359
-0.694691
-0.637758
-0.602267
-0.589637
-0.309216
-0.443643
-0.523107
-0.575014
-0.619916
-0.668093
-0.719393
-0.765727
-0.79533
-0.797271
-0.764521
-0.695003
-0.598881
-0.5021
-0.420412
-0.35425
-0.301586
-0.259451
-0.224094
-0.190958
-0.154647
-0.109032
-0.0472734
0.037972
0.153994
0.306499
0.497597
0.723539
0.973914
1.23311
1.48306
1.70528
1.88232
1.99916
2.03428
1.96484
1.80868
1.59359
1.34276
1.07903
0.821401
0.58364
0.374544
0.198584
0.0562849
-0.0550298
-0.140563
-0.207279
-0.263148
-0.316266
-0.373896
-0.442447
-0.527527
-0.631274
-0.732184
-0.798051
-0.818812
-0.796901
-0.741816
-0.669746
-0.598771
-0.541928
-0.502195
-0.471262
-0.370768
-0.474275
-0.543128
-0.597536
-0.650276
-0.704463
-0.754403
-0.789143
-0.797266
-0.770723
-0.706325
-0.608261
-0.501261
-0.409026
-0.333114
-0.272141
-0.223408
-0.183342
-0.147467
-0.11041
-0.0659671
-0.0071342
0.0735323
0.183344
0.328235
0.510303
0.725903
0.964925
1.21251
1.45177
1.66493
1.83369
1.94097
1.9707
1.89282
1.74303
1.53718
1.29683
1.04311
0.793647
0.561656
0.356089
0.181922
0.0404141
-0.0705218
-0.155462
-0.22065
-0.273273
-0.320891
-0.370693
-0.428849
-0.501082
-0.591877
-0.691225
-0.766561
-0.798929
-0.788072
-0.740399
-0.669294
-0.592156
-0.523898
-0.470487
-0.425662
-0.371898
-0.455104
-0.531857
-0.592307
-0.648822
-0.705901
-0.759474
-0.799188
-0.81296
-0.791575
-0.730933
-0.63238
-0.517248
-0.412947
-0.326129
-0.25565
-0.199202
-0.15342
-0.113992
-0.0755564
-0.0318
0.0244838
0.101157
0.205858
0.344791
0.520769
0.730398
0.963748
1.20593
1.44005
1.64809
1.81068
1.90831
1.91978
1.84447
1.69768
1.49826
1.26576
1.01929
0.774978
0.54554
0.34031
0.165059
0.0218725
-0.0906024
-0.176493
-0.241651
-0.292792
-0.336916
-0.380915
-0.430856
-0.491844
-0.568848
-0.662969
-0.74643
-0.790805
-0.792688
-0.755645
-0.690031
-0.611839
-0.537533
-0.477068
-0.428523
-0.376493
-0.294902
-0.560662
-0.614709
-0.667848
-0.72394
-0.779083
-0.822802
-0.841896
-0.825475
-0.767996
-0.669845
-0.547932
-0.43137
-0.33295
-0.252313
-0.187309
-0.134892
-0.0909464
-0.0502261
-0.00631592
0.0482799
0.121781
0.222589
0.357525
0.529967
0.73759
0.970509
1.21337
1.44827
1.65588
1.81597
1.90653
1.90222
1.82394
1.6784
1.48251
1.25477
1.01216
0.769371
0.538723
0.33005
0.150102
0.00203092
-0.114655
-0.203523
-0.270218
-0.321334
-0.363634
-0.403665
-0.447499
-0.500041
-0.565728
-0.648681
-0.734993
-0.793196
-0.809835
-0.786276
-0.729996
-0.654798
-0.577639
-0.512246
-0.462586
-0.418778
-0.356752
-0.242512
-0.684469
-0.718933
-0.763935
-0.814402
-0.858647
-0.881605
-0.869963
-0.816083
-0.718805
-0.590725
-0.46182
-0.35174
-0.260692
-0.186758
-0.127055
-0.0777508
-0.0337474
0.0113942
0.0654065
0.137068
0.235254
0.368022
0.539655
0.748443
0.98528
1.23394
1.47483
1.68708
1.8482
1.92456
1.91508
1.83126
1.68454
1.49012
1.26448
1.02272
0.778232
0.542996
0.327338
0.139058
-0.0174468
-0.141526
-0.235965
-0.306087
-0.358554
-0.400267
-0.437725
-0.476837
-0.522675
-0.578952
-0.649714
-0.734864
-0.806046
-0.838428
-0.830556
-0.786992
-0.718674
-0.6416
-0.571941
-0.519408
-0.48168
-0.441377
-0.366431
-0.215406
-0.822323
-0.83857
-0.872046
-0.908913
-0.931336
-0.922643
-0.872261
-0.776976
-0.643529
-0.501746
-0.379533
-0.277917
-0.194824
-0.127434
-0.0720711
-0.0238183
0.0237369
0.0785717
0.149836
0.247321
0.379711
0.553107
0.766739
1.01171
1.27153
1.52432
1.74626
1.91323
1.97753
1.96057
1.8688
1.7174
1.52156
1.29533
1.05152
0.802339
0.559477
0.333705
0.133762
-0.0346772
-0.169612
-0.272713
-0.348698
-0.404198
-0.446472
-0.482391
-0.517987
-0.558431
-0.607761
-0.668802
-0.745106
-0.823278
-0.87326
-0.883629
-0.856385
-0.799325
-0.726241
-0.653921
-0.596367
-0.558674
-0.532537
-0.493876
-0.403358
-0.212452
-0.969001
-0.965985
-0.981817
-0.995067
-0.984628
-0.935543
-0.84192
-0.705
-0.551803
-0.415234
-0.301583
-0.208484
-0.132645
-0.0703252
-0.0167021
0.0346706
0.0918746
0.164578
0.263034
0.397353
0.574482
0.795589
1.05243
1.32752
1.59656
1.83171
1.99758
2.06015
2.03595
1.93441
1.77519
1.57465
1.34506
1.09676
0.840466
0.587589
0.349263
0.135032
-0.0482735
-0.197267
-0.31226
-0.39698
-0.457705
-0.501969
-0.537247
-0.570086
-0.605852
-0.648839
-0.70193
-0.767411
-0.846037
-0.912199
-0.941551
-0.933018
-0.891186
-0.826658
-0.754968
-0.692265
-0.649413
-0.626816
-0.610848
-0.571671
-0.463429
-0.230756
-1.11859
-1.09267
-1.08259
-1.06166
-1.0092
-0.91447
-0.776074
-0.613111
-0.459604
-0.331083
-0.22589
-0.139997
-0.069167
-0.00844847
0.0485751
0.110215
0.18629
0.287843
0.42549
0.608119
0.83794
1.10842
1.40175
1.69066
1.94296
2.11313
2.17302
2.14086
2.02744
1.85694
1.648
1.41163
1.15614
0.890574
0.625746
0.373023
0.142616
-0.0576773
-0.223231
-0.352976
-0.449389
-0.517982
-0.56622
-0.602122
-0.633008
-0.664844
-0.702186
-0.748449
-0.805576
-0.875675
-0.949252
-0.998348
-1.01031
-0.987062
-0.935821
-0.869464
-0.804131
-0.754213
-0.726971
-0.718444
-0.710539
-0.66864
-0.541123
-0.266033
-1.2649
-1.2105
-1.16593
-1.10289
-1.00408
-0.863271
-0.690615
-0.517427
-0.370369
-0.249452
-0.150437
-0.0683152
0.00223898
0.0678054
0.136593
0.218808
0.325446
0.468183
0.656239
0.894283
1.17689
1.48723
1.79617
2.06722
2.24749
2.30804
2.26894
2.14327
1.95968
1.73944
1.49326
1.22769
0.950511
0.671865
0.403199
0.155269
-0.063338
-0.247023
-0.393552
-0.504154
-0.583294
-0.637929
-0.676271
-0.706362
-0.734995
-0.767304
-0.806882
-0.856199
-0.916401
-0.988673
-1.05305
-1.08469
-1.08124
-1.04666
-0.990399
-0.926692
-0.871124
-0.835511
-0.823411
-0.82703
-0.824692
-0.777964
-0.630221
-0.313227
-1.40259
-1.31396
-1.22877
-1.12039
-0.976425
-0.793785
-0.599116
-0.428849
-0.287185
-0.170346
-0.0727378
0.0116571
0.0895674
0.169301
0.26074
0.375199
0.523859
0.717122
0.959758
1.2492
1.56973
1.89248
2.17916
2.37547
2.44333
2.40408
2.27095
2.07685
1.84501
1.58707
1.30912
1.01799
0.723591
0.437532
0.171068
-0.0665675
-0.269069
-0.433382
-0.559752
-0.651589
-0.715032
-0.758022
-0.788986
-0.81551
-0.843526
-0.877166
-0.91903
-0.970855
-1.03368
-1.10236
-1.15256
-1.16884
-1.15273
-1.1104
-1.05311
-0.995559
-0.951859
-0.930811
-0.932447
-0.945776
-0.946385
-0.892924
-0.724562
-0.367202
-1.52795
-1.40074
-1.2717
-1.11714
-0.928089
-0.717322
-0.518069
-0.349713
-0.209462
-0.0913294
0.0114317
0.105974
0.200405
0.30455
0.428856
0.584587
0.781027
1.0242
1.31159
1.63083
1.95504
2.24796
2.46215
2.54681
2.51947
2.39172
2.19661
1.95798
1.68918
1.39763
1.09072
0.778687
0.473767
0.187883
-0.0691395
-0.290504
-0.472686
-0.615329
-0.72104
-0.795099
-0.844846
-0.878641
-0.904569
-0.92934
-0.957784
-0.992933
-1.03639
-1.08931
-1.15262
-1.21313
-1.24721
-1.24936
-1.22306
-1.17625
-1.1213
-1.07245
-1.04163
-1.0345
-1.04792
-1.06833
-1.06935
-1.00754
-0.818663
-0.423324
-1.63857
-1.47084
-1.29773
-1.09921
-0.87357
-0.642917
-0.443887
-0.275518
-0.13244
-0.00740761
0.107093
0.219157
0.337943
0.473521
0.635579
0.833306
1.07113
1.34804
1.65287
1.96417
2.25112
2.48019
2.58876
2.58645
2.48277
2.30243
2.06806
1.79391
1.48994
1.16626
0.835053
0.509886
0.203742
-0.0728733
-0.312803
-0.512321
-0.67083
-0.790502
-0.875958
-0.933856
-0.972164
-0.999063
-1.0218
-1.0459
-1.07496
-1.11093
-1.15454
-1.20689
-1.26699
-1.31532
-1.3339
-1.32372
-1.28992
-1.24179
-1.19198
-1.15349
-1.13572
-1.14126
-1.16427
-1.18921
-1.18837
-1.11694
-0.908088
-0.47781
-1.73437
-1.52553
-1.30809
-1.06579
-0.812667
-0.576201
-0.374617
-0.202131
-0.0514745
0.0852866
0.216236
0.350097
0.495895
0.662594
0.857469
1.08498
1.34295
1.62386
1.91081
2.18254
2.41665
2.55646
2.58975
2.5235
2.37521
2.1612
1.89267
1.58136
1.24187
0.890643
0.544143
0.217017
-0.0793281
-0.337392
-0.553416
-0.726825
-0.859675
-0.956231
-1.02262
-1.06633
-1.09535
-1.11718
-1.13786
-1.16161
-1.19084
-1.22654
-1.26881
-1.31904
-1.37072
-1.40358
-1.40862
-1.38889
-1.35083
-1.3045
-1.26214
-1.23498
-1.22979
-1.24642
-1.2768
-1.30397
-1.29939
-1.21747
-0.989548
-0.527841
-1.81359
-1.56305
-1.30218
-1.02162
-0.746819
-0.507551
-0.302046
-0.122878
0.0377504
0.187858
0.335732
0.489578
0.65703
0.844893
1.05617
1.29043
1.54124
1.79959
2.0523
2.28669
2.45566
2.52562
2.50261
2.3988
2.22154
1.97375
1.66487
1.31377
0.943324
0.575037
0.226473
-0.0896407
-0.365377
-0.597005
-0.784122
-0.928878
-1.03545
-1.10967
-1.15865
-1.19013
-1.21165
-1.22959
-1.24865
-1.27174
-1.30016
-1.33405
-1.37306
-1.41891
-1.45959
-1.47727
-1.47079
-1.44429
-1.40501
-1.36306
-1.32963
-1.31394
-1.32026
-1.34615
-1.38179
-1.40921
-1.39944
-1.30658
-1.0608
-0.571481
-1.87429
-1.5795
-1.27204
-0.964225
-0.679729
-0.435212
-0.223414
-0.0361548
0.134203
0.295571
0.455523
0.620843
0.797468
0.989245
1.19571
1.41537
1.64289
1.87443
2.10151
2.29122
2.39154
2.41179
2.36012
2.23373
2.02335
1.73084
1.37648
0.990302
0.601128
0.231215
-0.104507
-0.397412
-0.643762
-0.843376
-0.998619
-1.11375
-1.19451
-1.24783
-1.28127
-1.30237
-1.31776
-1.33255
-1.35002
-1.37192
-1.3986
-1.42949
-1.4642
-1.50233
-1.52994
-1.53521
-1.52038
-1.49034
-1.45265
-1.41695
-1.39304
-1.38816
-1.40443
-1.43758
-1.4765
-1.50251
-1.48653
-1.38265
-1.12046
-0.607513
-1.91425
-1.57463
-1.22444
-0.895189
-0.604808
-0.354759
-0.136713
0.0571118
0.233918
0.400512
0.563093
0.727156
0.897207
1.07569
1.26257
1.4593
1.66389
1.87217
2.0672
2.18816
2.24654
2.24783
2.1822
2.02557
1.76672
1.42211
1.02753
0.620651
0.23055
-0.124214
-0.433674
-0.693877
-0.904836
-1.06918
-1.19136
-1.27719
-1.33356
-1.368
-1.38808
-1.40067
-1.41126
-1.42356
-1.4396
-1.46004
-1.48439
-1.51141
-1.54093
-1.5698
-1.58454
-1.58034
-1.56023
-1.52942
-1.49531
-1.46669
-1.45192
-1.45642
-1.48063
-1.51888
-1.55915
-1.58236
-1.55946
-1.44477
-1.16777
-0.635243
-1.92927
-1.54519
-1.16075
-0.815377
-0.520773
-0.265788
-0.043185
0.153957
0.3314
0.494522
0.648602
0.798553
0.949175
1.10474
1.26826
1.4417
1.62002
1.79622
1.92605
2.01105
2.05842
2.05478
1.96434
1.75758
1.44018
1.04922
0.631108
0.223756
-0.148725
-0.473872
-0.747018
-0.968225
-1.14038
-1.26822
-1.35773
-1.41593
-1.45039
-1.46876
-1.47817
-1.4845
-1.49189
-1.50272
-1.51783
-1.53694
-1.55869
-1.58124
-1.60473
-1.62467
-1.62912
-1.61829
-1.59541
-1.56567
-1.53598
-1.51411
-1.50706
-1.51878
-1.54841
-1.58934
-1.62898
-1.64808
-1.61771
-1.49253
-1.20238
-0.654318
-1.91851
-1.48913
-1.0825
-0.729754
-0.429468
-0.170036
0.0548806
0.250682
0.42164
0.572297
0.707794
0.834305
0.959699
1.09031
1.22807
1.37238
1.51718
1.63757
1.72978
1.80535
1.85211
1.82901
1.68887
1.41816
1.04753
0.628854
0.2098
-0.1778
-0.517283
-0.802342
-1.03273
-1.21153
-1.34379
-1.43585
-1.4949
-1.52869
-1.545
-1.55114
-1.55338
-1.55634
-1.56272
-1.57365
-1.58897
-1.60751
-1.62717
-1.64554
-1.66163
-1.6729
-1.67073
-1.65603
-1.63234
-1.6047
-1.57929
-1.56284
-1.56113
-1.57703
-1.60884
-1.64947
-1.68616
-1.69967
-1.66121
-1.52584
-1.22414
-0.664554
-1.88327
-1.41319
-0.991764
-0.634222
-0.329351
-0.067621
0.155544
0.344122
0.501445
0.631817
0.741973
0.84174
0.940739
1.04367
1.15058
1.26109
1.35626
1.43714
1.51699
1.59151
1.62212
1.55165
1.34403
1.01298
0.608783
0.18702
-0.211169
-0.562797
-0.858504
-1.09701
-1.28142
-1.41713
-1.51087
-1.57022
-1.60309
-1.61755
-1.62102
-1.61998
-1.6196
-1.62295
-1.6313
-1.6448
-1.66249
-1.6826
-1.70224
-1.71767
-1.72931
-1.72782
-1.71332
-1.68943
-1.66021
-1.63043
-1.6057
-1.59185
-1.59359
-1.61266
-1.64644
-1.68716
-1.72166
-1.73056
-1.68529
-1.54154
-1.23125
-0.665238
-1.82353
-1.32007
-0.888837
-0.528396
-0.220981
0.0395384
0.256013
0.431251
0.568217
0.672744
0.755204
0.827608
0.899061
0.971528
1.04507
1.10798
1.16269
1.22677
1.30168
1.36121
1.34819
1.20997
0.936085
0.564347
0.152724
-0.248798
-0.609047
-0.913672
-1.1593
-1.3485
-1.48697
-1.58193
-1.64142
-1.6738
-1.68721
-1.68958
-1.68728
-1.6854
-1.68731
-1.69368
-1.70391
-1.71654
-1.72625
-1.73161
-1.73291
-1.73212
-1.73008
-1.71904
-1.69919
-1.67349
-1.64547
-1.61938
-1.60014
-1.59271
-1.60076
-1.6251
-1.6624
-1.7044
-1.73767
-1.74283
-1.69165
-1.54077
-1.22412
-0.656107
-1.73655
-1.21204
-0.776066
-0.413705
-0.106514
0.14842
0.352563
0.508262
0.61968
0.696191
0.751109
0.797413
0.840238
0.880959
0.907485
0.930153
0.963588
1.01714
1.07607
1.09614
1.0186
0.810984
0.488988
0.103253
-0.291211
-0.654567
-0.965659
-1.21731
-1.41085
-1.55178
-1.64787
-1.70749
-1.73931
-1.75144
-1.75119
-1.74517
-1.73751
-1.73174
-1.72874
-1.72613
-1.72692
-1.73068
-1.73534
-1.73791
-1.73582
-1.72886
-1.71792
-1.70019
-1.67674
-1.65021
-1.62373
-1.60097
-1.58608
-1.58316
-1.59511
-1.62221
-1.66084
-1.70263
-1.73403
-1.73557
-1.67919
-1.52248
-1.20178
-0.636316
-1.62435
-1.08987
-0.65453
-0.291961
0.0110326
0.254944
0.44077
0.571565
0.65488
0.70376
0.733952
0.754465
0.768448
0.763746
0.75265
0.751019
0.768658
0.803598
0.826692
0.787824
0.641518
0.379644
0.0353117
-0.339293
-0.698027
-1.01193
-1.26847
-1.46612
-1.60982
-1.70702
-1.76665
-1.79681
-1.80582
-1.80047
-1.78741
-1.7715
-1.75377
-1.74098
-1.73467
-1.73335
-1.73544
-1.73895
-1.74108
-1.73861
-1.72889
-1.71308
-1.6938
-1.67009
-1.64341
-1.61606
-1.59071
-1.57038
-1.55847
-1.55828
-1.57213
-1.60003
-1.63833
-1.67879
-1.70792
-1.7062
-1.64567
-1.48475
-1.1627
-0.604745
-1.49084
-0.95516
-0.523698
-0.165027
0.128051
0.354714
0.516402
0.618862
0.673848
0.69795
0.70498
0.700425
0.673217
0.635771
0.600594
0.580077
0.57702
0.578746
0.549642
0.445976
0.242032
-0.0510377
-0.393209
-0.737985
-1.04986
-1.30967
-1.51173
-1.65865
-1.75754
-1.81635
-1.84413
-1.84814
-1.83743
-1.81462
-1.78943
-1.76812
-1.75208
-1.74234
-1.73856
-1.73855
-1.73986
-1.73981
-1.73538
-1.72366
-1.70309
-1.67788
-1.65073
-1.6216
-1.59196
-1.56378
-1.53922
-1.52068
-1.51085
-1.51236
-1.52703
-1.55462
-1.59163
-1.6301
-1.6568
-1.65229
-1.5887
-1.42546
-1.10514
-0.560147
-1.33911
-0.809299
-0.385663
-0.0366283
0.240032
0.44302
0.575907
0.648812
0.677389
0.679327
0.664531
0.625444
0.571394
0.512995
0.459672
0.418628
0.385718
0.342324
0.2552
0.0940529
-0.148524
-0.45037
-0.772265
-1.0765
-1.33753
-1.54408
-1.69511
-1.79565
-1.85369
-1.87771
-1.8771
-1.85676
-1.83046
-1.80357
-1.77951
-1.76084
-1.74777
-1.73996
-1.73606
-1.73348
-1.72944
-1.72115
-1.70589
-1.68152
-1.64919
-1.61487
-1.58064
-1.54682
-1.51473
-1.48599
-1.46227
-1.44542
-1.43747
-1.44042
-1.45558
-1.48252
-1.51787
-1.55405
-1.57828
-1.5714
-1.50584
-1.34226
-1.02718
-0.501208
-1.17256
-0.656413
-0.244846
0.088119
0.34144
0.515102
0.616844
0.66084
0.666651
0.648165
0.606131
0.544974
0.474486
0.40143
0.331049
0.265163
0.195335
0.102751
-0.0376028
-0.241496
-0.50337
-0.797157
-1.08832
-1.34809
-1.55859
-1.71425
-1.81679
-1.87397
-1.89373
-1.88629
-1.86623
-1.8396
-1.81177
-1.7858
-1.76351
-1.746
-1.73271
-1.72255
-1.71364
-1.70339
-1.68919
-1.6686
-1.63958
-1.60162
-1.55952
-1.51777
-1.47813
-1.44104
-1.40762
-1.37909
-1.3567
-1.34179
-1.33579
-1.34011
-1.35559
-1.38164
-1.41502
-1.44862
-1.47023
-1.46118
-1.39455
-1.23272
-0.92691
-0.426685
-0.994295
-0.499234
-0.105949
0.203458
0.426925
0.568167
0.639481
0.65856
0.643063
0.603236
0.540927
0.467223
0.386341
0.301293
0.212862
0.119016
0.0104182
-0.127669
-0.310134
-0.540756
-0.806471
-1.08136
-1.33608
-1.54947
-1.70876
-1.81476
-1.86979
-1.88789
-1.88363
-1.86521
-1.83961
-1.81079
-1.78212
-1.75546
-1.73172
-1.71112
-1.69278
-1.67533
-1.6569
-1.63526
-1.60828
-1.57412
-1.53167
-1.48331
-1.43467
-1.38848
-1.34603
-1.30774
-1.27445
-1.24704
-1.22635
-1.21327
-1.20874
-1.21367
-1.22854
-1.25265
-1.283
-1.31304
-1.33123
-1.31969
-1.2526
-1.09472
-0.802728
-0.335658
-0.809347
-0.342039
0.0251329
0.303337
0.492549
0.601504
0.646066
0.642192
0.607242
0.547414
0.474931
0.394256
0.3064
0.210334
0.103236
-0.018683
-0.16292
-0.338055
-0.549608
-0.792373
-1.04939
-1.29609
-1.50806
-1.67251
-1.77842
-1.83855
-1.86435
-1.86558
-1.85086
-1.8261
-1.79618
-1.76391
-1.73162
-1.70051
-1.67108
-1.64326
-1.61619
-1.58863
-1.55905
-1.52567
-1.4869
-1.44141
-1.3896
-1.33659
-1.28561
-1.23845
-1.19594
-1.1584
-1.12637
-1.10039
-1.08097
-1.06862
-1.06393
-1.06747
-1.07949
-1.09929
-1.12423
-1.14844
-1.16134
-1.14619
-1.07883
-0.927179
-0.654043
-0.227993
-0.622914
-0.191136
0.141613
0.38312
0.538031
0.618509
0.639062
0.614224
0.560634
0.489675
0.411879
0.327591
0.234475
0.128061
0.00314321
-0.143905
-0.316988
-0.517831
-0.744226
-0.983732
-1.21893
-1.42732
-1.59019
-1.70687
-1.78027
-1.81758
-1.82743
-1.8176
-1.79467
-1.76328
-1.72718
-1.68876
-1.64991
-1.61165
-1.57443
-1.53815
-1.50215
-1.46545
-1.42681
-1.38481
-1.3381
-1.286
-1.23127
-1.17834
-1.12866
-1.08327
-1.04258
-1.00678
-0.976114
-0.950841
-0.931197
-0.917457
-0.909967
-0.90909
-0.91497
-0.927021
-0.94306
-0.958081
-0.96279
-0.942142
-0.874344
-0.731255
-0.482258
-0.105027
-0.442733
-0.0551573
0.236367
0.440298
0.564669
0.620257
0.620135
0.577881
0.510919
0.435141
0.355182
0.269207
0.172321
0.0578019
-0.0807862
-0.245441
-0.435647
-0.646526
-0.8713
-1.09152
-1.29339
-1.46445
-1.59637
-1.68718
-1.74016
-1.76192
-1.75965
-1.73988
-1.70819
-1.66883
-1.62524
-1.57976
-1.53414
-1.48934
-1.44576
-1.40332
-1.36147
-1.31937
-1.27592
-1.22984
-1.17988
-1.12641
-1.07382
-1.024
-0.977647
-0.935206
-0.896814
-0.862463
-0.832181
-0.805999
-0.783968
-0.766201
-0.752905
-0.744336
-0.74062
-0.741348
-0.744859
-0.747171
-0.740606
-0.71241
-0.64397
-0.511781
-0.291977
0.0295824
-0.276299
0.059646
0.307982
0.477557
0.575121
0.610612
0.59551
0.541988
0.468756
0.392512
0.31331
0.228083
0.130892
0.0141988
-0.129062
-0.29867
-0.490853
-0.695984
-0.905623
-1.1081
-1.28955
-1.43908
-1.55063
-1.62367
-1.66153
-1.67029
-1.6566
-1.62678
-1.58639
-1.53976
-1.49025
-1.44008
-1.39072
-1.34291
-1.29687
-1.25241
-1.20897
-1.16571
-1.12153
-1.07516
-1.02578
-0.975433
-0.927163
-0.881575
-0.838883
-0.79917
-0.762352
-0.728276
-0.696802
-0.667811
-0.641231
-0.617078
-0.595477
-0.576642
-0.560738
-0.547577
-0.536052
-0.52327
-0.503392
-0.466416
-0.397571
-0.278534
-0.0920487
0.16909
-0.132426
0.148068
0.354314
0.492671
0.569041
0.591646
0.569518
0.513037
0.443769
0.37212
0.2972
0.215861
0.122753
0.010866
-0.127714
-0.29164
-0.476346
-0.675079
-0.87583
-1.06567
-1.23226
-1.36607
-1.46203
-1.52005
-1.54383
-1.53978
-1.5151
-1.47663
-1.43009
-1.37974
-1.3285
-1.27811
-1.22954
-1.18311
-1.13877
-1.09617
-1.05468
-1.01345
-0.971429
-0.927397
-0.881278
-0.835935
-0.79243
-0.750872
-0.711203
-0.67329
-0.636919
-0.601839
-0.567814
-0.53464
-0.502175
-0.470376
-0.439333
-0.409252
-0.380371
-0.352736
-0.325786
-0.297689
-0.264461
-0.21902
-0.150754
-0.0467311
0.104114
0.3034
-0.0226781
0.200675
0.366541
0.479036
0.542267
0.56179
0.543561
0.496083
0.438654
0.37683
0.309214
0.233306
0.145529
0.0407298
-0.0883603
-0.243285
-0.42078
-0.611552
-0.803018
-0.981725
-1.13545
-1.25484
-1.33523
-1.37736
-1.38628
-1.36978
-1.33609
-1.2924
-1.24411
-1.1948
-1.14652
-1.10028
-1.05639
-1.01478
-0.975113
-0.936926
-0.899579
-0.862279
-0.824066
-0.784111
-0.743224
-0.703218
-0.664273
-0.626277
-0.589042
-0.552338
-0.515898
-0.479436
-0.442682
-0.405398
-0.36741
-0.328647
-0.28917
-0.249181
-0.208974
-0.168785
-0.128508
-0.0872385
-0.0426806
0.00947519
0.0757749
0.163948
0.279499
0.419738
0.0382921
0.204883
0.334424
0.428143
0.487418
0.51461
0.512339
0.486004
0.449546
0.404373
0.348272
0.279216
0.195569
0.0952473
-0.0243011
-0.169842
-0.338127
-0.519637
-0.701289
-0.868687
-1.00862
-1.11142
-1.17339
-1.19735
-1.19081
-1.16326
-1.12354
-1.07843
-1.03237
-0.987772
-0.945663
-0.90624
-0.869277
-0.834358
-0.800997
-0.768674
-0.736813
-0.70477
-0.671814
-0.637597
-0.603081
-0.568859
-0.534848
-0.500865
-0.466691
-0.432085
-0.396786
-0.360522
-0.323027
-0.284056
-0.243412
-0.200975
-0.156738
-0.110823
-0.0634732
-0.0149718
0.0345169
0.0852021
0.137984
0.194744
0.258348
0.331789
0.41573
0.50429
0.0304278
0.142744
0.240922
0.323003
0.387275
0.433045
0.459838
0.468931
0.4669
0.450713
0.416001
0.359506
0.279741
0.176503
0.0583366
-0.0819293
-0.241958
-0.413656
-0.58409
-0.73757
-0.859535
-0.940712
-0.979919
-0.983326
-0.961152
-0.924031
-0.88052
-0.836278
-0.794344
-0.755891
-0.720994
-0.689198
-0.659877
-0.632406
-0.606221
-0.580821
-0.555746
-0.530556
-0.504835
-0.478508
-0.451966
-0.425246
-0.398197
-0.370639
-0.342372
-0.313186
-0.282848
-0.251109
-0.217702
-0.182356
-0.144802
-0.104795
-0.0621424
-0.0167323
0.0314459
0.0823015
0.135676
0.191407
0.249385
0.309549
0.371657
0.43456
0.494612
0.543313
