-1.20788
-1.27128
-1.29252
-1.28825
-1.26671
-1.23233
-1.22401
-1.17716
-1.1059
-1.00845
-0.878651
-0.709252
-0.493178
-0.224549
0.098699
0.456791
0.815816
1.16011
1.47641
1.75429
1.98833
2.17997
2.3386
2.48029
2.62303
2.76973
2.89748
2.97904
2.97658
2.87219
2.67121
2.40635
2.10649
1.77275
1.4573
1.17754
0.938589
0.739707
0.576808
0.44468
0.337778
0.25058
0.177976
0.115583
0.0599017
0.00828768
-0.041195
-0.0899483
-0.138548
-0.186196
-0.232789
-0.279465
-0.327221
-0.376676
-0.427962
-0.480606
-0.533356
-0.583899
-0.628422
-0.660974
-0.672778
-0.65179
-0.583094
-0.450813
-1.2806
-1.37107
-1.41253
-1.41678
-1.39151
-1.3422
-1.3199
-1.25093
-1.15843
-1.04511
-0.908723
-0.745785
-0.552391
-0.323848
-0.0532224
0.248815
0.577109
0.930275
1.30255
1.68417
2.06262
2.42605
2.76804
3.0907
3.40054
3.66861
3.84839
3.90667
3.80481
3.54175
3.15057
2.69472
2.20553
1.75116
1.36545
1.05289
0.808125
0.619481
0.473861
0.359737
0.267951
0.19151
0.125175
0.0650752
0.00839262
-0.0469241
-0.102405
-0.159192
-0.21633
-0.270568
-0.321498
-0.371022
-0.420643
-0.471274
-0.523105
-0.575497
-0.62683
-0.674225
-0.713032
-0.736092
-0.732812
-0.688385
-0.583804
-0.39799
-1.32059
-1.41666
-1.46937
-1.47974
-1.45129
-1.38908
-1.35522
-1.26862
-1.16162
-1.0402
-0.904323
-0.752031
-0.579858
-0.382225
-0.150559
0.112119
0.412277
0.758828
1.15385
1.5902
2.05149
2.51623
2.96619
3.39342
3.79433
4.10069
4.27339
4.28462
4.1004
3.73179
3.21087
2.6143
2.0301
1.52335
1.11835
0.8131
0.591377
0.431975
0.315413
0.226674
0.155241
0.0940663
0.0384594
-0.0147447
-0.0677458
-0.122142
-0.179172
-0.239583
-0.299007
-0.352189
-0.399997
-0.445041
-0.489453
-0.534628
-0.581072
-0.62833
-0.674856
-0.717731
-0.752066
-0.770022
-0.75939
-0.702012
-0.573222
-0.344795
-1.34629
-1.43299
-1.48794
-1.50011
-1.46719
-1.39272
-1.34887
-1.24745
-1.12985
-1.00384
-0.870264
-0.727368
-0.571403
-0.396396
-0.192725
0.0438405
0.324013
0.662161
1.06514
1.52723
2.02873
2.54123
3.03968
3.51175
3.93695
4.22808
4.36899
4.33949
4.09657
3.6506
3.04638
2.37446
1.73998
1.21505
0.820332
0.543144
0.356175
0.23102
0.144673
0.0809344
0.0293343
-0.0166167
-0.0609387
-0.106216
-0.154211
-0.20621
-0.263181
-0.324673
-0.381748
-0.428756
-0.468797
-0.505165
-0.540669
-0.577298
-0.616059
-0.65693
-0.698755
-0.73893
-0.772649
-0.791516
-0.781348
-0.719633
-0.574584
-0.309341
-1.36758
-1.43533
-1.48492
-1.49389
-1.45377
-1.36623
-1.31324
-1.19867
-1.0723
-0.942643
-0.810793
-0.674878
-0.530749
-0.372258
-0.18908
0.0283234
0.292153
0.617872
1.01395
1.47497
1.97979
2.49826
3.00591
3.48911
3.88747
4.14946
4.26298
4.20851
3.94099
3.43856
2.75819
2.02785
1.37518
0.867907
0.511637
0.278812
0.133143
0.0427581
-0.015704
-0.0575865
-0.0922827
-0.12536
-0.160169
-0.198849
-0.242878
-0.293313
-0.350773
-0.410436
-0.461049
-0.499653
-0.530147
-0.556571
-0.582456
-0.61043
-0.642068
-0.677882
-0.717231
-0.757939
-0.795303
-0.820169
-0.815919
-0.755062
-0.597963
-0.298244
-1.39007
-1.43327
-1.47154
-1.47233
-1.42152
-1.319
-1.25742
-1.13046
-0.995659
-0.862041
-0.730862
-0.599869
-0.464358
-0.318344
-0.151501
0.0482163
0.294208
0.60133
0.978393
1.42103
1.9094
2.41422
2.90939
3.36766
3.71545
3.94028
4.02181
3.92083
3.58239
3.00139
2.27291
1.5487
0.946292
0.507892
0.218978
0.042196
-0.0606065
-0.119407
-0.154762
-0.179602
-0.201627
-0.225355
-0.253537
-0.287986
-0.329949
-0.380229
-0.438668
-0.494894
-0.537209
-0.56645
-0.587218
-0.604263
-0.621761
-0.642892
-0.669725
-0.703241
-0.743246
-0.787866
-0.832269
-0.866236
-0.870489
-0.812551
-0.644939
-0.311413
-1.41672
-1.4326
-1.45499
-1.44296
-1.37775
-1.25771
-1.18772
-1.04761
-0.903665
-0.765097
-0.632784
-0.503759
-0.37282
-0.234621
-0.0791324
0.106349
0.335728
0.623998
0.980655
1.40307
1.87366
2.36357
2.83874
3.22066
3.48575
3.61975
3.59749
3.38294
2.94703
2.32481
1.63259
1.003
0.514163
0.178109
-0.0317836
-0.152799
-0.218036
-0.251858
-0.270389
-0.283602
-0.297453
-0.315542
-0.340184
-0.372973
-0.414971
-0.466684
-0.525566
-0.57638
-0.609896
-0.630059
-0.642177
-0.651645
-0.663151
-0.680273
-0.70541
-0.739844
-0.783608
-0.83483
-0.888199
-0.932204
-0.945039
-0.889789
-0.711716
-0.344816
-1.44864
-1.43634
-1.43947
-1.41049
-1.32743
-1.18743
-1.108
-0.95358
-0.799733
-0.654446
-0.518089
-0.387557
-0.257221
-0.121884
0.0285469
0.207696
0.430006
0.710276
1.05783
1.47024
1.92922
2.39864
2.79473
3.0673
3.19997
3.18125
3.00154
2.65454
2.15369
1.56254
0.982106
0.497242
0.142703
-0.0897855
-0.228442
-0.303834
-0.340977
-0.357687
-0.365655
-0.372199
-0.381867
-0.397609
-0.42148
-0.454935
-0.498851
-0.553296
-0.610304
-0.653547
-0.678833
-0.691139
-0.6965
-0.700862
-0.70927
-0.725513
-0.752122
-0.790436
-0.840393
-0.899737
-0.962345
-1.01538
-1.03498
-0.980742
-0.791706
-0.3925
-1.4856
-1.44534
-1.42657
-1.37669
-1.27183
-1.10862
-1.01237
-0.843637
-0.679142
-0.526269
-0.384714
-0.25095
-0.118914
0.0176286
0.170143
0.353174
0.581921
0.870879
1.228
1.64718
2.09936
2.49806
2.77406
2.89575
2.85038
2.64867
2.31365
1.875
1.37521
0.875246
0.43691
0.0971126
-0.139203
-0.288256
-0.373532
-0.417061
-0.436084
-0.442809
-0.445397
-0.449197
-0.457793
-0.473738
-0.498927
-0.534668
-0.581562
-0.63877
-0.692422
-0.727571
-0.745162
-0.750977
-0.751649
-0.753479
-0.761646
-0.779931
-0.810752
-0.855199
-0.912738
-0.980348
-1.05089
-1.1104
-1.13369
-1.07803
-0.877534
-0.44805
-1.52545
-1.45732
-1.41388
-1.33973
-1.21097
-1.02457
-0.908759
-0.72689
-0.551693
-0.390565
-0.24281
-0.104202
0.0323722
0.176477
0.340974
0.541796
0.79484
1.11365
1.50144
1.93781
2.33507
2.61795
2.73679
2.66809
2.42874
2.06487
1.62931
1.17044
0.730754
0.345874
0.0386072
-0.185564
-0.335503
-0.427272
-0.477904
-0.502087
-0.511152
-0.513295
-0.514276
-0.518174
-0.527999
-0.546084
-0.574202
-0.613479
-0.664179
-0.722642
-0.77087
-0.798339
-0.809368
-0.810468
-0.808719
-0.810574
-0.821137
-0.843952
-0.881059
-0.932961
-0.998279
-1.07294
-1.1488
-1.21116
-1.23436
-1.17462
-0.962423
-0.505605
-1.56634
-1.47089
-1.40106
-1.30008
-1.14547
-0.935533
-0.800068
-0.605645
-0.420326
-0.251172
-0.0965995
0.0490991
0.195348
0.356287
0.545821
0.781406
1.07907
1.44851
1.87752
2.2769
2.57298
2.69888
2.61774
2.346
1.94314
1.48185
1.02307
0.607503
0.256981
-0.0207431
-0.227664
-0.372362
-0.466819
-0.523651
-0.554303
-0.568271
-0.573003
-0.574168
-0.576069
-0.582052
-0.59481
-0.616525
-0.648806
-0.692501
-0.747356
-0.804266
-0.845346
-0.866187
-0.872253
-0.87068
-0.868831
-0.873114
-0.888352
-0.917622
-0.962291
-1.02194
-1.09404
-1.17338
-1.25099
-1.312
-1.33118
-1.26479
-1.04099
-0.560471
-1.60527
-1.48257
-1.38445
-1.25482
-1.07384
-0.841528
-0.687503
-0.481984
-0.287766
-0.110875
0.0520285
0.209308
0.374774
0.564744
0.795404
1.08509
1.44664
1.87572
2.28297
2.59845
2.73983
2.65615
2.36074
1.92219
1.42761
0.949938
0.53338
0.195026
-0.0662529
-0.260248
-0.399021
-0.494163
-0.555947
-0.593215
-0.613454
-0.622914
-0.62674
-0.629145
-0.633611
-0.643065
-0.659982
-0.686347
-0.723492
-0.771845
-0.830185
-0.883869
-0.917713
-0.932826
-0.935454
-0.933154
-0.933332
-0.942129
-0.963847
-1.00083
-1.05345
-1.12008
-1.1969
-1.27766
-1.35294
-1.40835
-1.41979
-1.34455
-1.10954
-0.609352
-1.63885
-1.48848
-1.36057
-1.20155
-0.995068
-0.742875
-0.572483
-0.357719
-0.155589
0.0301166
0.205715
0.383815
0.580969
0.815779
1.1065
1.46877
1.89421
2.31412
2.65274
2.81505
2.73691
2.42694
1.9599
1.43443
0.933143
0.504649
0.164884
-0.0916754
-0.279847
-0.415371
-0.511216
-0.577165
-0.620619
-0.647504
-0.662836
-0.671009
-0.6759
-0.680929
-0.689118
-0.703119
-0.725178
-0.757008
-0.799564
-0.852803
-0.912569
-0.961088
-0.988594
-0.999401
-1.00039
-0.999362
-1.00356
-1.01863
-1.0481
-1.0933
-1.15333
-1.22517
-1.30377
-1.38214
-1.45096
-1.49682
-1.49735
-1.41152
-1.16593
-0.650274
-1.66373
-1.48493
-1.32624
-1.13826
-0.908401
-0.639855
-0.456126
-0.2334
-0.0224573
0.176786
0.374554
0.586478
0.830987
1.1295
1.49844
1.92491
2.35555
2.7121
2.89212
2.82191
2.505
2.01869
1.46933
0.94715
0.504754
0.158315
-0.0998399
-0.287417
-0.422675
-0.520129
-0.589936
-0.638983
-0.672241
-0.693747
-0.707131
-0.715802
-0.722976
-0.731644
-0.744532
-0.764032
-0.792094
-0.830031
-0.878311
-0.936259
-0.994619
-1.0368
-1.05931
-1.06752
-1.06879
-1.07096
-1.08093
-1.1036
-1.14146
-1.19452
-1.26043
-1.3348
-1.41164
-1.48367
-1.54216
-1.57512
-1.56227
-1.46463
-1.20929
-0.682323
-1.67667
-1.4685
-1.27866
-1.06304
-0.812762
-0.532076
-0.338069
-0.106435
0.118657
0.341703
0.574896
0.836555
1.14719
1.52716
1.95796
2.39594
2.76131
2.94951
2.88407
2.56533
2.06975
1.50653
0.970397
0.517218
0.164052
-0.0975754
-0.286887
-0.423632
-0.523413
-0.596903
-0.650922
-0.689954
-0.717368
-0.736153
-0.749237
-0.759553
-0.769973
-0.783213
-0.801726
-0.827575
-0.862281
-0.906634
-0.960517
-1.02221
-1.07758
-1.11376
-1.13239
-1.13952
-1.14277
-1.14981
-1.16689
-1.19788
-1.24392
-1.30351
-1.37283
-1.44636
-1.51759
-1.57948
-1.62432
-1.64181
-1.61384
-1.5037
-1.23959
-0.70531
-1.67454
-1.43598
-1.21507
-0.97363
-0.706004
-0.417477
-0.214464
0.0321768
0.282957
0.54317
0.827949
1.15832
1.54794
1.98465
2.42484
2.78781
2.97195
2.90499
2.58742
2.09252
1.52732
0.987089
0.52943
0.172629
-0.0915589
-0.282776
-0.421419
-0.523665
-0.600531
-0.658886
-0.702972
-0.735731
-0.759667
-0.777286
-0.791225
-0.804199
-0.818873
-0.837713
-0.862838
-0.895871
-0.937808
-0.988864
-1.04836
-1.11125
-1.16193
-1.1934
-1.20968
-1.21738
-1.22423
-1.2375
-1.26248
-1.30173
-1.3548
-1.4186
-1.48805
-1.55694
-1.61875
-1.66718
-1.69579
-1.69603
-1.65195
-1.52909
-1.25729
-0.719473
-1.65408
-1.38405
-1.13223
-0.866432
-0.583481
-0.290184
-0.0743544
0.201823
0.49069
0.804428
1.15922
1.56368
2.00169
2.43438
2.78114
2.94835
2.87309
2.55856
2.07357
1.51888
0.986144
0.532466
0.177163
-0.0869349
-0.278877
-0.418897
-0.52323
-0.60298
-0.665013
-0.713422
-0.750863
-0.779483
-0.801443
-0.819112
-0.835045
-0.851846
-0.871981
-0.897599
-0.930367
-0.971347
-1.02091
-1.07864
-1.14315
-1.20472
-1.25012
-1.27799
-1.29326
-1.30294
-1.31466
-1.33496
-1.36788
-1.41435
-1.47225
-1.53707
-1.60287
-1.66327
-1.71226
-1.74457
-1.75519
-1.73722
-1.67668
-1.54133
-1.26304
-0.725242
-1.61136
-1.30802
-1.02407
-0.732372
-0.430337
-0.122984
0.116182
0.422439
0.765344
1.14527
1.56094
1.9999
2.41546
2.73455
2.8745
2.78503
2.47435
2.00675
1.47404
0.960549
0.520303
0.172851
-0.0874172
-0.278062
-0.418359
-0.524063
-0.60607
-0.671121
-0.723164
-0.764635
-0.797409
-0.823368
-0.844655
-0.86368
-0.882992
-0.905067
-0.932084
-0.965733
-1.00709
-1.05654
-1.11379
-1.17778
-1.24573
-1.30409
-1.34444
-1.36939
-1.38454
-1.39712
-1.41437
-1.44172
-1.48163
-1.53325
-1.59288
-1.65499
-1.71328
-1.76174
-1.79519
-1.80958
-1.80128
-1.76491
-1.68817
-1.54094
-1.25746
-0.723094
-1.54105
-1.20172
-0.883051
-0.561139
-0.23156
0.102183
0.383234
0.731243
1.12382
1.54834
1.9789
2.36944
2.6505
2.75501
2.64621
2.33902
1.89377
1.39189
0.907715
0.489769
0.156679
-0.0955849
-0.282475
-0.421625
-0.527793
-0.611353
-0.678777
-0.733821
-0.778729
-0.815151
-0.844739
-0.86944
-0.891545
-0.91356
-0.937984
-0.967048
-1.00248
-1.04535
-1.09602
-1.15418
-1.21887
-1.28836
-1.35555
-1.40851
-1.44437
-1.46701
-1.48266
-1.49861
-1.52137
-1.55491
-1.59989
-1.65373
-1.71152
-1.76717
-1.81457
-1.84836
-1.86446
-1.86006
-1.83279
-1.77851
-1.6864
-1.52828
-1.24112
-0.713471
-1.43682
-1.05766
-0.69994
-0.340796
0.0256705
0.395359
0.72807
1.1167
1.53452
1.9462
2.30022
2.5357
2.59848
2.46695
2.16252
1.74218
1.27667
0.828951
0.440296
0.127214
-0.113096
-0.293724
-0.430191
-0.535833
-0.620217
-0.689389
-0.746858
-0.794675
-0.834293
-0.867165
-0.895069
-0.920185
-0.944989
-0.972014
-1.00355
-1.04138
-1.08656
-1.13939
-1.19945
-1.26565
-1.33639
-1.40881
-1.47177
-1.5178
-1.54836
-1.56829
-1.58429
-1.60337
-1.63082
-1.66885
-1.71628
-1.76911
-1.8216
-1.8676
-1.90153
-1.91897
-1.91693
-1.89384
-1.84837
-1.77733
-1.67119
-1.50356
-1.21441
-0.696772
-1.29261
-0.868719
-0.46565
-0.0617959
0.346436
0.751866
1.12515
1.52115
1.90039
2.20997
2.39442
2.41371
2.25889
1.95769
1.56337
1.13659
0.728938
0.373764
0.0845813
-0.140714
-0.312936
-0.445301
-0.549461
-0.63396
-0.704289
-0.763657
-0.81391
-0.856325
-0.892178
-0.923091
-0.951141
-0.978769
-1.00854
-1.04281
-1.0834
-1.13138
-1.18695
-1.24954
-1.31792
-1.39029
-1.46431
-1.53348
-1.58803
-1.62573
-1.65001
-1.6667
-1.68274
-1.70435
-1.73525
-1.7757
-1.82289
-1.87175
-1.91615
-1.95024
-1.96923
-1.96971
-1.9498
-1.90901
-1.84685
-1.76079
-1.64237
-1.46693
-1.17768
-0.673378
-1.1039
-0.630607
-0.177878
0.270181
0.711257
1.13109
1.50189
1.83971
2.09885
2.23176
2.20957
2.03443
1.73813
1.37015
0.9818
0.614417
0.293813
0.0301793
-0.1784
-0.340787
-0.467968
-0.569841
-0.653825
-0.724776
-0.785562
-0.837824
-0.882673
-0.921232
-0.954975
-0.985872
-1.01632
-1.04888
-1.08597
-1.12944
-1.18033
-1.23875
-1.30391
-1.37437
-1.44814
-1.52269
-1.59463
-1.65417
-1.69657
-1.72382
-1.74077
-1.75393
-1.76988
-1.79352
-1.82665
-1.86766
-1.91237
-1.95504
-1.98947
-2.01039
-2.01403
-1.998
-1.96137
-1.90463
-1.82781
-1.7288
-1.6001
-1.41868
-1.13134
-0.643666
-0.870935
-0.348483
0.147286
0.622865
1.06629
1.45405
1.75619
1.96601
2.05116
1.99387
1.804
1.51556
1.17374
0.821727
0.492224
0.204627
-0.0339618
-0.225598
-0.377603
-0.498998
-0.598031
-0.681004
-0.752122
-0.813901
-0.86778
-0.914725
-0.955717
-0.992095
-1.02571
-1.05889
-1.09416
-1.13395
-1.1801
-1.23361
-1.29446
-1.36166
-1.43349
-1.50777
-1.58182
-1.65243
-1.71312
-1.75754
-1.78583
-1.80202
-1.81211
-1.82268
-1.83926
-1.86497
-1.89959
-1.93977
-1.98039
-2.01537
-2.03874
-2.04613
-2.0349
-2.00356
-1.952
-1.88139
-1.792
-1.68131
-1.54361
-1.35778
-1.07472
-0.607765
-0.605094
-0.0463436
0.469165
0.93619
1.33303
1.63144
1.80677
1.85457
1.77186
1.57488
1.29792
0.981876
0.66313
0.367612
0.109719
-0.105931
-0.281628
-0.423533
-0.539049
-0.634985
-0.716626
-0.787561
-0.849972
-0.905112
-0.953817
-0.996945
-1.0357
-1.07181
-1.10749
-1.1452
-1.18729
-1.23557
-1.29095
-1.35327
-1.42135
-1.49321
-1.56645
-1.63836
-1.70576
-1.76421
-1.80731
-1.8342
-1.84832
-1.85501
-1.86059
-1.87082
-1.88948
-1.91772
-1.95338
-1.99166
-2.02691
-2.05312
-2.0649
-2.059
-2.03383
-1.98821
-1.92212
-1.83821
-1.73712
-1.61743
-1.47327
-1.28531
-1.00887
-0.566022
-0.333095
0.233727
0.730316
1.14151
1.44237
1.61131
1.64121
1.54632
1.35089
1.08929
0.79851
0.509626
0.243604
0.0112987
-0.184422
-0.346001
-0.478715
-0.588692
-0.681558
-0.761728
-0.83225
-0.895004
-0.95108
-1.0012
-1.04611
-1.08688
-1.1251
-1.16283
-1.2024
-1.24606
-1.2955
-1.35153
-1.41387
-1.48118
-1.55133
-1.62168
-1.68957
-1.75202
-1.80575
-1.84503
-1.86872
-1.87986
-1.88325
-1.88458
-1.88954
-1.90229
-1.9246
-1.95571
-1.99172
-2.02681
-2.0553
-2.07158
-2.07042
-2.04979
-2.00978
-1.95024
-1.87194
-1.7769
-1.66622
-1.53903
-1.38996
-1.20153
-0.933776
-0.518489
-0.0911415
0.44502
0.879457
1.19418
1.37165
1.40769
1.31763
1.1333
0.89089
0.624818
0.362441
0.121437
-0.0895648
-0.268715
-0.418428
-0.543271
-0.648382
-0.738454
-0.817192
-0.887192
-0.950074
-1.00679
-1.05794
-1.10419
-1.14646
-1.18617
-1.22521
-1.26574
-1.30983
-1.35906
-1.41413
-1.47466
-1.53929
-1.60582
-1.67162
-1.73383
-1.79002
-1.83726
-1.87146
-1.89129
-1.89928
-1.89993
-1.89824
-1.89924
-1.90743
-1.92502
-1.95166
-1.98491
-2.01939
-2.04769
-2.06524
-2.06807
-2.05285
-2.01824
-1.96441
-1.89196
-1.80226
-1.69745
-1.57885
-1.44589
-1.29358
-1.10631
-0.849367
-0.465226
0.0885686
0.555918
0.895408
1.09519
1.15311
1.08481
0.921926
0.702574
0.460711
0.221757
0.00160775
-0.192202
-0.358178
-0.498488
-0.617062
-0.718261
-0.806051
-0.883584
-0.953085
-1.01596
-1.07303
-1.1248
-1.17182
-1.21487
-1.2552
-1.29447
-1.33467
-1.37769
-1.425
-1.47723
-1.53403
-1.59407
-1.65531
-1.71515
-1.771
-1.82015
-1.86078
-1.88958
-1.90549
-1.91087
-1.90956
-1.90609
-1.90481
-1.90955
-1.92329
-1.94601
-1.9738
-2.0037
-2.03045
-2.04828
-2.05308
-2.04169
-2.01191
-1.96311
-1.89601
-1.81184
-1.71242
-1.59983
-1.4753
-1.33827
-1.18413
-0.999483
-0.755487
-0.406301
0.190566
0.562396
0.793656
0.884451
0.848935
0.71651
0.524162
0.30622
0.0879892
-0.115036
-0.29546
-0.451575
-0.585064
-0.699223
-0.797759
-0.884062
-0.960847
-1.03005
-1.09288
-1.15006
-1.20199
-1.24909
-1.29199
-1.33176
-1.36988
-1.40814
-1.44832
-1.49182
-1.53933
-1.5906
-1.64456
-1.69928
-1.7525
-1.8016
-1.84438
-1.87846
-1.90255
-1.91516
-1.91874
-1.91674
-1.91243
-1.90987
-1.91237
-1.92033
-1.93545
-1.95673
-1.98059
-2.00299
-2.0191
-2.02424
-2.01499
-1.98896
-1.94483
-1.88275
-1.80395
-1.71016
-1.60328
-1.48506
-1.35638
-1.2165
-1.06146
-0.880591
-0.65182
-0.341758
0.219495
0.484733
0.612549
0.615388
0.518611
0.356347
0.162316
-0.0374189
-0.226566
-0.397054
-0.546484
-0.675821
-0.787671
-0.885126
-0.971083
-1.04789
-1.11723
-1.18017
-1.23729
-1.2889
-1.33528
-1.37694
-1.41477
-1.45011
-1.48464
-1.52011
-1.55799
-1.59911
-1.64354
-1.6904
-1.73819
-1.78464
-1.82755
-1.86437
-1.8936
-1.9131
-1.92382
-1.92664
-1.92463
-1.92039
-1.915
-1.91043
-1.91102
-1.91783
-1.93056
-1.94711
-1.96382
-1.97657
-1.98087
-1.97264
-1.94912
-1.90881
-1.85141
-1.77783
-1.68969
-1.58878
-1.47669
-1.35456
-1.22274
-1.08045
-0.924824
-0.748723
-0.537816
-0.271627
0.193297
0.353667
0.393093
0.332497
0.201256
0.0309697
-0.151955
-0.32989
-0.493448
-0.639134
-0.766983
-0.878817
-0.977093
-1.06421
-1.14218
-1.21243
-1.27586
-1.33292
-1.38381
-1.4287
-1.46797
-1.50241
-1.53331
-1.56235
-1.5914
-1.62215
-1.65573
-1.69253
-1.73206
-1.77296
-1.81332
-1.85065
-1.88289
-1.90768
-1.9247
-1.93343
-1.93721
-1.93528
-1.92442
-1.91089
-1.89902
-1.89133
-1.88953
-1.89388
-1.90306
-1.91407
-1.92272
-1.92475
-1.91614
-1.8938
-1.85605
-1.80247
-1.7337
-1.65107
-1.55617
-1.45039
-1.33466
-1.20934
-1.07433
-0.929093
-0.772615
-0.602377
-0.412719
-0.195998
0.133006
0.197326
0.165996
0.0627838
-0.0851469
-0.252696
-0.421404
-0.580407
-0.724844
-0.853647
-0.967752
-1.06891
-1.159
-1.2396
-1.31187
-1.37649
-1.43378
-1.48378
-1.52657
-1.56247
-1.59225
-1.61727
-1.63938
-1.66072
-1.68333
-1.7088
-1.73787
-1.77035
-1.80505
-1.84002
-1.87302
-1.90133
-1.9234
-1.93688
-1.94684
-1.94961
-1.93524
-1.91578
-1.89543
-1.87652
-1.86165
-1.85262
-1.84987
-1.85222
-1.85705
-1.86064
-1.85888
-1.84806
-1.82523
-1.78862
-1.73769
-1.67291
-1.59534
-1.50628
-1.4068
-1.29752
-1.17849
-1.04935
-0.909736
-0.760042
-0.602165
-0.439492
-0.275764
-0.115276
0.0557426
0.0351397
-0.0511957
-0.182113
-0.336784
-0.497934
-0.654031
-0.799013
-0.930672
-1.049
-1.15497
-1.24985
-1.33474
-1.41042
-1.47728
-1.53541
-1.58472
-1.62521
-1.65718
-1.68151
-1.69973
-1.71403
-1.72697
-1.7411
-1.75844
-1.78021
-1.8063
-1.83565
-1.86615
-1.89537
-1.92094
-1.93966
-1.95082
-1.95641
-1.94224
-1.92102
-1.89676
-1.87101
-1.8469
-1.8265
-1.81137
-1.80197
-1.79733
-1.7952
-1.79242
-1.78542
-1.77078
-1.74587
-1.70899
-1.65953
-1.59778
-1.52457
-1.44086
-1.3474
-1.24443
-1.13161
-1.00804
-0.872777
-0.725747
-0.569301
-0.409763
-0.257809
-0.12674
-0.0307611
-0.0273797
-0.122134
-0.2511
-0.400097
-0.556786
-0.711499
-0.858143
-0.993798
-1.11763
-1.22985
-1.33106
-1.42178
-1.50231
-1.57267
-1.63264
-1.68194
-1.72049
-1.74863
-1.7674
-1.77867
-1.78502
-1.78957
-1.79541
-1.80511
-1.82013
-1.84064
-1.86515
-1.89163
-1.9171
-1.93869
-1.95432
-1.95475
-1.9447
-1.92629
-1.90191
-1.87325
-1.84365
-1.81485
-1.78915
-1.76787
-1.75144
-1.73919
-1.72932
-1.71921
-1.70585
-1.6863
-1.65817
-1.61992
-1.57094
-1.51133
-1.44167
-1.36263
-1.27462
-1.17752
-1.07055
-0.952279
-0.820941
-0.675394
-0.516844
-0.351231
-0.191233
-0.0559393
0.032761
0.0541967
-0.110253
-0.269754
-0.432234
-0.593497
-0.750428
-0.90006
-1.04031
-1.17018
-1.28935
-1.39781
-1.49549
-1.58214
-1.65729
-1.72034
-1.77076
-1.80836
-1.83352
-1.84746
-1.85242
-1.85148
-1.84824
-1.84642
-1.84903
-1.85777
-1.87267
-1.8923
-1.91371
-1.9343
-1.95063
-1.95384
-1.94283
-1.93014
-1.90884
-1.88104
-1.84926
-1.81519
-1.78157
-1.75001
-1.72198
-1.69799
-1.67763
-1.65958
-1.64176
-1.62163
-1.5967
-1.56485
-1.52465
-1.47546
-1.41725
-1.35036
-1.27518
-1.19181
-1.0998
-0.997995
-0.884392
-0.756426
-0.61174
-0.449908
-0.275155
-0.0994108
0.0562724
0.164316
0.197078
0.132352
-0.189931
-0.40629
-0.595745
-0.765882
-0.922672
-1.06874
-1.20485
-1.33101
-1.44694
-1.55209
-1.64567
-1.72669
-1.79412
-1.84709
-1.88522
-1.90892
-1.91956
-1.91958
-1.91255
-1.90257
-1.89369
-1.88935
-1.89136
-1.89967
-1.91266
-1.92782
-1.94148
-1.94586
-1.94177
-1.93235
-1.9157
-1.8916
-1.86057
-1.82444
-1.78571
-1.74625
-1.70823
-1.67288
-1.64101
-1.61249
-1.58641
-1.56114
-1.53458
-1.50453
-1.46908
-1.42687
-1.3772
-1.31987
-1.25504
-1.18284
-1.10312
-1.01516
-0.917431
-0.807435
-0.681826
-0.537053
-0.370999
-0.18585
0.00827361
0.190535
0.330393
0.394036
0.353332
0.190505
-0.265123
-0.531777
-0.743511
-0.920512
-1.07722
-1.2208
-1.35391
-1.477
-1.58951
-1.69026
-1.77779
-1.85066
-1.90765
-1.94804
-1.97215
-1.98144
-1.97844
-1.96677
-1.95093
-1.93514
-1.92292
-1.91664
-1.91664
-1.92174
-1.9291
-1.9335
-1.93535
-1.93262
-1.92222
-1.90301
-1.87458
-1.83918
-1.79814
-1.75353
-1.70776
-1.66262
-1.61982
-1.58022
-1.54407
-1.51077
-1.47903
-1.44703
-1.41275
-1.37439
-1.33056
-1.28046
-1.22375
-1.16039
-1.09031
-1.01316
-0.927998
-0.832965
-0.725096
-0.600297
-0.453876
-0.282109
-0.0852253
0.128503
0.339195
0.514923
0.6174
0.612464
0.478882
0.208938
-0.335293
-0.64673
-0.877269
-1.05978
-1.21637
-1.35777
-1.48788
-1.60725
-1.71487
-1.80908
-1.88794
-1.94998
-1.9943
-2.0207
-2.03049
-2.02625
-2.01125
-1.9897
-1.96636
-1.94518
-1.9294
-1.92119
-1.91825
-1.92019
-1.92469
-1.92727
-1.92432
-1.91271
-1.88985
-1.85659
-1.81533
-1.76827
-1.71729
-1.66459
-1.61244
-1.56248
-1.51598
-1.47335
-1.43427
-1.39759
-1.36163
-1.32444
-1.28418
-1.23941
-1.18918
-1.13301
-1.07067
-1.00195
-0.926343
-0.842679
-0.748814
-0.641305
-0.515312
-0.365046
-0.185304
0.0253911
0.260224
0.499796
0.711286
0.853055
0.885939
0.784803
0.542719
0.165024
-0.400202
-0.751688
-0.99829
-1.18516
-1.34116
-1.47988
-1.60597
-1.7199
-1.82038
-1.90544
-1.97305
-2.02212
-2.05239
-2.0642
-2.05974
-2.0424
-2.01589
-1.98531
-1.95646
-1.93243
-1.9168
-1.91098
-1.91226
-1.91641
-1.91906
-1.91539
-1.90123
-1.87409
-1.83489
-1.78712
-1.73312
-1.67536
-1.61603
-1.55736
-1.50136
-1.44934
-1.40195
-1.35891
-1.31913
-1.28091
-1.24225
-1.20124
-1.15631
-1.10636
-1.05077
-0.989169
-0.921222
-0.846258
-0.762914
-0.668717
-0.5597
-0.430226
-0.273402
-0.082678
0.144776
0.40297
0.672042
0.917074
1.09403
1.15996
1.08678
0.867889
0.514229
0.0422588
-0.459699
-0.847039
-1.10735
-1.2973
-1.45171
-1.58648
-1.70677
-1.81301
-1.90386
-1.97738
-2.03166
-2.06631
-2.08172
-2.0786
-2.06028
-2.03143
-1.9957
-1.96032
-1.93156
-1.91246
-1.90344
-1.90276
-1.90596
-1.9075
-1.9021
-1.88494
-1.85282
-1.80705
-1.75228
-1.6914
-1.62708
-1.56189
-1.49805
-1.43758
-1.38195
-1.33175
-1.28672
-1.24568
-1.20683
-1.16808
-1.12737
-1.08301
-1.03377
-0.978896
-0.917901
-0.85032
-0.775338
-0.691358
-0.595517
-0.483214
-0.34789
-0.18147
0.0238454
0.271801
0.556375
0.856005
1.13213
1.33652
1.42584
1.37073
1.16584
0.826557
0.378113
-0.158952
-0.513646
-0.932987
-1.20478
-1.3963
-1.54763
-1.67667
-1.78903
-1.88532
-1.96444
-2.02468
-2.06449
-2.08428
-2.08516
-2.06744
-2.0371
-2.00024
-1.96248
-1.92948
-1.90573
-1.89251
-1.88815
-1.8887
-1.88818
-1.88031
-1.85985
-1.82314
-1.77097
-1.70952
-1.64246
-1.57278
-1.50312
-1.43586
-1.37291
-1.31564
-1.26461
-1.21938
-1.17869
-1.14059
-1.10286
-1.06332
-1.02015
-0.972023
-0.918049
-0.857646
-0.79023
-0.714821
-0.629543
-0.531043
-0.413933
-0.270525
-0.091391
0.132491
0.405318
0.719938
1.05151
1.35618
1.57998
1.67725
1.62651
1.42414
1.08962
0.653864
0.146451
-0.416819
-0.561896
-1.00958
-1.29067
-1.482
-1.62846
-1.74985
-1.85229
-1.93687
-2.00298
-2.04881
-2.07283
-2.07712
-2.06399
-2.03622
-1.99925
-1.95939
-1.92231
-1.8928
-1.8736
-1.86405
-1.86038
-1.85675
-1.84633
-1.82304
-1.78292
-1.72602
-1.65887
-1.58706
-1.51369
-1.44149
-1.37271
-1.30922
-1.25218
-1.20195
-1.15799
-1.11887
-1.08253
-1.04663
-1.00891
-0.967431
-0.92076
-0.867917
-0.808216
-0.740954
-0.664965
-0.578042
-0.47624
-0.353197
-0.199838
-0.0051079
0.241322
0.543683
0.892489
1.25765
1.58815
1.82334
1.91482
1.84611
1.63415
1.29667
0.867433
0.379737
-0.142917
-0.695274
-0.604304
-1.07677
-1.36493
-1.55423
-1.694
-1.806
-1.89619
-1.96661
-2.01744
-2.04802
-2.05801
-2.04921
-2.0247
-1.9885
-1.94653
-1.90509
-1.86941
-1.84301
-1.82667
-1.81765
-1.81035
-1.7978
-1.77329
-1.73208
-1.67305
-1.60205
-1.52721
-1.45204
-1.37915
-1.31068
-1.24825
-1.19284
-1.14465
-1.10295
-1.0662
-1.03228
-0.998753
-0.963288
-0.923873
-0.87898
-0.827537
-0.768756
-0.701806
-0.625322
-0.536724
-0.431386
-0.301807
-0.137243
0.0753311
0.34778
0.684084
1.07125
1.4719
1.82558
2.0644
2.13831
2.03635
1.78822
1.44421
1.02051
0.550395
0.058645
-0.442345
-0.958323
-0.640712
-1.1344
-1.42711
-1.61182
-1.7421
-1.84169
-1.91856
-1.97478
-2.0106
-2.02592
-2.02134
-1.99945
-1.96423
-1.92068
-1.8749
-1.83281
-1.79877
-1.77472
-1.75942
-1.74823
-1.73432
-1.71054
-1.67124
-1.61372
-1.54187
-1.46583
-1.39045
-1.31837
-1.2515
-1.19125
-1.13837
-1.0929
-1.054
-1.02006
-0.988891
-0.958054
-0.925149
-0.888101
-0.845295
-0.795562
-0.738009
-0.671674
-0.594982
-0.50497
-0.396286
-0.260175
-0.084
0.147593
0.448352
0.821981
1.25104
1.68896
2.06387
2.2995
2.34633
2.20149
1.90642
1.52481
1.11574
0.66751
0.206156
-0.254923
-0.712953
-1.18175
-0.670659
-1.18115
-1.47564
-1.65411
-1.77377
-1.86006
-1.92199
-1.96218
-1.98143
-1.98044
-1.9609
-1.92629
-1.88138
-1.83179
-1.78354
-1.74186
-1.70991
-1.68789
-1.67262
-1.65802
-1.63669
-1.60208
-1.55003
-1.48143
-1.40583
-1.33141
-1.261
-1.19641
-1.13883
-1.08884
-1.04632
-1.01037
-0.97935
-0.951072
-0.923078
-0.892942
-0.858525
-0.81812
-0.770452
-0.714512
-0.649203
-0.572752
-0.481827
-0.370377
-0.228378
-0.0411818
0.209165
0.538696
0.951091
1.42408
1.90044
2.29518
2.52331
2.53634
2.34359
1.99971
1.5773
1.14176
0.737808
0.312423
-0.110524
-0.525244
-0.934345
-1.35678
-0.694086
-1.21792
-1.51218
-1.68259
-1.7897
-1.86072
-1.90578
-1.92832
-1.92989
-1.91219
-1.87803
-1.83176
-1.7788
-1.72507
-1.67625
-1.63659
-1.60777
-1.58819
-1.57301
-1.5552
-1.52745
-1.48418
-1.42289
-1.34966
-1.2768
-1.20832
-1.14604
-1.09105
-1.04381
-1.00409
-0.970936
-0.94273
-0.917306
-0.892215
-0.865008
-0.833475
-0.795805
-0.750598
-0.696716
-0.632925
-0.557271
-0.466111
-0.35278
-0.206098
-0.00946956
0.257763
0.614263
1.06419
1.58069
2.09546
2.50916
2.72766
2.70505
2.46285
2.07339
1.61721
1.15893
0.740193
0.385507
0.00403937
-0.372048
-0.739779
-1.10397
-1.48572
-0.710658
-1.2444
-1.53647
-1.69714
-1.78998
-1.84407
-1.87085
-1.87476
-1.85836
-1.82446
-1.77696
-1.72101
-1.66248
-1.60727
-1.56038
-1.52476
-1.5004
-1.48398
-1.46935
-1.44897
-1.41595
-1.3657
-1.29925
-1.22796
-1.16103
-1.10053
-1.04756
-1.00251
-0.965101
-0.93437
-0.908711
-0.886001
-0.863812
-0.839666
-0.811274
-0.776699
-0.734391
-0.683062
-0.621333
-0.547094
-0.456466
-0.342322
-0.192555
0.011114
0.291892
0.671257
1.1545
1.7111
2.26234
2.69447
2.9035
2.84652
2.55929
2.12896
1.64961
1.18191
0.757633
0.391048
0.0967502
-0.241101
-0.57531
-0.903064
-1.22927
-1.57566
-0.720007
-1.26028
-1.54842
-1.69799
-1.77528
-1.81135
-1.81912
-1.80429
-1.77062
-1.72208
-1.66357
-1.60086
-1.54
-1.48644
-1.4441
-1.41438
-1.39555
-1.38276
-1.36895
-1.34649
-1.30908
-1.2533
-1.18534
-1.11925
-1.05965
-1.00777
-0.964051
-0.928225
-0.89934
-0.875823
-0.855593
-0.836244
-0.815266
-0.790276
-0.759182
-0.720252
-0.672012
-0.612925
-0.54074
-0.451425
-0.337573
-0.186468
0.0214049
0.311362
0.707593
1.21716
1.80736
2.39082
2.84055
3.04252
2.95544
2.62954
2.16884
1.67378
1.21042
0.796581
0.433492
0.120357
-0.124199
-0.428889
-0.730931
-1.0268
-1.32
-1.63452
-0.721757
-1.26518
-1.54789
-1.68539
-1.74637
-1.76397
-1.75283
-1.72012
-1.67089
-1.61027
-1.54397
-1.47809
-1.4184
-1.36947
-1.33381
-1.31113
-1.29811
-1.28873
-1.27536
-1.25049
-1.20848
-1.14869
-1.0829
-1.02308
-0.971139
-0.92766
-0.892467
-0.864666
-0.842733
-0.824631
-0.807974
-0.790219
-0.768869
-0.741654
-0.706614
-0.662044
-0.606209
-0.536718
-0.44945
-0.336899
-0.186098
0.0231324
0.317519
0.723478
1.25021
1.86457
2.47324
2.93826
3.13609
3.02563
2.66852
2.18473
1.6834
1.22426
0.833941
0.500001
0.203273
-0.0713489
-0.28462
-0.57074
-0.851065
-1.12104
-1.38439
-1.66909
-0.715495
-1.25862
-1.53457
-1.65944
-1.70392
-1.70332
-1.67422
-1.62539
-1.56325
-1.49389
-1.42355
-1.35819
-1.30285
-1.26081
-1.23299
-1.21755
-1.20983
-1.20296
-1.18904
-1.16092
-1.11374
-1.05187
-0.990693
-0.937374
-0.892859
-0.857148
-0.829465
-0.808366
-0.79187
-0.777614
-0.763023
-0.745485
-0.722521
-0.691898
-0.651614
-0.599672
-0.533507
-0.448933
-0.338497
-0.189321
0.0188355
0.313236
0.72167
1.25536
1.88224
2.50638
2.9823
3.17843
3.05267
2.67531
2.1772
1.67368
1.22772
0.857639
0.551231
0.282126
0.0321537
-0.208314
-0.40545
-0.683074
-0.947154
-1.19377
-1.42853
-1.68433
-0.700791
-1.24
-1.50801
-1.62008
-1.64847
-1.63071
-1.58542
-1.5231
-1.4514
-1.37709
-1.30647
-1.24491
-1.19625
-1.16234
-1.14255
-1.13371
-1.13016
-1.12449
-1.10883
-1.07655
-1.02406
-0.961796
-0.906106
-0.859363
-0.821916
-0.793225
-0.772001
-0.756363
-0.743998
-0.732318
-0.718608
-0.700174
-0.674462
-0.639094
-0.59171
-0.529482
-0.448137
-0.340356
-0.193627
0.0117876
0.302798
0.707482
1.23847
1.86581
2.49427
2.97557
3.17306
3.04309
2.66045
2.16132
1.66077
1.22261
0.870637
0.583929
0.340328
0.116671
-0.102285
-0.322218
-0.510604
-0.780259
-1.02802
-1.25076
-1.45668
-1.68366
-0.677279
-1.20878
-1.46777
-1.5673
-1.58066
-1.54753
-1.48866
-1.41615
-1.33864
-1.26319
-1.19563
-1.14029
-1.09965
-1.07407
-1.06164
-1.05808
-1.05702
-1.05074
-1.03153
-0.99339
-0.937128
-0.878011
-0.82766
-0.787063
-0.756003
-0.733422
-0.717595
-0.706299
-0.696975
-0.686839
-0.673002
-0.652569
-0.622698
-0.580529
-0.522814
-0.445076
-0.34013
-0.196022
0.00599948
0.291643
0.688096
1.20834
1.82475
2.44571
2.92521
3.12594
3.00217
2.62748
2.13639
1.64221
1.21285
0.87229
0.600994
0.375524
0.175426
-0.0189939
-0.219663
-0.428538
-0.608152
-0.867873
-1.09752
-1.29505
-1.47163
-1.6697
-0.644797
-1.16458
-1.41359
-1.50131
-1.5014
-1.45549
-1.38633
-1.3074
-1.22793
-1.15475
-1.09281
-1.04515
-1.01286
-0.995015
-0.988651
-0.988716
-0.988366
-0.979815
-0.95578
-0.9112
-0.85272
-0.797911
-0.75298
-0.718203
-0.692879
-0.675542
-0.664145
-0.656226
-0.649011
-0.639477
-0.624412
-0.600453
-0.564077
-0.51137
-0.437401
-0.334982
-0.192785
0.00657289
0.286788
0.673028
1.17738
1.77415
2.37721
2.84764
3.05217
2.94321
2.58744
2.1114
1.62361
1.20097
0.865937
0.603314
0.39077
0.207462
0.0349137
-0.142221
-0.332282
-0.533647
-0.70212
-0.948957
-1.15815
-1.32911
-1.47601
-1.64503
-0.603615
-1.10755
-1.34575
-1.42286
-1.41215
-1.3568
-1.28118
-1.19978
-1.12191
-1.05375
-0.999056
-0.959546
-0.935076
-0.923725
-0.921743
-0.923541
-0.922033
-0.909603
-0.879591
-0.828868
-0.7702
-0.720167
-0.680528
-0.651073
-0.630727
-0.617735
-0.609839
-0.604382
-0.598327
-0.588237
-0.57025
-0.540041
-0.492718
-0.422454
-0.321642
-0.17945
0.0198578
0.297196
0.674378
1.16126
1.73322
2.31041
2.76445
2.97062
2.88048
2.55016
2.09305
1.61052
1.19128
0.857131
0.596249
0.389578
0.217083
0.0601574
-0.0962282
-0.262917
-0.445225
-0.639523
-0.794344
-1.02506
-1.21169
-1.35526
-1.47258
-1.61238
-0.554722
-1.03863
-1.26538
-1.3336
-1.31524
-1.25434
-1.17639
-1.09631
-1.02302
-0.961704
-0.914891
-0.883108
-0.865247
-0.858653
-0.859031
-0.86045
-0.855773
-0.837725
-0.800401
-0.745609
-0.689847
-0.644227
-0.609249
-0.58428
-0.567944
-0.558283
-0.552875
-0.548816
-0.54262
-0.530053
-0.505984
-0.464259
-0.397546
-0.296999
-0.151585
0.0528094
0.333499
0.70738
1.17994
1.72633
2.27313
2.70426
2.90705
2.83471
2.53131
2.09394
1.61415
1.19332
0.854008
0.588349
0.379731
0.210339
0.0625474
-0.0793382
-0.225924
-0.38492
-0.559886
-0.746201
-0.885443
-1.09709
-1.2598
-1.37598
-1.46435
-1.57469
-0.500129
-0.96001
-1.1749
-1.2364
-1.21403
-1.1518
-1.07556
-1.00006
-0.933468
-0.879838
-0.840585
-0.815337
-0.802323
-0.798414
-0.798993
-0.798005
-0.788506
-0.763799
-0.719042
-0.661883
-0.609923
-0.568518
-0.537574
-0.51617
-0.502756
-0.495255
-0.491061
-0.486855
-0.478299
-0.459659
-0.423473
-0.360362
-0.259086
-0.10685
0.110053
0.405009
0.787908
1.25674
1.78307
2.29909
2.70248
2.89499
2.83461
2.55507
2.13542
1.65471
1.22516
0.871834
0.592672
0.373719
0.198476
0.0513528
-0.0833366
-0.216599
-0.356364
-0.508553
-0.675701
-0.852776
-0.975297
-1.16575
-1.30424
-1.39399
-1.45455
-1.53505
-0.443122
-0.875378
-1.07831
-1.13559
-1.11307
-1.05366
-0.982674
-0.914175
-0.855322
-0.809149
-0.776244
-0.755663
-0.745264
-0.741671
-0.740148
-0.734729
-0.718863
-0.686585
-0.635359
-0.578086
-0.529906
-0.492084
-0.464176
-0.445089
-0.43318
-0.426255
-0.421376
-0.414433
-0.39952
-0.368237
-0.30913
-0.207638
-0.0470789
0.188861
0.511864
0.923645
1.4099
1.93261
2.42469
2.79822
2.97318
2.91576
2.65261
2.24575
1.76276
1.31578
0.936492
0.630804
0.389925
0.198452
0.041294
-0.0953572
-0.223825
-0.35202
-0.486544
-0.632303
-0.791173
-0.957973
-1.06338
-1.23174
-1.34697
-1.41218
-1.44635
-1.49639
-0.388332
-0.790041
-0.981219
-1.03689
-1.01795
-0.964947
-0.901859
-0.84161
-0.790357
-0.750377
-0.721794
-0.703424
-0.693006
-0.687127
-0.681124
-0.669307
-0.645673
-0.605057
-0.549691
-0.494716
-0.449431
-0.413953
-0.387573
-0.369068
-0.356695
-0.348014
-0.339428
-0.325387
-0.297318
-0.242472
-0.143196
0.0223985
0.276924
0.636155
1.0979
1.63285
2.18374
2.67389
3.02419
3.17732
3.11535
2.86205
2.46474
1.97563
1.50323
1.085
0.736018
0.456005
0.233833
0.053911
-0.0970203
-0.231203
-0.357546
-0.483104
-0.613811
-0.753982
-0.904823
-1.06031
-1.1495
-1.29503
-1.38816
-1.43109
-1.44099
-1.4605
-0.341526
-0.710657
-0.890563
-0.947016
-0.934712
-0.890673
-0.836818
-0.784727
-0.739741
-0.703752
-0.676795
-0.657741
-0.644447
-0.633668
-0.621031
-0.601337
-0.569286
-0.520719
-0.462818
-0.410369
-0.367028
-0.332428
-0.305699
-0.285518
-0.269958
-0.256081
-0.239116
-0.211182
-0.159637
-0.0654477
0.0973529
0.359002
0.745243
1.26083
1.86984
2.49121
3.02214
3.37768
3.51816
3.45065
3.20654
2.82158
2.32716
1.82638
1.36
0.952018
0.612603
0.339368
0.120298
-0.0600026
-0.212916
-0.34901
-0.476046
-0.600684
-0.728317
-0.862557
-1.00416
-1.14718
-1.22755
-1.35218
-1.42658
-1.45102
-1.43953
-1.42881
-0.309016
-0.644483
-0.813609
-0.87251
-0.868664
-0.834635
-0.789791
-0.744397
-0.703299
-0.668391
-0.639933
-0.617092
-0.598037
-0.579877
-0.558701
-0.529922
-0.488968
-0.434115
-0.375762
-0.324839
-0.281804
-0.246004
-0.216417
-0.191536
-0.16904
-0.145093
-0.113106
-0.0619168
0.0264425
0.178559
0.429043
0.813783
1.35291
2.02327
2.73616
3.35778
3.77367
3.94288
3.89147
3.66846
3.30781
2.82639
2.30388
1.79148
1.31781
0.903751
0.557689
0.27632
0.0490397
-0.139995
-0.301272
-0.443489
-0.574937
-0.702071
-0.829576
-0.960153
-1.0938
-1.22491
-1.29755
-1.40312
-1.46168
-1.47139
-1.4419
-1.40217
-0.296684
-0.59803
-0.756331
-0.817939
-0.822513
-0.797612
-0.759909
-0.718572
-0.678304
-0.641293
-0.608242
-0.578774
-0.551517
-0.524085
-0.493162
-0.454847
-0.405286
-0.346422
-0.288783
-0.237796
-0.192997
-0.153485
-0.118006
-0.084686
-0.0504922
-0.0102454
0.0449952
0.130182
0.268709
0.493554
0.84394
1.35264
2.02077
2.78421
3.50648
4.04045
4.31339
4.34394
4.18582
3.88003
3.43983
2.91391
2.36341
1.83046
1.34135
0.91396
0.554554
0.259058
0.01738
-0.186028
-0.361684
-0.515144
-0.655077
-0.787585
-0.91667
-1.04437
-1.17038
-1.28982
-1.35372
-1.44239
-1.48838
-1.48775
-1.44497
-1.37944
-0.308529
-0.575082
-0.72106
-0.783368
-0.793835
-0.775014
-0.741098
-0.700473
-0.657927
-0.61607
-0.576111
-0.538188
-0.501463
-0.464141
-0.423589
-0.376643
-0.320253
-0.259132
-0.201895
-0.149486
-0.101042
-0.0554099
-0.010967
0.0347815
0.0858999
0.149188
0.235937
0.364156
0.560407
0.859081
1.29533
1.88816
2.61403
3.37749
4.03596
4.47825
4.67665
4.65402
4.43023
4.05133
3.53837
2.98954
2.43144
1.89534
1.40309
0.968893
0.597651
0.286353
0.0265266
-0.19606
-0.391961
-0.561707
-0.713835
-0.854079
-0.985932
-1.11098
-1.22879
-1.33523
-1.38874
-1.46229
-1.49893
-1.49282
-1.44293
-1.35769
-0.344654
-0.574092
-0.703595
-0.761475
-0.772433
-0.754628
-0.720249
-0.677102
-0.630047
-0.582006
-0.534567
-0.488284
-0.442785
-0.396835
-0.348451
-0.295155
-0.235892
-0.175432
-0.118184
-0.0635433
-0.0103292
0.0430115
0.0987208
0.160213
0.232805
0.324796
0.448925
0.623933
0.875147
1.23169
1.71747
2.33689
3.05075
3.75717
4.34406
4.71801
4.86134
4.7813
4.50274
4.07246
3.55873
3.02645
2.49396
1.98278
1.50772
1.07852
0.699327
0.369579
0.0847789
-0.165384
-0.389341
-0.581055
-0.749027
-0.898724
-1.0332
-1.15393
-1.26101
-1.3517
-1.39291
-1.45222
-1.48213
-1.47552
-1.42633
-1.33141
-0.39846
-0.585015
-0.690149
-0.735027
-0.738665
-0.715843
-0.677107
-0.629577
-0.577871
-0.524867
-0.472221
-0.420649
-0.370065
-0.319676
-0.268097
-0.213538
-0.156249
-0.0992469
-0.0435366
0.0119993
0.0689222
0.129404
0.196588
0.275031
0.37122
0.494155
0.655942
0.872176
1.16125
1.5409
2.02078
2.59605
3.20375
3.75697
4.21188
4.49467
4.57459
4.46126
4.18883
3.80678
3.38697
2.95513
2.51688
2.08227
1.6592
1.25483
0.874891
0.523598
0.203224
-0.0885801
-0.35136
-0.572131
-0.759376
-0.918121
-1.05185
-1.16341
-1.25482
-1.32582
-1.35245
-1.39728
-1.42194
-1.4193
-1.38001
-1.29075
-0.451799
-0.584569
-0.653677
-0.675053
-0.66359
-0.631289
-0.586878
-0.536267
-0.483249
-0.430134
-0.378203
-0.327987
-0.279427
-0.231984
-0.184745
-0.136638
-0.0877073
-0.0386656
0.0110905
0.0630267
0.119231
0.182666
0.25744
0.348957
0.463861
0.60967
0.794176
1.02477
1.30759
1.64556
2.03572
2.44501
2.80888
3.12444
3.36027
3.47793
3.47343
3.36895
3.19651
2.99454
2.79119
2.58143
2.3515
2.0929
1.80039
1.47534
1.12521
0.761461
0.396507
0.0415104
-0.276251
-0.535851
-0.742957
-0.905027
-1.02935
-1.12271
-1.19086
-1.23704
-1.24665
-1.2757
-1.29509
-1.29922
-1.27904
-1.21712
