0.334097
0.319021
0.295483
0.266333
0.233183
0.197006
0.158557
0.118543
0.0776514
0.0365401
-0.00418936
-0.0440338
-0.0826249
-0.119745
-0.155319
-0.189388
-0.222078
-0.253566
-0.28406
-0.31378
-0.342947
-0.371761
-0.400418
-0.429109
-0.457864
-0.486538
-0.515191
-0.543986
-0.573104
-0.602743
-0.63312
-0.664462
-0.696934
-0.730419
-0.764027
-0.795174
-0.818213
-0.823035
-0.794961
-0.718272
-0.58543
-0.40936
-0.227766
-0.0870339
-0.012837
0.00451041
-0.00268481
-0.0126951
-0.0197545
-0.0207574
-0.0167274
-0.00995812
-0.00240573
0.00474518
0.0104926
0.0131041
0.0116576
0.00606014
-0.00391346
-0.0186461
-0.0383272
-0.0623301
-0.0891834
-0.121208
0.304998
0.274442
0.240429
0.205698
0.170698
0.134908
0.0977593
0.0590185
0.0188116
-0.0224791
-0.0643413
-0.10625
-0.14776
-0.188554
-0.228463
-0.267445
-0.30556
-0.342938
-0.379746
-0.416183
-0.452446
-0.488688
-0.525046
-0.561592
-0.59781
-0.63332
-0.668146
-0.702392
-0.736144
-0.769447
-0.802299
-0.834603
-0.866061
-0.895917
-0.922432
-0.942029
-0.948175
-0.930591
-0.876028
-0.772634
-0.618513
-0.431184
-0.248043
-0.110501
-0.0393747
-0.0233753
-0.0308831
-0.0423489
-0.0483087
-0.046348
-0.0377528
-0.0250085
-0.0101175
0.00549663
0.0200795
0.0308255
0.0363812
0.0360382
0.0288191
0.0135922
-0.010505
-0.043435
-0.0842021
-0.135468
0.255775
0.202474
0.152121
0.107579
0.0681434
0.0316032
-0.00421064
-0.0407336
-0.0786043
-0.117868
-0.158226
-0.199251
-0.240536
-0.281781
-0.322824
-0.363621
-0.404225
-0.444745
-0.485322
-0.526136
-0.567344
-0.608993
-0.651089
-0.693292
-0.734416
-0.774047
-0.812174
-0.848789
-0.883847
-0.91723
-0.94873
-0.977982
-1.00432
-1.02653
-1.04228
-1.04744
-1.03522
-0.995849
-0.917952
-0.793143
-0.623956
-0.431115
-0.251306
-0.121089
-0.0554727
-0.0397428
-0.0469604
-0.0579969
-0.0620751
-0.0570143
-0.0443876
-0.026749
-0.00622567
0.0155418
0.035705
0.0508255
0.0595004
0.0605865
0.0524962
0.0335292
0.00229656
-0.0415988
-0.0974976
-0.168419
0.191412
0.10934
0.038269
-0.0188167
-0.0639495
-0.101301
-0.134945
-0.167805
-0.20151
-0.236695
-0.27339
-0.311347
-0.350268
-0.389923
-0.430191
-0.471042
-0.512512
-0.554665
-0.597577
-0.641381
-0.68614
-0.731698
-0.777766
-0.822978
-0.866079
-0.906654
-0.944561
-0.979678
-1.01187
-1.04094
-1.06664
-1.08853
-1.10586
-1.11723
-1.12011
-1.11017
-1.08061
-1.02213
-0.924864
-0.783066
-0.60343
-0.409752
-0.238131
-0.119554
-0.0609098
-0.0466781
-0.054398
-0.064241
-0.0659635
-0.0577493
-0.0412599
-0.0190877
0.00634827
0.033098
0.0566544
0.0737413
0.083031
0.0829636
0.0714611
0.0463885
0.00597182
-0.0504465
-0.122372
-0.213167
0.116987
0.00210048
-0.0921492
-0.162844
-0.213669
-0.251076
-0.28133
-0.309091
-0.337175
-0.36693
-0.398772
-0.43265
-0.468356
-0.505699
-0.544551
-0.584844
-0.626531
-0.669566
-0.713891
-0.75957
-0.806495
-0.85417
-0.901574
-0.946487
-0.98784
-1.02527
-1.05856
-1.0876
-1.11233
-1.13272
-1.14873
-1.16013
-1.16632
-1.16595
-1.15641
-1.13302
-1.08873
-1.01409
-0.900161
-0.744323
-0.557396
-0.367793
-0.208079
-0.104089
-0.0541859
-0.0440864
-0.0524026
-0.0606657
-0.0598619
-0.0485152
-0.0282558
-0.00195689
0.0277154
0.0577621
0.0825146
0.0995158
0.107336
0.103976
0.0869898
0.0539091
0.00270502
-0.0673662
-0.155816
-0.266305
0.0378415
-0.111487
-0.22919
-0.312885
-0.368387
-0.404738
-0.430578
-0.452418
-0.474331
-0.498399
-0.525389
-0.555363
-0.588106
-0.623349
-0.66086
-0.700435
-0.741867
-0.784925
-0.82938
-0.875247
-0.922179
-0.969187
-1.01386
-1.05421
-1.08944
-1.11923
-1.14352
-1.16244
-1.17629
-1.18547
-1.19034
-1.19099
-1.18701
-1.17689
-1.15758
-1.12359
-1.06677
-0.977297
-0.847149
-0.679089
-0.486929
-0.30778
-0.164426
-0.0736527
-0.0342073
-0.0296518
-0.0388555
-0.0455535
-0.0421954
-0.0276863
-0.00391664
0.0259711
0.0589843
0.0898538
0.113726
0.128639
0.132988
0.124365
0.100055
0.0573359
-0.0059506
-0.0904665
-0.195588
-0.325281
-0.041017
-0.224055
-0.363502
-0.458224
-0.516724
-0.550882
-0.57174
-0.587598
-0.603692
-0.622728
-0.645688
-0.672594
-0.703054
-0.736585
-0.772729
-0.811067
-0.851181
-0.892639
-0.935051
-0.978484
-1.02231
-1.06455
-1.1022
-1.13379
-1.15895
-1.17766
-1.19029
-1.19748
-1.20002
-1.19882
-1.19452
-1.18737
-1.1767
-1.16043
-1.13433
-1.09166
-1.0221
-0.917876
-0.771752
-0.597337
-0.409053
-0.236147
-0.106843
-0.0325403
-0.00543049
-0.00665667
-0.0163897
-0.0209732
-0.0144503
0.00362177
0.0310039
0.0641205
0.0992797
0.128609
0.149666
0.160654
0.159716
0.144119
0.110929
0.0572804
-0.0190115
-0.118406
-0.240031
-0.388201
-0.115493
-0.329607
-0.48768
-0.590612
-0.650098
-0.680985
-0.696606
-0.70684
-0.717874
-0.73283
-0.752708
-0.777292
-0.805851
-0.837556
-0.871656
-0.907492
-0.94446
-0.981985
-1.01963
-1.05766
-1.09517
-1.12878
-1.15601
-1.17625
-1.18963
-1.19664
-1.19822
-1.19549
-1.18964
-1.18183
-1.17258
-1.16198
-1.14834
-1.12899
-1.09748
-1.04642
-0.965594
-0.84991
-0.69315
-0.506016
-0.315405
-0.153552
-0.0432678
0.0123872
0.0272567
0.0214908
0.0126125
0.0114682
0.0222725
0.0446334
0.0756437
0.111317
0.145086
0.171413
0.188276
0.193958
0.186324
0.162429
0.119196
0.053713
-0.0361428
-0.150462
-0.288147
-0.45386
-0.182713
-0.424
-0.596864
-0.704926
-0.763372
-0.789979
-0.800158
-0.805104
-0.811694
-0.823235
-0.840537
-0.862985
-0.889387
-0.918517
-0.949333
-0.981002
-1.01283
-1.04421
-1.07485
-1.10542
-1.13414
-1.15723
-1.17325
-1.1824
-1.18531
-1.18302
-1.17694
-1.16833
-1.15861
-1.14865
-1.13869
-1.12797
-1.11435
-1.09338
-1.05874
-1.00173
-0.908327
-0.770844
-0.593454
-0.394958
-0.207578
-0.0629768
0.0244338
0.0607564
0.0649385
0.0565908
0.0501818
0.0537342
0.0695408
0.0962518
0.13044
0.167193
0.196869
0.218351
0.229353
0.228253
0.212539
0.179097
0.124869
0.0468233
-0.0569411
-0.185966
-0.339038
-0.52115
-0.241006
-0.504916
-0.688618
-0.798948
-0.85462
-0.876126
-0.880672
-0.880501
-0.882943
-0.891296
-0.906034
-0.926047
-0.949656
-0.975261
-1.00161
-1.02781
-1.05319
-1.07724
-1.10007
-1.12278
-1.14227
-1.15522
-1.16157
-1.16211
-1.15782
-1.15013
-1.14054
-1.13017
-1.12057
-1.11181
-1.10426
-1.09619
-1.08534
-1.06399
-1.02189
-0.947314
-0.829952
-0.666686
-0.468134
-0.262225
-0.085632
0.0352909
0.096839
0.114706
0.110415
0.101547
0.0991917
0.108276
0.129202
0.15964
0.19534
0.227552
0.252195
0.267526
0.271411
0.262351
0.23746
0.193578
0.127664
0.0365451
-0.0812218
-0.224599
-0.392261
-0.589006
-0.289681
-0.571503
-0.76237
-0.872612
-0.924301
-0.940287
-0.939236
-0.934176
-0.932703
-0.937974
-0.950053
-0.967319
-0.987642
-1.00913
-1.03043
-1.05067
-1.06931
-1.08603
-1.10168
-1.11728
-1.12831
-1.13324
-1.13276
-1.12797
-1.12003
-1.11065
-1.1009
-1.09223
-1.08576
-1.0813
-1.07926
-1.07366
-1.05907
-1.02791
-0.969124
-0.870771
-0.724484
-0.532202
-0.314442
-0.108657
0.0483569
0.13957
0.17471
0.176506
0.166652
0.159494
0.162193
0.176898
0.202283
0.234801
0.267568
0.292955
0.310746
0.318337
0.31383
0.295645
0.260573
0.205578
0.127323
0.0227397
-0.108983
-0.26612
-0.447143
-0.656363
-0.328722
-0.623911
-0.818748
-0.927146
-0.974237
-0.984825
-0.978669
-0.969324
-0.964486
-0.967076
-0.976716
-0.991287
-1.00826
-1.02555
-1.04178
-1.05618
-1.06845
-1.07855
-1.08853
-1.098
-1.10239
-1.10178
-1.09739
-1.09029
-1.08176
-1.07374
-1.06716
-1.06359
-1.06183
-1.06016
-1.05605
-1.04549
-1.02209
-0.976041
-0.895034
-0.767317
-0.587079
-0.36512
-0.134222
0.0615879
0.189861
0.248503
0.259277
0.248924
0.236958
0.233292
0.241424
0.260784
0.2884
0.319748
0.343708
0.361233
0.370545
0.369012
0.355098
0.326875
0.280898
0.214296
0.123191
0.00489302
-0.140428
-0.310635
-0.503082
-0.722219
-0.358534
-0.662891
-0.85904
-0.964393
-1.0068
-1.01262
-1.00237
-0.989851
-0.982687
-0.983458
-0.991289
-1.00357
-1.01744
-1.03069
-1.04205
-1.05097
-1.05743
-1.0619
-1.06798
-1.07224
-1.07229
-1.06881
-1.06346
-1.05702
-1.05122
-1.04658
-1.04279
-1.03981
-1.03717
-1.03321
-1.02479
-1.00679
-0.970723
-0.904982
-0.796187
-0.632927
-0.415796
-0.167888
0.0665649
0.240642
0.334317
0.361423
0.352691
0.335175
0.324207
0.324976
0.337441
0.358851
0.384689
0.405613
0.42101
0.429181
0.428743
0.417147
0.393265
0.354496
0.297376
0.218725
0.114152
-0.0178153
-0.176464
-0.357921
-0.559405
-0.785527
-0.379749
-0.689495
-0.884828
-0.986414
-1.02446
-1.02655
-1.01362
-0.999485
-0.99145
-0.99159
-0.998443
-1.00891
-1.01989
-1.02924
-1.03596
-1.03991
-1.04136
-1.04185
-1.04559
-1.04693
-1.04532
-1.04139
-1.03596
-1.02974
-1.02365
-1.01821
-1.01366
-1.00984
-1.00563
-0.99852
-0.984352
-0.955988
-0.903013
-0.812128
-0.668885
-0.465598
-0.213064
0.0523741
0.276769
0.419532
0.477442
0.478438
0.457292
0.437689
0.42965
0.433982
0.44761
0.466381
0.481176
0.491204
0.496064
0.493427
0.482295
0.460154
0.426181
0.376691
0.308455
0.216599
0.0983879
-0.0470774
-0.217131
-0.407312
-0.615122
-0.845262
-0.393091
-0.704876
-0.897756
-0.995273
-1.02961
-1.02929
-1.01541
-1.00147
-0.994195
-0.994915
-1.0015
-1.01044
-1.01865
-1.0243
-1.02688
-1.02678
-1.02459
-1.02489
-1.02582
-1.02264
-1.01711
-1.01034
-1.0031
-0.99606
-0.989793
-0.984512
-0.980117
-0.975779
-0.96947
-0.957774
-0.934868
-0.891805
-0.816429
-0.693707
-0.510777
-0.267238
0.0138742
0.282461
0.483296
0.589863
0.616632
0.600446
0.574378
0.556311
0.55104
0.555192
0.564733
0.571136
0.572427
0.57067
0.563469
0.549326
0.527394
0.495183
0.451384
0.391022
0.310229
0.205084
0.0737
-0.0832168
-0.261988
-0.457969
-0.66917
-0.899584
-0.399264
-0.710143
-0.899366
-0.992863
-1.02438
-1.02308
-1.00997
-0.997934
-0.992762
-0.994847
-1.0014
-1.00871
-1.01387
-1.01543
-1.01321
-1.00769
-1.00002
-0.998307
-0.995514
-0.990712
-0.984365
-0.977296
-0.97021
-0.963535
-0.957548
-0.952287
-0.947134
-0.940501
-0.92967
-0.909928
-0.873816
-0.810773
-0.706762
-0.546876
-0.322899
-0.0441511
0.25174
0.506997
0.674764
0.746943
0.752032
0.728291
0.70275
0.686934
0.680488
0.678686
0.673848
0.664027
0.652115
0.637151
0.617402
0.592214
0.560374
0.519315
0.464568
0.392762
0.299569
0.18223
0.0398166
-0.125816
-0.310252
-0.50896
-0.720491
-0.946893
-0.398779
-0.705968
-0.890276
-0.979288
-1.00771
-1.00499
-0.992002
-0.981082
-0.977297
-0.980317
-0.986977
-0.993574
-0.997418
-0.997421
-0.993644
-0.986832
-0.980077
-0.976199
-0.970979
-0.964211
-0.956445
-0.948453
-0.940706
-0.933402
-0.926654
-0.920021
-0.912185
-0.900993
-0.882658
-0.850974
-0.797062
-0.708625
-0.570933
-0.371802
-0.110049
0.191915
0.485056
0.713378
0.845567
0.891459
0.885547
0.861104
0.837474
0.820139
0.805751
0.787223
0.763193
0.738858
0.712394
0.684169
0.652952
0.618517
0.577196
0.526259
0.461615
0.37936
0.275598
0.148184
-0.00265327
-0.173957
-0.360948
-0.559373
-0.767917
-0.985506
-0.392455
-0.693834
-0.872863
-0.958093
-0.984648
-0.98203
-0.970833
-0.962906
-0.962618
-0.968881
-0.977793
-0.985234
-0.988535
-0.986866
-0.980719
-0.971256
-0.962787
-0.956017
-0.94799
-0.938909
-0.929422
-0.92006
-0.911054
-0.902479
-0.89399
-0.884486
-0.872193
-0.854048
-0.824884
-0.777302
-0.700928
-0.582373
-0.408417
-0.171717
0.118326
0.426938
0.701395
0.895794
0.99756
1.0275
1.01812
0.994593
0.969106
0.942286
0.90888
0.867953
0.827947
0.787905
0.74723
0.707484
0.666757
0.623014
0.573709
0.515096
0.442531
0.351593
0.23897
0.103723
-0.0526988
-0.22652
-0.413036
-0.608427
-0.810605
-1.01376
-0.380373
-0.673717
-0.847073
-0.929429
-0.955859
-0.955526
-0.948432
-0.945585
-0.950354
-0.960684
-0.971988
-0.979924
-0.982041
-0.977995
-0.968647
-0.956029
-0.944704
-0.93458
-0.923572
-0.912121
-0.900715
-0.889659
-0.879056
-0.868544
-0.857158
-0.843413
-0.824732
-0.796758
-0.753333
-0.68581
-0.582535
-0.430936
-0.221097
0.0462903
0.35039
0.649463
0.894905
1.05682
1.13694
1.15848
1.14719
1.12049
1.0845
1.03655
0.977097
0.918614
0.861579
0.80661
0.754497
0.704519
0.656137
0.606755
0.552555
0.48844
0.409079
0.310442
0.190532
0.0498578
-0.10918
-0.2824
-0.465482
-0.65476
-0.847565
-1.03046
-0.362786
-0.645802
-0.812922
-0.893097
-0.920889
-0.92474
-0.923705
-0.927625
-0.938602
-0.953475
-0.967006
-0.974814
-0.974918
-0.967602
-0.95428
-0.938049
-0.923485
-0.909873
-0.895944
-0.882091
-0.868647
-0.855787
-0.843162
-0.829848
-0.814541
-0.794991
-0.767412
-0.72662
-0.665389
-0.573726
-0.440408
-0.2552
-0.0140262
0.272705
0.576004
0.853572
1.06787
1.20362
1.26904
1.28364
1.26598
1.22748
1.16888
1.09043
1.01187
0.935005
0.862325
0.79499
0.733922
0.678625
0.627152
0.575376
0.517696
0.448226
0.362049
0.25646
0.131083
-0.012374
-0.171056
-0.340768
-0.517589
-0.697384
-0.876525
-1.03523
-0.340224
-0.610686
-0.770978
-0.84959
-0.880119
-0.889877
-0.896593
-0.908595
-0.926461
-0.945837
-0.960971
-0.96774
-0.964907
-0.953608
-0.935705
-0.915524
-0.897567
-0.880622
-0.863882
-0.847702
-0.832316
-0.817434
-0.802194
-0.78536
-0.764861
-0.737307
-0.698216
-0.641442
-0.5584
-0.439335
-0.274749
-0.0586083
0.205396
0.4988
0.789311
1.04055
1.22714
1.34238
1.39435
1.39753
1.36475
1.30313
1.20882
1.10967
1.0115
0.91843
0.833926
0.759308
0.694867
0.638654
0.58642
0.532399
0.470192
0.394301
0.301193
0.189882
0.0613634
-0.0820359
-0.237462
-0.401027
-0.568958
-0.735928
-0.89565
-1.02749
-0.313662
-0.569545
-0.722491
-0.800156
-0.834717
-0.851919
-0.867758
-0.888688
-0.913547
-0.936806
-0.952451
-0.956959
-0.950164
-0.934
-0.911035
-0.887505
-0.866177
-0.846093
-0.826796
-0.808581
-0.791233
-0.774004
-0.755704
-0.73431
-0.706684
-0.668818
-0.615315
-0.538697
-0.430525
-0.282362
-0.0876894
0.153298
0.429767
0.718971
0.990382
1.21594
1.37852
1.47393
1.50809
1.49144
1.43272
1.33176
1.21455
1.09502
0.980909
0.87688
0.786477
0.710049
0.645764
0.589544
0.535469
0.477117
0.408513
0.325481
0.226249
0.111324
-0.0175485
-0.158036
-0.307503
-0.46239
-0.618375
-0.769494
-0.903585
-1.00698
-0.284685
-0.524311
-0.669565
-0.746933
-0.786722
-0.812646
-0.838526
-0.868597
-0.899815
-0.925635
-0.940206
-0.941136
-0.929559
-0.908063
-0.880182
-0.853483
-0.829073
-0.806292
-0.784908
-0.764823
-0.745444
-0.725647
-0.703408
-0.675735
-0.638898
-0.587964
-0.516273
-0.416456
-0.281087
-0.103835
0.116837
0.374542
0.654097
0.932144
1.1829
1.38415
1.52219
1.59324
1.60184
1.55565
1.45676
1.32749
1.18956
1.05483
0.93041
0.821243
0.729428
0.653222
0.588685
0.530313
0.47167
0.406761
0.330838
0.241344
0.138035
0.0222966
-0.104038
-0.239057
-0.380249
-0.524092
-0.664761
-0.795342
-0.900322
-0.974456
-0.255572
-0.47775
-0.615221
-0.692991
-0.739042
-0.774567
-0.810762
-0.849361
-0.885463
-0.911903
-0.9236
-0.919691
-0.902493
-0.87516
-0.843386
-0.813821
-0.786835
-0.761953
-0.738814
-0.717034
-0.695576
-0.672433
-0.64472
-0.608832
-0.560054
-0.492315
-0.399044
-0.273613
-0.11012
0.0937601
0.334285
0.601059
0.876924
1.14044
1.36919
1.54384
1.65212
1.69151
1.66629
1.579
1.44598
1.2959
1.14312
0.998633
0.86913
0.758044
0.66546
0.587977
0.52051
0.457177
0.39196
0.319862
0.237519
0.143731
0.0392223
-0.0744185
-0.195714
-0.323222
-0.454199
-0.584645
-0.707044
-0.810862
-0.885428
-0.930879
-0.229234
-0.433373
-0.563277
-0.642178
-0.695275
-0.740726
-0.786695
-0.832257
-0.870909
-0.895493
-0.902302
-0.892374
-0.869162
-0.835969
-0.801431
-0.769569
-0.740622
-0.714095
-0.689573
-0.666155
-0.64189
-0.614014
-0.578961
-0.532055
-0.467614
-0.379619
-0.261979
-0.109243
0.081233
0.307337
0.561717
0.831277
1.09898
1.34441
1.54625
1.68708
1.75818
1.75909
1.69181
1.56442
1.41033
1.24555
1.08327
0.933222
0.80054
0.687083
0.591668
0.51026
0.437586
0.368036
0.296322
0.218431
0.132078
0.0369295
-0.0658807
-0.175067
-0.289618
-0.40825
-0.527486
-0.64159
-0.741584
-0.815745
-0.85971
-0.877944
-0.208985
-0.395145
-0.518015
-0.598753
-0.659297
-0.714277
-0.768494
-0.818442
-0.856597
-0.876587
-0.876828
-0.860219
-0.830493
-0.792339
-0.755721
-0.722136
-0.691718
-0.664042
-0.638213
-0.612431
-0.584082
-0.549608
-0.504275
-0.442635
-0.358996
-0.24755
-0.103222
0.0767479
0.291327
0.53509
0.797623
1.06471
1.3187
1.53869
1.70456
1.80292
1.83012
1.78838
1.67555
1.52596
1.35688
1.1824
1.01375
0.85894
0.721968
0.604118
0.503951
0.417488
0.339598
0.264979
0.188879
0.107946
0.0205701
-0.0731346
-0.172017
-0.275323
-0.382271
-0.491104
-0.597122
-0.692032
-0.765137
-0.809193
-0.824102
-0.817561
-0.198159
-0.367033
-0.483664
-0.566803
-0.634658
-0.69789
-0.757803
-0.808701
-0.842818
-0.855558
-0.847755
-0.823505
-0.786781
-0.746124
-0.707789
-0.672891
-0.641481
-0.61266
-0.58478
-0.555436
-0.52108
-0.47691
-0.417593
-0.337575
-0.231121
-0.0933957
0.0784148
0.284044
0.519313
0.775541
1.04026
1.29758
1.5282
1.71158
1.8316
1.88154
1.8624
1.77203
1.63474
1.46935
1.28951
1.10709
0.93174
0.770672
0.627999
0.505236
0.400992
0.311215
0.230634
0.153926
0.0765709
-0.00440608
-0.090197
-0.180481
-0.274293
-0.371352
-0.470635
-0.569143
-0.659548
-0.731705
-0.776723
-0.791707
-0.780217
-0.751851
-0.199658
-0.352474
-0.463794
-0.549589
-0.623893
-0.693094
-0.75515
-0.802872
-0.829415
-0.832732
-0.815824
-0.784008
-0.740959
-0.69828
-0.658707
-0.622935
-0.5904
-0.559684
-0.528607
-0.493677
-0.450089
-0.392546
-0.315469
-0.213049
-0.0805429
0.084908
0.283676
0.512394
0.76346
1.02544
1.28344
1.51922
1.71332
1.8488
1.91692
1.91783
1.85055
1.73027
1.57442
1.3954
1.20462
1.01273
0.829204
0.661714
0.514934
0.390336
0.285945
0.197004
0.117673
0.042381
-0.0332805
-0.111966
-0.194503
-0.280434
-0.369016
-0.460056
-0.551609
-0.638486
-0.710679
-0.757953
-0.775675
-0.764243
-0.729908
-0.682865
-0.215536
-0.353882
-0.460755
-0.548928
-0.627911
-0.699779
-0.759641
-0.799918
-0.815763
-0.807793
-0.781305
-0.740838
-0.694148
-0.64993
-0.609374
-0.57232
-0.53788
-0.504149
-0.467732
-0.423947
-0.367503
-0.292678
-0.193495
-0.0651458
0.0953321
0.288723
0.512328
0.759232
1.01845
1.27559
1.51315
1.71257
1.85772
1.939
1.95592
1.90931
1.80717
1.6638
1.48953
1.29494
1.09102
0.888925
0.699019
0.529421
0.384444
0.264342
0.165636
0.0823807
0.00806511
-0.0630262
-0.135036
-0.210157
-0.288786
-0.37032
-0.454174
-0.539682
-0.623391
-0.695962
-0.747085
-0.77
-0.76275
-0.728628
-0.675372
-0.612609
-0.246741
-0.372321
-0.475282
-0.564787
-0.645655
-0.71593
-0.76884
-0.797712
-0.800283
-0.780545
-0.744504
-0.695545
-0.646725
-0.601258
-0.559096
-0.520029
-0.482632
-0.443673
-0.398737
-0.342589
-0.269305
-0.172707
-0.047763
0.108675
0.297709
0.51699
0.76011
1.01642
1.27154
1.5085
1.7096
1.85952
1.94919
1.97782
1.9479
1.86181
1.73062
1.56233
1.36657
1.15448
0.938392
0.73063
0.54178
0.378886
0.24427
0.135853
0.048231
-0.025642
-0.0926083
-0.158146
-0.225825
-0.297177
-0.372111
-0.449843
-0.52972
-0.609794
-0.683372
-0.739062
-0.76879
-0.768876
-0.739994
-0.687394
-0.619026
-0.543002
-0.293016
-0.40735
-0.506323
-0.595158
-0.674094
-0.737927
-0.779306
-0.793341
-0.7815
-0.749718
-0.702527
-0.649257
-0.598654
-0.551033
-0.506626
-0.464586
-0.421996
-0.374851
-0.3181
-0.245638
-0.151113
-0.0291717
0.123659
0.308729
0.523915
0.76298
1.01564
1.26758
1.50208
1.70228
1.85375
1.94801
1.9849
1.96654
1.89257
1.77076
1.60728
1.41112
1.19359
0.967826
0.747448
0.544618
0.368104
0.222014
0.105554
0.014057
-0.0594503
-0.122518
-0.181725
-0.241848
-0.305591
-0.37368
-0.445532
-0.52008
-0.596154
-0.669829
-0.730138
-0.767427
-0.776796
-0.756789
-0.710336
-0.64354
-0.56342
-0.475927
-0.352979
-0.457082
-0.551127
-0.636239
-0.708613
-0.761025
-0.786669
-0.784002
-0.757572
-0.713439
-0.657011
-0.601169
-0.547856
-0.497717
-0.450307
-0.403086
-0.352671
-0.294393
-0.222073
-0.129266
-0.010283
0.138783
0.319568
0.530167
0.764404
1.0121
1.25941
1.48999
1.68762
1.83878
1.93523
1.97738
1.96621
1.89982
1.78363
1.62261
1.42561
1.20435
0.972525
0.74447
0.533108
0.348072
0.19446
0.0725443
-0.0215646
-0.0944733
-0.153867
-0.207022
-0.259679
-0.315563
-0.376355
-0.441992
-0.511486
-0.583397
-0.655405
-0.719096
-0.763745
-0.782944
-0.773796
-0.737158
-0.677405
-0.600339
-0.511128
-0.413215
-0.424291
-0.518391
-0.605552
-0.682976
-0.743818
-0.78003
-0.787107
-0.766979
-0.725482
-0.669475
-0.608277
-0.549016
-0.492898
-0.439713
-0.387117
-0.332508
-0.271851
-0.199072
-0.107761
0.00800821
0.15266
0.328163
0.532913
0.760916
1.00215
1.24313
1.46844
1.66259
1.81257
1.91023
1.95605
1.94887
1.88623
1.77226
1.61145
1.41295
1.18907
0.953988
0.722225
0.506893
0.317837
0.160527
0.0358177
-0.059479
-0.131441
-0.187551
-0.235283
-0.280995
-0.329223
-0.382498
-0.441489
-0.505463
-0.573017
-0.641999
-0.70752
-0.758277
-0.786539
-0.788543
-0.76345
-0.714016
-0.645044
-0.560998
-0.464546
-0.35655
-0.503903
-0.587237
-0.664558
-0.729735
-0.774012
-0.790318
-0.777375
-0.739443
-0.684823
-0.618999
-0.553606
-0.491366
-0.432269
-0.37393
-0.314463
-0.250709
-0.176955
-0.0869675
0.0251978
0.164449
0.333209
0.530282
0.750099
0.983053
1.21623
1.4351
1.62535
1.77436
1.87347
1.92273
1.91814
1.85701
1.74296
1.58088
1.38051
1.15485
0.918386
0.685596
0.469375
0.27942
0.12119
-0.00424197
-0.0996177
-0.170471
-0.223878
-0.267187
-0.306962
-0.348263
-0.394289
-0.446408
-0.504413
-0.567067
-0.632481
-0.697456
-0.752538
-0.788619
-0.800932
-0.787524
-0.749698
-0.691389
-0.61682
-0.528308
-0.425673
-0.307337
-0.588327
-0.65911
-0.722866
-0.770932
-0.794274
-0.788273
-0.754357
-0.700191
-0.63303
-0.561253
-0.492456
-0.4273
-0.363104
-0.29842
-0.231005
-0.155709
-0.066845
0.0413824
0.174208
0.334596
0.521964
0.731379
0.954052
1.17802
1.38976
1.57606
1.72492
1.82684
1.88058
1.87891
1.81898
1.70409
1.54011
1.33781
1.11081
0.87384
0.641227
0.425541
0.236187
0.0784579
-0.0465758
-0.141446
-0.211289
-0.262733
-0.302812
-0.338017
-0.373602
-0.413217
-0.458803
-0.510746
-0.568174
-0.629447
-0.691895
-0.749339
-0.791466
-0.812502
-0.80979
-0.783394
-0.736336
-0.672823
-0.59561
-0.504341
-0.395902
-0.266553
-0.673915
-0.729461
-0.775375
-0.801733
-0.800964
-0.771094
-0.717604
-0.649189
-0.571507
-0.495759
-0.424201
-0.35416
-0.284162
-0.212742
-0.135457
-0.0473426
0.0567711
0.182361
0.332945
0.508703
0.705667
0.916148
1.12952
1.33364
1.51635
1.66612
1.77278
1.83315
1.83636
1.77906
1.66416
1.49855
1.29429
1.06582
0.828073
0.595332
0.379981
0.191207
0.0341165
-0.0903362
-0.184664
-0.253807
-0.304053
-0.342082
-0.374155
-0.405495
-0.439917
-0.479749
-0.525862
-0.577863
-0.634362
-0.693244
-0.750752
-0.797177
-0.825162
-0.831592
-0.815603
-0.779211
-0.726455
-0.660927
-0.583277
-0.490233
-0.375866
-0.234635
-0.757115
-0.794002
-0.817652
-0.81852
-0.791285
-0.738116
-0.667199
-0.585212
-0.501966
-0.42323
-0.347033
-0.271678
-0.196086
-0.116473
-0.0287373
0.0715
0.189486
0.329209
0.491824
0.674602
0.871308
1.07287
1.26878
1.44812
1.59987
1.71353
1.78305
1.79435
1.74265
1.63002
1.46399
1.25787
1.02712
0.787199
0.552628
0.335964
0.146436
-0.01095
-0.135414
-0.229615
-0.298505
-0.348216
-0.385158
-0.415322
-0.443773
-0.47431
-0.509377
-0.550202
-0.596856
-0.648392
-0.703059
-0.758076
-0.806648
-0.839998
-0.853918
-0.846993
-0.820245
-0.777185
-0.722048
-0.657088
-0.580494
-0.48609
-0.365395
-0.211433
-0.834621
-0.848997
-0.846401
-0.818844
-0.764827
-0.690487
-0.603668
-0.512324
-0.425506
-0.34242
-0.261426
-0.181557
-0.0994171
-0.0116691
0.085078
0.195635
0.324106
0.472436
0.639655
0.821262
1.00999
1.197
1.37281
1.52713
1.64939
1.73076
1.75403
1.71216
1.60555
1.44148
1.23407
0.999942
0.755569
0.516327
0.295506
0.102805
-0.0566835
-0.182375
-0.277225
-0.346408
-0.396111
-0.432625
-0.461732
-0.488302
-0.516038
-0.547356
-0.583541
-0.625036
-0.671362
-0.721138
-0.772222
-0.820629
-0.857473
-0.877105
-0.877702
-0.859443
-0.824971
-0.778581
-0.723929
-0.661454
-0.586792
-0.491067
-0.363574
-0.196243
-0.903421
-0.891462
-0.859258
-0.802063
-0.723035
-0.629459
-0.529648
-0.433327
-0.342067
-0.254595
-0.170053
-0.0851755
0.00293181
0.0967576
0.200341
0.317763
0.451504
0.602019
0.767304
0.942073
1.11929
1.29084
1.44733
1.57873
1.67404
1.71327
1.68623
1.59086
1.43271
1.22574
0.987569
0.736203
0.48873
0.260014
0.060837
-0.1033
-0.231974
-0.328571
-0.398699
-0.448815
-0.48528
-0.51378
-0.539025
-0.564584
-0.592824
-0.624962
-0.661433
-0.702238
-0.746569
-0.792747
-0.838191
-0.876358
-0.900158
-0.906794
-0.895881
-0.869121
-0.830264
-0.783647
-0.731775
-0.673072
-0.600749
-0.503552
-0.368896
-0.187908
-0.960948
-0.91916
-0.855308
-0.769345
-0.666941
-0.557652
-0.449939
-0.348576
-0.253124
-0.162903
-0.0747207
0.014216
0.105749
0.203182
0.310211
0.429661
0.563279
0.71099
0.870237
1.03613
1.20192
1.35919
1.4989
1.6087
1.66708
1.65989
1.58207
1.43568
1.23287
0.991452
0.731175
0.471813
0.230945
0.0213341
-0.150621
-0.28452
-0.384276
-0.456127
-0.507029
-0.543606
-0.571602
-0.595643
-0.61919
-0.644547
-0.672939
-0.704668
-0.739689
-0.777879
-0.818213
-0.858751
-0.895765
-0.921854
-0.932883
-0.928041
-0.908193
-0.876167
-0.83615
-0.791894
-0.74444
-0.690226
-0.620316
-0.521445
-0.379482
-0.184971
-1.00505
-0.930833
-0.835268
-0.722002
-0.600419
-0.479372
-0.365399
-0.259695
-0.161976
-0.0692086
0.0214962
0.111609
0.203964
0.301789
0.407848
0.524788
0.654341
0.796348
0.948377
1.1059
1.26147
1.40728
1.53014
1.60894
1.62548
1.57164
1.44454
1.25222
1.01091
0.74161
0.467508
0.210268
-0.014107
-0.197535
-0.339338
-0.443973
-0.51848
-0.570529
-0.607228
-0.634551
-0.657168
-0.678484
-0.700763
-0.725244
-0.752291
-0.781622
-0.813054
-0.846562
-0.880985
-0.914195
-0.940547
-0.95444
-0.954331
-0.940515
-0.914857
-0.880804
-0.842385
-0.802383
-0.760306
-0.710809
-0.643162
-0.542453
-0.393303
-0.185848
-1.03404
-0.926266
-0.799481
-0.662631
-0.526565
-0.396654
-0.277727
-0.169774
-0.0701358
0.0240609
0.114226
0.202932
0.2931
0.387299
0.488503
0.599739
0.723052
0.858662
1.00402
1.15396
1.30223
1.43474
1.53263
1.57434
1.54952
1.4498
1.27681
1.04243
0.767138
0.477468
0.200486
-0.0429076
-0.241745
-0.39449
-0.506012
-0.58427
-0.637852
-0.674575
-0.700857
-0.721574
-0.740184
-0.758947
-0.779152
-0.801261
-0.825094
-0.850092
-0.876196
-0.903571
-0.930948
-0.955271
-0.970512
-0.973753
-0.964911
-0.945079
-0.916735
-0.88343
-0.848626
-0.81399
-0.777616
-0.732671
-0.66699
-0.564354
-0.408395
-0.188975
-1.04709
-0.905346
-0.750848
-0.595596
-0.446595
-0.310992
-0.189472
-0.0797184
0.0207156
0.113203
0.200394
0.284912
0.3692
0.456357
0.550004
0.653742
0.770224
0.899713
1.03933
1.18411
1.32096
1.43386
1.49896
1.50515
1.43943
1.29583
1.07872
0.80473
0.502143
0.20408
-0.061804
-0.27992
-0.446854
-0.567521
-0.650802
-0.706381
-0.743007
-0.76777
-0.785972
-0.80128
-0.816043
-0.831599
-0.848544
-0.866841
-0.886011
-0.905416
-0.925247
-0.945859
-0.965941
-0.980994
-0.986324
-0.981296
-0.966498
-0.943544
-0.91514
-0.884568
-0.854532
-0.825623
-0.794743
-0.753882
-0.689765
-0.585179
-0.423001
-0.192935
-1.04309
-0.869414
-0.691392
-0.520685
-0.364062
-0.224936
-0.101149
0.00925421
0.107369
0.195962
0.277598
0.35446
0.429779
0.507519
0.592031
0.687687
0.797353
0.921645
1.05597
1.19002
1.31128
1.39474
1.42988
1.40113
1.29567
1.10826
0.847393
0.539367
0.222392
-0.0676081
-0.308225
-0.492563
-0.624822
-0.714619
-0.772833
-0.809357
-0.832188
-0.847269
-0.858699
-0.869046
-0.879766
-0.891528
-0.904463
-0.918232
-0.9322
-0.945744
-0.959361
-0.973593
-0.986461
-0.992864
-0.990557
-0.979836
-0.961696
-0.938005
-0.911395
-0.884674
-0.859768
-0.83634
-0.810337
-0.772865
-0.709846
-0.603337
-0.435677
-0.196528
-1.02272
-0.820969
-0.622788
-0.4414
-0.280374
-0.138266
-0.013719
0.0942015
0.188088
0.270322
0.343035
0.409382
0.473617
0.540585
0.615497
0.702976
0.80673
0.923707
1.04677
1.16647
1.26082
1.31901
1.32531
1.2626
1.11638
0.883538
0.582891
0.254169
-0.0583357
-0.323154
-0.527671
-0.674048
-0.772133
-0.833949
-0.870681
-0.891454
-0.903068
-0.910227
-0.915924
-0.921826
-0.928697
-0.936708
-0.945658
-0.955011
-0.964021
-0.97211
-0.980106
-0.988806
-0.995137
-0.994595
-0.986917
-0.972749
-0.953314
-0.93051
-0.906703
-0.884163
-0.864112
-0.845454
-0.823426
-0.788511
-0.726057
-0.61764
-0.445295
-0.198775
-0.986709
-0.759004
-0.548588
-0.360709
-0.195611
-0.0523899
0.0698034
0.173637
0.260892
0.333436
0.394518
0.448448
0.500557
0.556644
0.622052
0.702268
0.796193
0.900126
1.00777
1.10224
1.17376
1.208
1.18649
1.08831
0.898064
0.6217
0.294165
-0.0345022
-0.322493
-0.548869
-0.711733
-0.820164
-0.887029
-0.924815
-0.943906
-0.952168
-0.955073
-0.956149
-0.957435
-0.959865
-0.963633
-0.968513
-0.974039
-0.97956
-0.984248
-0.987612
-0.990945
-0.995017
-0.995468
-0.99004
-0.978961
-0.963102
-0.943786
-0.922777
-0.902082
-0.883457
-0.867532
-0.852639
-0.833509
-0.80017
-0.737636
-0.627252
-0.450999
-0.198888
-0.935124
-0.689367
-0.470575
-0.277881
-0.111382
0.0296748
0.14807
0.245372
0.322702
0.383008
0.430725
0.471525
0.51193
0.557735
0.614738
0.68344
0.762486
0.848928
0.930986
1.00302
1.05336
1.0648
1.01392
0.875893
0.641171
0.33256
-0.000255029
-0.306296
-0.554135
-0.735233
-0.856226
-0.930089
-0.970437
-0.988914
-0.994517
-0.993684
-0.990577
-0.987662
-0.986144
-0.986362
-0.988013
-0.990554
-0.99332
-0.995668
-0.996695
-0.995999
-0.995551
-0.995862
-0.991909
-0.983212
-0.970168
-0.953791
-0.935373
-0.916434
-0.898603
-0.883191
-0.870458
-0.858218
-0.840774
-0.807918
-0.744532
-0.631966
-0.452411
-0.196372
-0.870669
-0.615054
-0.389781
-0.195421
-0.0308837
0.10665
0.218688
0.306199
0.371232
0.417693
0.451566
0.480189
0.510221
0.547224
0.592561
0.645536
0.704968
0.764192
0.823005
0.874396
0.904819
0.892211
0.807245
0.626754
0.356139
0.036233
-0.277658
-0.54332
-0.742985
-0.878542
-0.961742
-1.00676
-1.0264
-1.03076
-1.02722
-1.02079
-1.01441
-1.0096
-1.00684
-1.006
-1.00639
-1.00723
-1.00778
-1.00753
-1.00553
-1.00156
-0.998693
-0.995389
-0.988504
-0.977857
-0.964113
-0.948358
-0.93137
-0.914375
-0.898724
-0.885425
-0.874354
-0.863107
-0.845811
-0.812105
-0.746862
-0.631653
-0.449197
-0.190797
-0.797871
-0.535761
-0.308828
-0.116444
0.0446757
0.175943
0.278383
0.353924
0.405138
0.437395
0.458772
0.477192
0.498852
0.525464
0.555988
0.588253
0.620554
0.655931
0.693184
0.72509
0.734504
0.693137
0.569744
0.351929
0.0639193
-0.242902
-0.518582
-0.734774
-0.88602
-0.980931
-1.03321
-1.05638
-1.06159
-1.05712
-1.04871
-1.04
-1.03288
-1.02798
-1.02521
-1.02413
-1.02383
-1.02346
-1.02224
-1.01986
-1.01556
-1.00927
-1.00632
-0.999731
-0.989562
-0.976389
-0.960917
-0.944106
-0.926794
-0.910128
-0.895276
-0.882983
-0.872776
-0.861916
-0.844246
-0.80926
-0.741932
-0.624297
-0.439934
-0.181218
-0.719484
-0.455212
-0.230747
-0.0420402
0.112732
0.234497
0.325289
0.387417
0.424449
0.44402
0.455346
0.46616
0.479325
0.493531
0.504997
0.513509
0.522911
0.536276
0.553292
0.564841
0.548817
0.473257
0.312957
0.0722253
-0.210531
-0.484453
-0.711954
-0.878383
-0.986869
-1.04916
-1.07875
-1.08747
-1.08455
-1.07638
-1.06709
-1.05901
-1.05307
-1.04914
-1.04668
-1.04507
-1.0435
-1.0409
-1.03637
-1.02886
-1.0187
-1.00967
-1.00236
-0.992933
-0.980828
-0.966429
-0.950338
-0.933365
-0.916361
-0.900382
-0.88643
-0.874997
-0.865299
-0.854303
-0.835647
-0.798815
-0.729088
-0.609247
-0.424044
-0.167167
-0.638095
-0.376716
-0.156631
0.0253729
0.170582
0.280852
0.358594
0.406881
0.431199
0.440776
0.445115
0.449167
0.452662
0.451217
0.444116
0.433518
0.42321
0.417155
0.414266
0.402159
0.35521
0.244047
0.0562884
-0.18836
-0.446889
-0.677377
-0.856055
-0.97867
-1.05298
-1.09119
-1.10523
-1.10474
-1.09687
-1.08635
-1.07591
-1.06696
-1.06004
-1.0546
-1.05001
-1.04592
-1.04205
-1.03766
-1.03197
-1.0247
-1.01525
-1.007
-0.997874
-0.986403
-0.972567
-0.956827
-0.939802
-0.922263
-0.905036
-0.889059
-0.875142
-0.863526
-0.853165
-0.84081
-0.820017
-0.780414
-0.707798
-0.585945
-0.401048
-0.148261
-0.556228
-0.300728
-0.0882742
0.0837619
0.217335
0.314657
0.378821
0.414561
0.428891
0.431779
0.430498
0.427167
0.418681
0.403585
0.382432
0.356905
0.330989
0.307831
0.283954
0.244142
0.16357
0.0218186
-0.179133
-0.410865
-0.634339
-0.819727
-0.954677
-1.04127
-1.08886
-1.10865
-1.11074
-1.10284
-1.09065
-1.07794
-1.06656
-1.05741
-1.05161
-1.04835
-1.04651
-1.04523
-1.04359
-1.04038
-1.03478
-1.02647
-1.016
-1.00577
-0.993985
-0.979991
-0.964002
-0.946514
-0.928135
-0.909567
-0.891548
-0.874855
-0.860089
-0.847251
-0.835083
-0.820205
-0.796207
-0.753031
-0.677197
-0.55373
-0.370487
-0.12419
-0.474588
-0.228595
-0.0270925
0.132731
0.253065
0.336782
0.388437
0.414292
0.421841
0.419585
0.412541
0.400459
0.381509
0.356592
0.325449
0.289629
0.251864
0.212887
0.166438
0.0969072
-0.0148372
-0.17724
-0.377359
-0.585392
-0.770693
-0.914639
-1.01279
-1.07061
-1.09768
-1.10398
-1.09817
-1.08652
-1.07376
-1.06378
-1.05674
-1.05268
-1.05145
-1.05174
-1.05245
-1.05259
-1.05118
-1.04712
-1.0397
-1.02876
-1.01607
-1.00286
-0.987979
-0.971184
-0.952791
-0.933298
-0.913256
-0.89327
-0.873949
-0.855889
-0.839475
-0.824494
-0.809519
-0.791115
-0.763027
-0.715676
-0.63653
-0.512101
-0.332088
-0.0948153
-0.394306
-0.16135
0.0267309
0.172513
0.278757
0.349585
0.391269
0.410046
0.412302
0.405186
0.392237
0.371095
0.344984
0.313408
0.276282
0.234052
0.186928
0.132592
0.0631214
-0.0343139
-0.170123
-0.341725
-0.530472
-0.710092
-0.859115
-0.967748
-1.03676
-1.0734
-1.08699
-1.08631
-1.08015
-1.07192
-1.06438
-1.05943
-1.05701
-1.05693
-1.05862
-1.0608
-1.06229
-1.06205
-1.05909
-1.05253
-1.0419
-1.02759
-1.0118
-0.995146
-0.976982
-0.957269
-0.936359
-0.914705
-0.892779
-0.871061
-0.850013
-0.830043
-0.811329
-0.79346
-0.774882
-0.752177
-0.719364
-0.667517
-0.585268
-0.460827
-0.285862
-0.0602536
-0.316522
-0.0995638
0.0728729
0.20337
0.295847
0.356119
0.389948
0.402821
0.40018
0.388055
0.368023
0.341379
0.310427
0.275226
0.235299
0.189164
0.133974
0.0648895
-0.0257119
-0.145496
-0.295838
-0.466428
-0.637495
-0.788541
-0.90628
-0.987346
-1.03594
-1.06132
-1.07158
-1.07241
-1.0694
-1.06531
-1.06226
-1.06132
-1.06232
-1.06474
-1.06776
-1.07009
-1.07057
-1.06818
-1.06211
-1.05174
-1.03692
-1.0188
-0.999424
-0.979193
-0.957746
-0.935152
-0.911744
-0.887898
-0.86398
-0.840339
-0.817279
-0.795025
-0.773554
-0.752282
-0.729569
-0.702094
-0.664266
-0.607982
-0.523231
-0.40008
-0.232216
-0.0209675
-0.242282
-0.0439751
0.111232
0.226667
0.307187
0.358347
0.385322
0.393045
0.385999
0.369224
0.342792
0.312144
0.278445
0.24194
0.201197
0.152461
0.0901184
0.00808106
-0.0991406
-0.23327
-0.388408
-0.550372
-0.701345
-0.827057
-0.92092
-0.986487
-1.02696
-1.04911
-1.05923
-1.06227
-1.06244
-1.06202
-1.06246
-1.06429
-1.06712
-1.07022
-1.07264
-1.07318
-1.0708
-1.06467
-1.05424
-1.0392
-1.01982
-0.99783
-0.974855
-0.951237
-0.926774
-0.901562
-0.875869
-0.849973
-0.824124
-0.798533
-0.773351
-0.748626
-0.724159
-0.699227
-0.672163
-0.639824
-0.597131
-0.536947
-0.450759
-0.330582
-0.172082
0.0221361
-0.173254
0.00423432
0.142045
0.243267
0.31265
0.355396
0.376207
0.379189
0.36782
0.346155
0.316094
0.283029
0.24843
0.212321
0.172088
0.121979
0.0544519
-0.0365097
-0.153372
-0.292838
-0.444576
-0.594006
-0.727698
-0.838113
-0.920605
-0.978019
-1.01423
-1.03516
-1.04619
-1.05153
-1.05441
-1.05658
-1.05895
-1.06169
-1.06426
-1.06589
-1.06565
-1.06256
-1.05582
-1.04488
-1.02945
-1.00957
-0.985952
-0.9606
-0.934554
-0.908158
-0.881274
-0.853972
-0.826428
-0.79881
-0.771248
-0.74382
-0.71654
-0.689308
-0.66179
-0.633186
-0.601873
-0.564985
-0.518056
-0.455024
-0.368949
-0.253782
-0.107038
0.0676291
-0.110236
0.0455792
0.166144
0.253738
0.312859
0.348245
0.363857
0.362905
0.347981
0.32237
0.290374
0.256727
0.223086
0.189036
0.15096
0.101803
0.0328909
-0.0611352
-0.180238
-0.318281
-0.464693
-0.606249
-0.730937
-0.832267
-0.907816
-0.960482
-0.994601
-1.01545
-1.02761
-1.03459
-1.03891
-1.04188
-1.0441
-1.04553
-1.04567
-1.04384
-1.03933
-1.03145
-1.0197
-1.00382
-0.983783
-0.959852
-0.933027
-0.905281
-0.877166
-0.848945
-0.820487
-0.791804
-0.76297
-0.734044
-0.705041
-0.675935
-0.64663
-0.616931
-0.586436
-0.554343
-0.51917
-0.478415
-0.428316
-0.363939
-0.279912
-0.172011
-0.0393788
0.113546
-0.0531524
0.0807273
0.184501
0.259627
0.310037
0.33969
0.351663
0.34834
0.33162
0.304325
0.272721
0.240784
0.210136
0.17987
0.145719
0.100017
0.0333352
-0.0592681
-0.17734
-0.314157
-0.457787
-0.594649
-0.71369
-0.809406
-0.880869
-0.931063
-0.964275
-0.985188
-0.997772
-1.00501
-1.00895
-1.01067
-1.01064
-1.00886
-1.00499
-0.998591
-0.989227
-0.976513
-0.960218
-0.940287
-0.916841
-0.890298
-0.862038
-0.833252
-0.804309
-0.775348
-0.746221
-0.716873
-0.687284
-0.657418
-0.627208
-0.596555
-0.56531
-0.533245
-0.499966
-0.464758
-0.426359
-0.382712
-0.330811
-0.266858
-0.186966
-0.0885472
0.0279104
0.157464
-0.00403073
0.108097
0.196239
0.260745
0.304588
0.330698
0.341238
0.33787
0.321897
0.295915
0.267176
0.238909
0.212511
0.186648
0.156808
0.115453
0.0528797
-0.0367865
-0.152977
-0.287982
-0.428796
-0.561969
-0.67725
-0.769677
-0.838818
-0.887519
-0.919836
-0.940009
-0.951622
-0.957369
-0.9591
-0.957874
-0.954221
-0.948293
-0.939999
-0.929163
-0.915601
-0.899154
-0.879762
-0.857464
-0.832419
-0.805084
-0.776929
-0.748455
-0.719846
-0.691121
-0.662109
-0.632698
-0.602795
-0.572304
-0.541112
-0.509097
-0.47611
-0.44195
-0.406296
-0.36858
-0.327822
-0.282455
-0.230242
-0.168478
-0.0946349
-0.00752392
0.09132
0.196712
0.0315035
0.12258
0.196589
0.252446
0.291878
0.316668
0.328065
0.327063
0.314591
0.293233
0.269593
0.246485
0.224987
0.203425
0.177324
0.139939
0.0818919
-0.00341063
-0.11538
-0.246117
-0.382901
-0.512485
-0.624802
-0.71483
-0.782013
-0.828897
-0.859304
-0.87726
-0.886233
-0.888888
-0.887105
-0.882059
-0.874432
-0.864562
-0.85256
-0.838439
-0.822167
-0.803704
-0.78305
-0.760248
-0.735437
-0.709129
-0.682402
-0.655364
-0.628046
-0.600374
-0.57216
-0.543255
-0.51353
-0.482859
-0.451124
-0.418214
-0.384017
-0.348392
-0.311118
-0.271802
-0.229765
-0.183928
-0.132805
-0.0747061
-0.00830873
0.0664107
0.147147
0.228682
0.0478099
0.119101
0.180632
0.22978
0.266926
0.29273
0.307582
0.31183
0.305909
0.292132
0.275811
0.259237
0.243121
0.225558
0.202242
0.167612
0.114171
0.0347078
-0.0705532
-0.194768
-0.326037
-0.45136
-0.560423
-0.647659
-0.712027
-0.755738
-0.78254
-0.796517
-0.80129
-0.799699
-0.793783
-0.784871
-0.773776
-0.760945
-0.746588
-0.730787
-0.713554
-0.694865
-0.674706
-0.653074
-0.630055
-0.606199
-0.58197
-0.557316
-0.532164
-0.506381
-0.479779
-0.452193
-0.423478
-0.393503
-0.362156
-0.329348
-0.294999
-0.259024
-0.221293
-0.181572
-0.139461
-0.0943454
-0.0454292
0.00805457
0.066378
0.128613
0.19191
0.251163
0.0404978
0.0937706
0.144496
0.188753
0.225715
0.255027
0.276247
0.289006
0.293101
0.290099
0.283693
0.275511
0.265885
0.252731
0.23171
0.198023
0.147566
0.0740737
-0.0234459
-0.139693
-0.264049
-0.383893
-0.488457
-0.571394
-0.631098
-0.669597
-0.690801
-0.699105
-0.698455
-0.691956
-0.681817
-0.669471
-0.655769
-0.641162
-0.625844
-0.609868
-0.593207
-0.575801
-0.557589
-0.538519
-0.518614
-0.498265
-0.477519
-0.456244
-0.434306
-0.411545
-0.387774
-0.36282
-0.336527
-0.308751
-0.279369
-0.248281
-0.215403
-0.180663
-0.143979
-0.105239
-0.0642789
-0.0208915
0.0251029
0.0736609
0.124157
0.174892
0.222644
0.262512
0.0018729
0.0385716
0.0797154
0.120689
0.1597
0.195485
0.226729
0.252192
0.270813
0.283132
0.290562
0.293938
0.293142
0.286003
0.26806
0.234261
0.182986
0.11323
0.0225524
-0.0853941
-0.201651
-0.314242
-0.412067
-0.488169
-0.540635
-0.571596
-0.585328
-0.586643
-0.579834
-0.568221
-0.554112
-0.538943
-0.523508
-0.508171
-0.493037
-0.478068
-0.463164
-0.448208
-0.433093
-0.417733
-0.402097
-0.38626
-0.370091
-0.353419
-0.336083
-0.317905
-0.298693
-0.278258
-0.256409
-0.23296
-0.207732
-0.180559
-0.151294
-0.119813
-0.086021
-0.049863
-0.0113418
0.0294297
0.0721278
0.116041
0.159806
0.201111
0.236458
0.26117
