0.000679656
0.00185596
0.00308833
0.00434296
0.00559672
0.00683094
0.00802898
0.00917522
0.0102548
0.0112535
0.0121581
0.012956
0.0136361
0.0141886
0.0146051
0.0148791
0.015004
0.0149727
0.0147878
0.0144512
0.0139669
0.0133408
0.0125805
0.0116956
0.0106972
0.00959766
0.00841086
0.0071515
0.00583515
0.00447802
0.00309681
0.00170858
0.000290012
-0.00114389
-0.00256765
-0.00395981
-0.00530238
-0.00658023
-0.00778056
-0.00889243
-0.0099064
-0.0108143
-0.0116089
-0.0122841
-0.0128349
-0.0132572
-0.0135479
-0.0137052
-0.0137285
-0.0136181
-0.0133757
-0.0130043
-0.0125078
-0.0118917
-0.0111625
-0.0103278
-0.00939644
-0.00837806
-0.00728341
-0.00612408
-0.00491254
-0.00366209
-0.00238692
-0.00110228
0.00185596
0.00487892
0.00796555
0.0110514
0.0140918
0.0170496
0.0198907
0.0225826
0.0250944
0.0273963
0.0294604
0.0312609
0.0327745
0.0339811
0.0348636
0.0354091
0.0356117
0.0354707
0.0349756
0.0341268
0.0329306
0.0313985
0.0295469
0.0273963
0.0249715
0.0223005
0.0194143
0.0163465
0.0131327
0.00981016
0.00641714
0.00299235
-0.000488599
-0.00405406
-0.00765709
-0.0112456
-0.0147676
-0.0181734
-0.0214171
-0.024457
-0.0272558
-0.0297806
-0.0320028
-0.033898
-0.0354458
-0.0366302
-0.0374394
-0.0378656
-0.0379135
-0.0375839
-0.0368751
-0.0357945
-0.0343545
-0.0325722
-0.0304687
-0.0280692
-0.0254028
-0.0225025
-0.0194049
-0.0161505
-0.0127835
-0.00935255
-0.00591085
-0.002518
0.00308833
0.00796555
0.012926
0.0178667
0.0227172
0.0274197
0.0319219
0.0361743
0.0401298
0.0437435
0.0469732
0.0497801
0.0521294
0.0539906
0.0553389
0.0561547
0.0564493
0.0562581
0.0555258
0.0542401
0.0524018
0.0500226
0.047123
0.0437318
0.0398851
0.0356251
0.031
0.0260624
0.0208692
0.01548
0.00995686
0.00436265
-0.00131967
-0.00714707
-0.0130476
-0.0189372
-0.0247295
-0.0303409
-0.0356929
-0.0407142
-0.0453405
-0.0495153
-0.0531893
-0.0563206
-0.0588746
-0.0608239
-0.0621482
-0.0628344
-0.0629028
-0.0623556
-0.06118
-0.059386
-0.0569932
-0.0540293
-0.0505294
-0.0465358
-0.0420974
-0.03727
-0.0321158
-0.0267045
-0.0211126
-0.0154253
-0.00973729
-0.00415642
0.00434296
0.0110514
0.0178667
0.0246459
0.0312907
0.0377216
0.0438675
0.049662
0.055042
0.059948
0.0643242
0.0681192
0.0712873
0.0737888
0.075591
0.0766686
0.0770671
0.0768917
0.0760092
0.0743814
0.0719944
0.0688529
0.0649768
0.0603996
0.0551665
0.0493336
0.0429657
0.0361357
0.0289225
0.0214102
0.0136863
0.00584064
-0.00213018
-0.0102925
-0.0185458
-0.0267743
-0.0348589
-0.0426843
-0.0501424
-0.0571346
-0.0635722
-0.0693769
-0.0744808
-0.0788258
-0.0823642
-0.0850581
-0.0868795
-0.0878104
-0.0878938
-0.0871352
-0.0855054
-0.0830149
-0.0796894
-0.075566
-0.070693
-0.0651284
-0.0589399
-0.0522049
-0.0450102
-0.037453
-0.0296414
-0.0216958
-0.0137522
-0.00596682
0.00559672
0.0140918
0.0227172
0.0312907
0.039686
0.0478013
0.0555468
0.0628393
0.0696005
0.0757567
0.0812393
0.0859855
0.0899395
0.0930531
0.0952865
0.0966097
0.0971186
0.0970231
0.0960796
0.0942101
0.0913762
0.087568
0.0827998
0.0771066
0.0705417
0.0631742
0.0550867
0.0463729
0.0371359
0.0274854
0.0175365
0.00740715
-0.00288742
-0.0134043
-0.0240124
-0.034565
-0.044913
-0.0549129
-0.0644303
-0.0733425
-0.081539
-0.0889223
-0.0954074
-0.100922
-0.105406
-0.108812
-0.111105
-0.112262
-0.112355
-0.111394
-0.10933
-0.106172
-0.101951
-0.0967127
-0.0905166
-0.0834357
-0.0755552
-0.0669724
-0.0577972
-0.0481524
-0.0381754
-0.0280199
-0.0178607
-0.00790013
0.00683094
0.0170496
0.0274197
0.0377216
0.0478013
0.0575352
0.0668147
0.0755403
0.0836193
0.0909648
0.0974964
0.103141
0.107834
0.111519
0.114152
0.115697
0.116316
0.116358
0.115438
0.113425
0.110246
0.105868
0.100297
0.0935663
0.0857363
0.0768899
0.0671284
0.0565681
0.0453373
0.0335732
0.0214194
0.00902238
-0.00358045
-0.0164215
-0.0293384
-0.0421555
-0.0546971
-0.0667947
-0.0782913
-0.089043
-0.0989205
-0.107809
-0.115608
-0.122233
-0.127612
-0.131689
-0.134423
-0.135787
-0.135884
-0.134732
-0.132259
-0.128473
-0.123406
-0.117113
-0.109663
-0.101143
-0.0916542
-0.0813124
-0.0702485
-0.0586088
-0.0465573
-0.0342782
-0.0219813
-0.00991094
0.00802898
0.0198907
0.0319219
0.0438675
0.0555468
0.0668147
0.0775444
0.0876209
0.0969377
0.105396
0.112904
0.119381
0.124754
0.128961
0.131951
0.133688
0.13441
0.134637
0.133817
0.131752
0.128323
0.123471
0.117187
0.109501
0.100483
0.0902283
0.0788594
0.0665166
0.0533547
0.0395391
0.0252422
0.010639
-0.00420871
-0.0192974
-0.0344342
-0.0494174
-0.0640479
-0.0781359
-0.0915045
-0.103992
-0.115452
-0.125755
-0.134787
-0.142451
-0.148666
-0.153367
-0.156508
-0.158056
-0.158154
-0.156824
-0.153972
-0.149603
-0.143751
-0.136475
-0.127857
-0.117994
-0.107001
-0.095012
-0.0821763
-0.0686616
-0.0546556
-0.0403694
-0.0260435
-0.011959
0.00917522
0.0225826
0.0361743
0.049662
0.0628393
0.0755403
0.0876209
0.0989511
0.109411
0.118892
0.127293
0.134525
0.140508
0.145176
0.148476
0.150369
0.151181
0.151631
0.150975
0.148937
0.145346
0.14011
0.133202
0.124649
0.114528
0.102951
0.0900616
0.076026
0.0610263
0.0452563
0.0289171
0.0122105
-0.00477521
-0.0219936
-0.0392239
-0.0562412
-0.0728262
-0.088771
-0.103882
-0.117982
-0.130909
-0.142522
-0.152693
-0.161315
-0.168298
-0.173571
-0.177079
-0.178789
-0.178881
-0.17739
-0.174195
-0.169295
-0.162727
-0.154554
-0.144866
-0.13377
-0.121396
-0.107891
-0.0934221
-0.0781752
-0.0623589
-0.0462073
-0.0299872
-0.0140099
0.0102548
0.0250944
0.0401298
0.055042
0.0696005
0.0836193
0.0969377
0.109411
0.12091
0.131312
0.140511
0.14841
0.154926
0.15999
0.163545
0.165553
0.166435
0.167133
0.166693
0.164751
0.161078
0.155541
0.148097
0.138768
0.127639
0.11484
0.100538
0.0849237
0.0682082
0.0506131
0.0323668
0.0136962
-0.00528244
-0.0244769
-0.0436417
-0.0625321
-0.0809118
-0.0985576
-0.115262
-0.130833
-0.145098
-0.157901
-0.169107
-0.178598
-0.186275
-0.192059
-0.195894
-0.19774
-0.197822
-0.196186
-0.192686
-0.187315
-0.180109
-0.171136
-0.160489
-0.148287
-0.134669
-0.119797
-0.103851
-0.0870342
-0.0695724
-0.0517189
-0.0337614
-0.0160351
0.0112535
0.0273963
0.0437435
0.059948
0.0757567
0.0909648
0.105396
0.118892
0.131312
0.142527
0.152421
0.160894
0.167859
0.173245
0.176997
0.179076
0.180005
0.180965
0.180779
0.178989
0.175302
0.169544
0.161651
0.151642
0.13961
0.125705
0.110115
0.0930603
0.0747771
0.0555147
0.0355274
0.0150637
-0.00573042
-0.0267171
-0.0476301
-0.0682082
-0.0882012
-0.107373
-0.125504
-0.14239
-0.157849
-0.171715
-0.183841
-0.194102
-0.202391
-0.208624
-0.212738
-0.214693
-0.214758
-0.212996
-0.209235
-0.203459
-0.195701
-0.186032
-0.17455
-0.16138
-0.146672
-0.130597
-0.113348
-0.0951408
-0.0762163
-0.0568428
-0.037324
-0.0180122
0.0121581
0.0294604
0.0469732
0.0643242
0.0812393
0.0974964
0.112904
0.127293
0.140511
0.152421
0.162903
0.171851
0.179177
0.18481
0.188696
0.190799
0.19175
0.192973
0.193066
0.191472
0.18783
0.181925
0.173669
0.163081
0.150262
0.13538
0.118648
0.100311
0.0806316
0.0598846
0.0383481
0.0162891
-0.00611623
-0.0286863
-0.0511385
-0.0731987
-0.0946053
-0.115112
-0.134488
-0.152522
-0.16902
-0.183808
-0.196731
-0.207656
-0.216469
-0.223082
-0.227426
-0.229458
-0.2295
-0.227632
-0.223655
-0.217544
-0.209329
-0.199079
-0.186897
-0.172911
-0.157279
-0.140179
-0.121815
-0.102413
-0.0822241
-0.0615284
-0.0406408
-0.019924
0.012956
0.0312609
0.0497801
0.0681192
0.0859855
0.103141
0.119381
0.134525
0.14841
0.160894
0.171851
0.181173
0.188771
0.194573
0.19853
0.20061
0.201555
0.203033
0.203416
0.202049
0.198502
0.192518
0.183988
0.172927
0.159446
0.14373
0.126017
0.106574
0.0856906
0.0636631
0.0407911
0.017356
-0.00643433
-0.030359
-0.0541233
-0.0774434
-0.100049
-0.121685
-0.142114
-0.161116
-0.178488
-0.194049
-0.207638
-0.219114
-0.228359
-0.235277
-0.239797
-0.241873
-0.241881
-0.239927
-0.235782
-0.229412
-0.220841
-0.210135
-0.197397
-0.182759
-0.166381
-0.148448
-0.129171
-0.108782
-0.0875413
-0.0657351
-0.043685
-0.0217583
0.0136361
0.0327745
0.0521294
0.0712873
0.0899395
0.107834
0.124754
0.140508
0.154926
0.167859
0.179177
0.188771
0.196549
0.202445
0.206411
0.208421
0.209334
0.211049
0.211721
0.210599
0.207188
0.201189
0.192472
0.181048
0.167038
0.150645
0.132125
0.111771
0.0898921
0.0668057
0.0428293
0.018255
-0.00667746
-0.0317123
-0.0565473
-0.080892
-0.10447
-0.12702
-0.148298
-0.168078
-0.186151
-0.20233
-0.216447
-0.228355
-0.237932
-0.245078
-0.249716
-0.251797
-0.25176
-0.249737
-0.245474
-0.238924
-0.230104
-0.219075
-0.205936
-0.190819
-0.173886
-0.155325
-0.135348
-0.114193
-0.0921241
-0.0694306
-0.046436
-0.0235071
0.0141886
0.0339811
0.0539906
0.0737888
0.0930531
0.111519
0.128961
0.145176
0.15999
0.173245
0.18481
0.194573
0.202445
0.20836
0.212275
0.214171
0.215028
0.216953
0.217901
0.217033
0.21379
0.207834
0.199017
0.187345
0.172947
0.156041
0.136902
0.115843
0.0931908
0.0692807
0.0444447
0.0189813
-0.00683748
-0.0327266
-0.0583802
-0.0835042
-0.107818
-0.131058
-0.152974
-0.173335
-0.19193
-0.208564
-0.223065
-0.235283
-0.245089
-0.25238
-0.257074
-0.259116
-0.259016
-0.256941
-0.25261
-0.245962
-0.237004
-0.225791
-0.212415
-0.197004
-0.179717
-0.160742
-0.14029
-0.118601
-0.0959376
-0.0725896
-0.0488783
-0.0251649
0.0146051
0.0348636
0.0553389
0.075591
0.0952865
0.114152
0.131951
0.148476
0.163545
0.176997
0.188696
0.19853
0.206411
0.212275
0.216084
0.217826
0.218608
0.220708
0.221911
0.221292
0.21824
0.212382
0.20355
0.191746
0.177105
0.159859
0.140298
0.118749
0.0955565
0.0710679
0.0456195
0.0195259
-0.00691076
-0.0333882
-0.0595998
-0.0852503
-0.110058
-0.133756
-0.156092
-0.176834
-0.195764
-0.212687
-0.227425
-0.239825
-0.249754
-0.257103
-0.261786
-0.263741
-0.263555
-0.261438
-0.257083
-0.25042
-0.24144
-0.230187
-0.216744
-0.201233
-0.183804
-0.16464
-0.143949
-0.121967
-0.0989518
-0.0751904
-0.0509978
-0.0267262
0.0148791
0.0354091
0.0561547
0.0766686
0.0966097
0.115697
0.133688
0.150369
0.165553
0.179076
0.190799
0.20061
0.208421
0.214171
0.217826
0.219381
0.220071
0.22231
0.223734
0.223353
0.220507
0.214793
0.206027
0.194207
0.179473
0.162064
0.142281
0.120466
0.0969702
0.0721425
0.0463325
0.0198807
-0.00689558
-0.0336884
-0.0601917
-0.0861111
-0.111165
-0.135086
-0.157622
-0.178538
-0.197617
-0.214659
-0.229485
-0.241937
-0.251879
-0.259196
-0.263796
-0.265606
-0.265299
-0.263142
-0.258804
-0.252202
-0.243314
-0.232169
-0.218838
-0.203427
-0.186077
-0.16696
-0.146275
-0.124249
-0.101134
-0.0772076
-0.0527763
-0.0281798
0.015004
0.0356117
0.0564493
0.0770671
0.0971186
0.116316
0.13441
0.151181
0.166435
0.180005
0.19175
0.201555
0.209334
0.215028
0.218608
0.220071
0.220752
0.223084
0.224625
0.224345
0.221566
0.215875
0.20709
0.195214
0.180394
0.162879
0.142981
0.121045
0.0974306
0.0724961
0.0465925
0.0200605
-0.00677818
-0.0336137
-0.0601426
-0.0860727
-0.111125
-0.135034
-0.157548
-0.178433
-0.19747
-0.214461
-0.229223
-0.241597
-0.251441
-0.258634
-0.263072
-0.264668
-0.264191
-0.261979
-0.257685
-0.251211
-0.242522
-0.231631
-0.21859
-0.203486
-0.186444
-0.167618
-0.147194
-0.125385
-0.10243
-0.078596
-0.0541763
-0.0294961
0.0149727
0.0354707
0.0562581
0.0768917
0.0970231
0.116358
0.134637
0.151631
0.167133
0.180965
0.192973
0.203033
0.211049
0.216953
0.220708
0.22231
0.223084
0.225272
0.226523
0.22586
0.222657
0.216549
0.207391
0.195208
0.180162
0.162503
0.142537
0.120602
0.0970468
0.0722198
0.0464623
0.0201062
-0.00653185
-0.0331466
-0.0594408
-0.0851423
-0.109984
-0.133698
-0.156031
-0.17675
-0.195637
-0.212492
-0.227136
-0.239406
-0.249158
-0.256267
-0.260621
-0.262116
-0.261556
-0.259321
-0.25507
-0.248705
-0.240187
-0.229522
-0.216754
-0.201963
-0.185261
-0.166793
-0.146731
-0.125278
-0.102658
-0.0791254
-0.0549567
-0.0304583
0.0147878
0.0349756
0.0555258
0.0760092
0.0960796
0.115438
0.133817
0.150975
0.166693
0.180779
0.193066
0.203416
0.211721
0.217901
0.221911
0.223734
0.224625
0.226523
0.227287
0.226041
0.222246
0.215606
0.206017
0.193535
0.178326
0.160638
0.140763
0.119024
0.0957495
0.0712718
0.0459158
0.0199995
-0.00617126
-0.0323005
-0.058137
-0.0834049
-0.107827
-0.131142
-0.153102
-0.17348
-0.192062
-0.208652
-0.223074
-0.235168
-0.244789
-0.25181
-0.256114
-0.257585
-0.257015
-0.254804
-0.250634
-0.244415
-0.236109
-0.225719
-0.213283
-0.198875
-0.182599
-0.164589
-0.14501
-0.12405
-0.101927
-0.0788792
-0.0551712
-0.0310935
0.0144512
0.0341268
0.0542401
0.0743814
0.0942101
0.113425
0.131752
0.148937
0.164751
0.178989
0.191472
0.202049
0.210599
0.217033
0.221292
0.223353
0.224345
0.22586
0.226041
0.224145
0.219732
0.212578
0.202627
0.189954
0.174729
0.157188
0.137607
0.116285
0.0935306
0.0696518
0.0449548
0.01974
-0.00570104
-0.0311067
-0.0562405
-0.0808292
-0.1046
-0.127298
-0.148685
-0.168539
-0.186654
-0.202841
-0.216929
-0.228762
-0.2382
-0.245116
-0.249391
-0.250902
-0.250388
-0.248254
-0.244218
-0.238202
-0.230171
-0.220129
-0.208112
-0.194187
-0.178451
-0.161032
-0.142082
-0.12178
-0.100331
-0.077962
-0.0549229
-0.0314886
0.0139669
0.0329306
0.0524018
0.0719944
0.0913762
0.110246
0.128323
0.145346
0.161078
0.175302
0.18783
0.198502
0.207188
0.21379
0.21824
0.220507
0.221566
0.222657
0.222246
0.219732
0.214776
0.207221
0.197053
0.184361
0.169313
0.15213
0.133067
0.112398
0.0904054
0.0673747
0.0435899
0.0193317
-0.00512525
-0.0295614
-0.0537495
-0.077422
-0.100315
-0.122183
-0.142797
-0.161945
-0.179431
-0.195074
-0.20871
-0.220192
-0.229385
-0.236167
-0.240422
-0.242022
-0.241623
-0.239618
-0.235774
-0.230024
-0.222342
-0.212733
-0.201231
-0.1879
-0.17283
-0.15614
-0.137972
-0.118496
-0.097903
-0.0764059
-0.0542406
-0.031665
0.0133408
0.0313985
0.0500226
0.0688529
0.087568
0.105868
0.123471
0.14011
0.155541
0.169544
0.181925
0.192518
0.201189
0.207834
0.212382
0.214793
0.215875
0.216549
0.215606
0.212578
0.207221
0.199439
0.189247
0.176743
0.16209
0.145491
0.127176
0.107396
0.0864049
0.064465
0.041837
0.0187803
-0.00444914
-0.0276762
-0.050684
-0.0732127
-0.0950092
-0.11584
-0.135489
-0.153754
-0.17045
-0.185409
-0.198475
-0.209511
-0.218393
-0.225004
-0.229233
-0.230955
-0.23072
-0.228894
-0.225299
-0.219884
-0.212628
-0.203541
-0.192656
-0.180033
-0.165758
-0.149939
-0.13271
-0.114228
-0.0946705
-0.0742362
-0.0531446
-0.0316362
0.0125805
0.0295469
0.047123
0.0649768
0.0827998
0.100297
0.117187
0.133202
0.148097
0.161651
0.173669
0.183988
0.192472
0.199017
0.20355
0.206027
0.20709
0.207391
0.206017
0.202627
0.197053
0.189247
0.179246
0.167153
0.153119
0.13733
0.119993
0.10133
0.0815721
0.0609548
0.0397158
0.0180924
-0.00367989
-0.0254705
-0.0470756
-0.0682446
-0.0887376
-0.108335
-0.126833
-0.144045
-0.159799
-0.173937
-0.186317
-0.196814
-0.205312
-0.211707
-0.215896
-0.217759
-0.217723
-0.21612
-0.212829
-0.207814
-0.201063
-0.192588
-0.182423
-0.170625
-0.157273
-0.142467
-0.126331
-0.109008
-0.090662
-0.0714754
-0.0516507
-0.0314091
0.0116956
0.0273963
0.0437318
0.0603996
0.0771066
0.0935663
0.109501
0.124649
0.138768
0.151642
0.163081
0.172927
0.181048
0.187345
0.191746
0.194207
0.195214
0.195208
0.193535
0.189954
0.184361
0.176743
0.167153
0.155692
0.142498
0.127738
0.111596
0.0942675
0.0759596
0.0568823
0.0372493
0.0172749
-0.00282693
-0.0229695
-0.0429644
-0.0625722
-0.0815683
-0.0997484
-0.116924
-0.132924
-0.147589
-0.160778
-0.172361
-0.182225
-0.190268
-0.196397
-0.20052
-0.202527
-0.202714
-0.20137
-0.198433
-0.19388
-0.187709
-0.179935
-0.170591
-0.159732
-0.147428
-0.133774
-0.118879
-0.102874
-0.0859082
-0.0681462
-0.0497717
-0.0309859
0.0106972
0.0249715
0.0398851
0.0551665
0.0705417
0.0857363
0.100483
0.114528
0.127639
0.13961
0.150262
0.159446
0.167038
0.172947
0.177105
0.179473
0.180394
0.180162
0.178326
0.174729
0.169313
0.16209
0.153119
0.142498
0.130351
0.116824
0.102078
0.0862859
0.0696284
0.0522909
0.0344627
0.0163347
-0.00190216
-0.0202035
-0.0383983
-0.0562608
-0.073583
-0.0901775
-0.105873
-0.120514
-0.133957
-0.146076
-0.156757
-0.165899
-0.173415
-0.179225
-0.183249
-0.185389
-0.185808
-0.184752
-0.182212
-0.178179
-0.172659
-0.165669
-0.157242
-0.147429
-0.136294
-0.123921
-0.110408
-0.0958722
-0.0804443
-0.0642722
-0.0475193
-0.0303651
0.00959766
0.0223005
0.0356251
0.0493336
0.0631742
0.0768899
0.0902283
0.102951
0.11484
0.125705
0.13538
0.14373
0.150645
0.156041
0.159859
0.162064
0.162879
0.162503
0.160638
0.157188
0.15213
0.145491
0.13733
0.127738
0.116824
0.104714
0.0915472
0.0774728
0.0626462
0.0472283
0.0313836
0.0152785
-0.00092027
-0.0172083
-0.0334333
-0.0493857
-0.0648758
-0.0797341
-0.0938073
-0.106957
-0.119057
-0.129997
-0.139679
-0.148016
-0.154936
-0.160371
-0.164256
-0.166507
-0.167155
-0.166405
-0.164297
-0.160835
-0.156028
-0.149899
-0.142478
-0.133811
-0.123955
-0.112984
-0.100984
-0.0880544
-0.0743105
-0.0598801
-0.0449055
-0.0295434
0.00841086
0.0194143
0.031
0.0429657
0.0550867
0.0671284
0.0788594
0.0900616
0.100538
0.110115
0.118648
0.126017
0.132125
0.136902
0.140298
0.142281
0.142981
0.142537
0.140763
0.137607
0.133067
0.127176
0.119993
0.111596
0.102078
0.0915472
0.0801207
0.0679233
0.0550865
0.0417459
0.0280408
0.0141119
0.00010095
-0.0140251
-0.0281334
-0.042033
-0.0555535
-0.0685445
-0.0808717
-0.0924145
-0.103066
-0.11273
-0.121326
-0.128781
-0.135038
-0.140042
-0.143743
-0.146071
-0.146932
-0.146498
-0.144849
-0.141997
-0.13796
-0.132758
-0.126422
-0.11899
-0.110514
-0.101053
-0.0906813
-0.0794826
-0.0675528
-0.0549996
-0.041943
-0.0285159
0.0071515
0.0163465
0.0260624
0.0361357
0.0463729
0.0565681
0.0665166
0.076026
0.0849237
0.0930603
0.100311
0.106574
0.111771
0.115843
0.118749
0.120466
0.121045
0.120602
0.119024
0.116285
0.112398
0.107396
0.10133
0.0942675
0.0862859
0.0774728
0.0679233
0.0577393
0.0470274
0.0358979
0.0244638
0.0128397
0.00114
-0.0107016
-0.0225718
-0.0343001
-0.0457366
-0.056751
-0.0672285
-0.0770674
-0.0861784
-0.0944837
-0.101917
-0.108422
-0.113953
-0.118471
-0.121938
-0.124299
-0.125344
-0.125227
-0.124053
-0.121845
-0.118621
-0.114403
-0.109218
-0.103099
-0.0960866
-0.0882302
-0.079588
-0.070227
-0.0602237
-0.0496646
-0.0386465
-0.0272775
0.00583515
0.0131327
0.0208692
0.0289225
0.0371359
0.0453373
0.0533547
0.0610263
0.0682082
0.0747771
0.0806316
0.0856906
0.0898921
0.0931908
0.0955565
0.0969702
0.0974306
0.0970468
0.0957495
0.0935306
0.0904054
0.0864049
0.0815721
0.0759596
0.0696284
0.0626462
0.0550865
0.0470274
0.0385506
0.0297404
0.0206828
0.0114643
0.00217087
-0.00729294
-0.0168318
-0.0262974
-0.0355611
-0.0445134
-0.0530593
-0.0611165
-0.0686138
-0.0754906
-0.081696
-0.087189
-0.0919372
-0.0959142
-0.0990938
-0.101435
-0.102623
-0.102813
-0.102123
-0.100578
-0.0982007
-0.0950108
-0.0910305
-0.0862858
-0.0808075
-0.0746321
-0.067802
-0.0603667
-0.0523825
-0.0439138
-0.0350335
-0.0258241
0.00447802
0.00981016
0.01548
0.0214102
0.0274854
0.0335732
0.0395391
0.0452563
0.0506131
0.0555147
0.0598846
0.0636631
0.0668057
0.0692807
0.0710679
0.0721425
0.0724961
0.0722198
0.0712718
0.0696518
0.0673747
0.064465
0.0609548
0.0568823
0.0522909
0.0472283
0.0417459
0.0358979
0.0297404
0.0233309
0.0167271
0.0099858
0.00316183
-0.00386338
-0.0110094
-0.0181513
-0.025182
-0.0320129
-0.0385692
-0.044788
-0.0506161
-0.0560097
-0.060934
-0.0653617
-0.0692734
-0.0726543
-0.0754896
-0.0777503
-0.0790271
-0.0795043
-0.0792934
-0.0784222
-0.0769115
-0.0747792
-0.0720418
-0.0687172
-0.0648251
-0.0603883
-0.0554333
-0.0499906
-0.0440962
-0.0377916
-0.031125
-0.0241532
0.00309681
0.00641714
0.00995686
0.0136863
0.0175365
0.0214194
0.0252422
0.0289171
0.0323668
0.0355274
0.0383481
0.0407911
0.0428293
0.0444447
0.0456195
0.0463325
0.0465925
0.0464623
0.0459158
0.0449548
0.0435899
0.041837
0.0397158
0.0372493
0.0344627
0.0313836
0.0280408
0.0244638
0.0206828
0.0167271
0.0126244
0.00839976
0.00407346
-0.000489457
-0.00521766
-0.0100094
-0.0147792
-0.0194591
-0.0239943
-0.0283406
-0.032463
-0.0363344
-0.0399348
-0.0432511
-0.0462757
-0.0490048
-0.0514338
-0.0535337
-0.0548431
-0.055577
-0.0558298
-0.0556278
-0.0549898
-0.053929
-0.0524557
-0.0505783
-0.0483049
-0.0456437
-0.0426044
-0.0391986
-0.0354408
-0.0313494
-0.0269479
-0.0222666
0.00170858
0.00299235
0.00436265
0.00584064
0.00740715
0.00902238
0.010639
0.0122105
0.0136962
0.0150637
0.0162891
0.017356
0.018255
0.0189813
0.0195259
0.0198807
0.0200605
0.0201062
0.0199995
0.01974
0.0193317
0.0187803
0.0180924
0.0172749
0.0163347
0.0152785
0.0141119
0.0128397
0.0114643
0.0099858
0.00839976
0.00669604
0.00485551
0.00273494
0.000406288
-0.00205015
-0.00456935
-0.00710304
-0.00961547
-0.0120808
-0.0144814
-0.0168062
-0.0190505
-0.0212143
-0.0233018
-0.0253197
-0.0272727
-0.0290919
-0.03038
-0.0313302
-0.0320189
-0.0324685
-0.0326935
-0.0327015
-0.032495
-0.0320723
-0.0314286
-0.0305575
-0.0294512
-0.0281018
-0.0265022
-0.0246474
-0.0225359
-0.0201715
0.000290012
-0.000488599
-0.00131967
-0.00213018
-0.00288742
-0.00358045
-0.00420871
-0.00477521
-0.00528244
-0.00573042
-0.00611623
-0.00643433
-0.00667746
-0.00683748
-0.00691076
-0.00689558
-0.00677818
-0.00653185
-0.00617126
-0.00570104
-0.00512525
-0.00444914
-0.00367989
-0.00282693
-0.00190216
-0.00092027
0.00010095
0.00114
0.00217087
0.00316183
0.00407346
0.00485551
0.00544119
0.00568875
0.00568699
0.00549926
0.00517274
0.00473819
0.00421407
0.00360917
0.00292463
0.00215549
0.00129187
0.000320073
-0.00076987
-0.00198772
-0.00335469
-0.00479365
-0.00599438
-0.00710539
-0.00818596
-0.00925221
-0.0103123
-0.0113667
-0.0124087
-0.0134258
-0.0143999
-0.0153089
-0.0161273
-0.0168274
-0.0173805
-0.017758
-0.0179335
-0.0178844
-0.00114389
-0.00405406
-0.00714707
-0.0102925
-0.0134043
-0.0164215
-0.0192974
-0.0219936
-0.0244769
-0.0267171
-0.0286863
-0.030359
-0.0317123
-0.0327266
-0.0333882
-0.0336884
-0.0336137
-0.0331466
-0.0323005
-0.0311067
-0.0295614
-0.0276762
-0.0254705
-0.0229695
-0.0202035
-0.0172083
-0.0140251
-0.0107016
-0.00729294
-0.00386338
-0.000489457
0.00273494
0.00568875
0.00823739
0.0104967
0.0125161
0.0143264
0.0159428
0.0173684
0.0185968
0.0196144
0.0204017
0.0209351
0.0211879
0.0211413
0.020779
0.02007
0.0190634
0.0180088
0.0167919
0.0153682
0.0137291
0.0118738
0.00981024
0.00755482
0.00513207
0.00257366
-8.23761e-05
-0.0027927
-0.00550977
-0.00818318
-0.0107612
-0.0131927
-0.0154288
-0.00256765
-0.00765709
-0.0130476
-0.0185458
-0.0240124
-0.0293384
-0.0344342
-0.0392239
-0.0436417
-0.0476301
-0.0511385
-0.0541233
-0.0565473
-0.0583802
-0.0595998
-0.0601917
-0.0601426
-0.0594408
-0.058137
-0.0562405
-0.0537495
-0.050684
-0.0470756
-0.0429644
-0.0383983
-0.0334333
-0.0281334
-0.0225718
-0.0168318
-0.0110094
-0.00521766
0.000406288
0.00568699
0.0104967
0.0149793
0.0191708
0.023085
0.026721
0.0300667
0.033101
0.0357962
0.0381193
0.0400339
0.0415018
0.0424911
0.0429736
0.0429128
0.0423373
0.0414489
0.0401551
0.0384215
0.036271
0.0337283
0.030767
0.0274035
0.023669
0.0196058
0.0152653
0.0107076
0.00599938
0.00121333
-0.0035736
-0.00828156
-0.0128294
-0.00395981
-0.0112456
-0.0189372
-0.0267743
-0.034565
-0.0421555
-0.0494174
-0.0562412
-0.0625321
-0.0682082
-0.0731987
-0.0774434
-0.080892
-0.0835042
-0.0852503
-0.0861111
-0.0860727
-0.0851423
-0.0834049
-0.0808292
-0.077422
-0.0732127
-0.0682446
-0.0625722
-0.0562608
-0.0493857
-0.042033
-0.0343001
-0.0262974
-0.0181513
-0.0100094
-0.00205015
0.00549926
0.0125161
0.0191708
0.0254859
0.0314571
0.037067
0.042288
0.0470843
0.051414
0.0552312
0.0584873
0.0611328
0.0631243
0.0644233
0.0649872
0.0648286
0.0641113
0.0627575
0.0608276
0.0583385
0.0552525
0.0515375
0.0472058
0.0422897
0.0368371
0.0309097
0.0245812
0.0179354
0.0110655
0.00407182
-0.00293944
-0.00985816
-0.00530238
-0.0147676
-0.0247295
-0.0348589
-0.044913
-0.0546971
-0.0640479
-0.0728262
-0.0809118
-0.0882012
-0.0946053
-0.100049
-0.10447
-0.107818
-0.110058
-0.111165
-0.111125
-0.109984
-0.107827
-0.1046
-0.100315
-0.0950092
-0.0887376
-0.0815683
-0.073583
-0.0648758
-0.0555535
-0.0457366
-0.0355611
-0.025182
-0.0147792
-0.00456935
0.00517274
0.0143264
0.023085
0.0314571
0.0394197
0.0469386
0.0539706
0.0604654
0.0663679
0.0716194
0.0761601
0.07993
0.0828758
0.0849499
0.086104
0.0863381
0.0857857
0.0843796
0.0824234
0.0797447
0.076266
0.0719456
0.0667873
0.0608211
0.0540984
0.0466893
0.0386799
0.030171
0.0212755
0.0121165
0.00282556
-0.00645979
-0.00658023
-0.0181734
-0.0303409
-0.0426843
-0.0549129
-0.0667947
-0.0781359
-0.088771
-0.0985576
-0.107373
-0.115112
-0.121685
-0.12702
-0.131058
-0.133756
-0.135086
-0.135034
-0.133698
-0.131142
-0.127298
-0.122183
-0.11584
-0.108335
-0.0997484
-0.0901775
-0.0797341
-0.0685445
-0.056751
-0.0445134
-0.0320129
-0.0194591
-0.00710304
0.00473819
0.0159428
0.026721
0.037067
0.0469386
0.0562845
0.065046
0.0731591
0.0805557
0.0871657
0.0929187
0.0977458
0.101585
0.104381
0.106081
0.106674
0.106271
0.104877
0.102991
0.100239
0.0964986
0.0917053
0.0858484
0.0789521
0.0710692
0.0622772
0.0526756
0.042382
0.0315299
0.0202658
0.00874622
-0.00286427
-0.00778056
-0.0214171
-0.0356929
-0.0501424
-0.0644303
-0.0782913
-0.0915045
-0.103882
-0.115262
-0.125504
-0.134488
-0.142114
-0.148298
-0.152974
-0.156092
-0.157622
-0.157548
-0.156031
-0.153102
-0.148685
-0.142797
-0.135489
-0.126833
-0.116924
-0.105873
-0.0938073
-0.0808717
-0.0672285
-0.0530593
-0.0385692
-0.0239943
-0.00961547
0.00421407
0.0173684
0.0300667
0.042288
0.0539706
0.065046
0.0754406
0.0850768
0.0938745
0.101753
0.108633
0.114438
0.119098
0.122552
0.124744
0.125657
0.12538
0.124054
0.12231
0.119582
0.115692
0.110542
0.104101
0.0963827
0.0874408
0.0773607
0.0662558
0.0542623
0.0415357
0.0282462
0.0145763
0.000716817
-0.00889243
-0.024457
-0.0407142
-0.0571346
-0.0733425
-0.089043
-0.103992
-0.117982
-0.130833
-0.14239
-0.152522
-0.161116
-0.168078
-0.173335
-0.176834
-0.178538
-0.178433
-0.17675
-0.17348
-0.168539
-0.161945
-0.153754
-0.144045
-0.132924
-0.120514
-0.106957
-0.0924145
-0.0770674
-0.0611165
-0.044788
-0.0283406
-0.0120808
0.00360917
0.0185968
0.033101
0.0470843
0.0604654
0.0731591
0.0850768
0.0961279
0.106221
0.115267
0.123178
0.12987
0.13527
0.139311
0.141934
0.143119
0.142939
0.141716
0.14017
0.137549
0.133605
0.128201
0.121277
0.112836
0.102932
0.091659
0.0791451
0.0655473
0.0510444
0.0358319
0.0201179
0.00411923
-0.0099064
-0.0272558
-0.0453405
-0.0635722
-0.081539
-0.0989205
-0.115452
-0.130909
-0.145098
-0.157849
-0.16902
-0.178488
-0.186151
-0.19193
-0.195764
-0.197617
-0.19747
-0.195637
-0.192062
-0.186654
-0.179431
-0.17045
-0.159799
-0.147589
-0.133957
-0.119057
-0.103066
-0.0861784
-0.0686138
-0.0506161
-0.032463
-0.0144814
0.00292463
0.0196144
0.0357962
0.051414
0.0663679
0.0805557
0.0938745
0.106221
0.117495
0.127597
0.136434
0.143916
0.149966
0.154515
0.157504
0.158908
0.158792
0.157686
0.156382
0.153935
0.15002
0.14445
0.137136
0.128069
0.117299
0.104932
0.0911127
0.0760211
0.0598601
0.0428509
0.0252275
0.00723182
-0.0108143
-0.0297806
-0.0495153
-0.0693769
-0.0889223
-0.107809
-0.125755
-0.142522
-0.157901
-0.171715
-0.183808
-0.194049
-0.20233
-0.208564
-0.212687
-0.214659
-0.214461
-0.212492
-0.208652
-0.202841
-0.195074
-0.185409
-0.173937
-0.160778
-0.146076
-0.129997
-0.11273
-0.0944837
-0.0754906
-0.0560097
-0.0363344
-0.0168062
0.00215549
0.0204017
0.0381193
0.0552312
0.0716194
0.0871657
0.101753
0.115267
0.127597
0.138637
0.148288
0.156456
0.163063
0.168038
0.171322
0.172891
0.172802
0.171815
0.170781
0.16856
0.164743
0.159086
0.15147
0.141868
0.130332
0.116979
0.101973
0.0855162
0.0678368
0.0491822
0.0298116
0.00999099
-0.0116089
-0.0320028
-0.0531893
-0.0744808
-0.0954074
-0.115608
-0.134787
-0.152693
-0.169107
-0.183841
-0.196731
-0.207638
-0.216447
-0.223065
-0.227425
-0.229485
-0.229223
-0.227136
-0.223074
-0.216929
-0.20871
-0.198475
-0.186317
-0.172361
-0.156757
-0.139679
-0.121326
-0.101917
-0.081696
-0.060934
-0.0399348
-0.0190505
0.00129187
0.0209351
0.0400339
0.0584873
0.0761601
0.0929187
0.108633
0.123178
0.136434
0.148288
0.158636
0.167384
0.17445
0.179766
0.183275
0.184952
0.184852
0.183975
0.183228
0.181272
0.177607
0.171935
0.164098
0.154056
0.141862
0.127643
0.111583
0.0939081
0.074872
0.0547475
0.0338175
0.0123705
-0.0122841
-0.033898
-0.0563206
-0.0788258
-0.100922
-0.122233
-0.142451
-0.161315
-0.178598
-0.194102
-0.207656
-0.219114
-0.228355
-0.235283
-0.239825
-0.241937
-0.241597
-0.239406
-0.235168
-0.228762
-0.220192
-0.209511
-0.196814
-0.182225
-0.165899
-0.148016
-0.128781
-0.108422
-0.087189
-0.0653617
-0.0432511
-0.0212143
0.000320073
0.0211879
0.0415018
0.0611328
0.07993
0.0977458
0.114438
0.12987
0.143916
0.156456
0.167384
0.176603
0.184032
0.189603
0.193264
0.194994
0.194846
0.194063
0.193608
0.191942
0.188476
0.18285
0.174874
0.16449
0.151752
0.136799
0.119835
0.101108
0.0808983
0.0595012
0.0372224
0.0143701
-0.0128349
-0.0354458
-0.0588746
-0.0823642
-0.105406
-0.127612
-0.148666
-0.168298
-0.186275
-0.202391
-0.216469
-0.228359
-0.237932
-0.245089
-0.249754
-0.251879
-0.251441
-0.249158
-0.244789
-0.2382
-0.229385
-0.218393
-0.205312
-0.190268
-0.173415
-0.154936
-0.135038
-0.113953
-0.0919372
-0.0692734
-0.0462757
-0.0233018
-0.00076987
0.0211413
0.0424911
0.0631243
0.0828758
0.101585
0.119098
0.13527
0.149966
0.163063
0.17445
0.184032
0.191726
0.19747
0.201215
0.202944
0.20271
0.202002
0.201833
0.200471
0.197239
0.191718
0.183681
0.173056
0.159897
0.144355
0.126651
0.107057
0.0858747
0.0634218
0.0400236
0.0160059
-0.0132572
-0.0366302
-0.0608239
-0.0850581
-0.108812
-0.131689
-0.153367
-0.173571
-0.192059
-0.208624
-0.223082
-0.235277
-0.245078
-0.25238
-0.257103
-0.259196
-0.258634
-0.256267
-0.25181
-0.245116
-0.236167
-0.225004
-0.211707
-0.196397
-0.179225
-0.160371
-0.140042
-0.118471
-0.0959142
-0.0726543
-0.0490048
-0.0253197
-0.00198772
0.020779
0.0429736
0.0644233
0.0849499
0.104381
0.122552
0.139311
0.154515
0.168038
0.179766
0.189603
0.19747
0.203307
0.207069
0.208747
0.208397
0.207741
0.207842
0.206789
0.203817
0.198451
0.190432
0.179671
0.166221
0.150245
0.13198
0.111718
0.0897804
0.0665041
0.0422313
0.0173023
-0.0135479
-0.0374394
-0.0621482
-0.0868795
-0.111105
-0.134423
-0.156508
-0.177079
-0.195894
-0.212738
-0.227426
-0.239797
-0.249716
-0.257074
-0.261786
-0.263796
-0.263072
-0.260621
-0.256114
-0.249391
-0.240422
-0.229233
-0.215896
-0.20052
-0.183249
-0.164256
-0.143743
-0.121938
-0.0990938
-0.0754896
-0.0514338
-0.0272727
-0.00335469
0.02007
0.0429128
0.0649872
0.086104
0.106081
0.124744
0.141934
0.157504
0.171322
0.183275
0.193264
0.201215
0.207069
0.21079
0.212373
0.211879
0.211252
0.211602
0.210853
0.208159
0.202995
0.195068
0.184277
0.170674
0.154428
0.135792
0.115073
0.0926092
0.068754
0.0438627
0.0182871
-0.0137052
-0.0378656
-0.0628344
-0.0878104
-0.112262
-0.135787
-0.158056
-0.178789
-0.19774
-0.214693
-0.229458
-0.241873
-0.251797
-0.259116
-0.263741
-0.265606
-0.264668
-0.262116
-0.257585
-0.250902
-0.242022
-0.230955
-0.217759
-0.202527
-0.185389
-0.166507
-0.146071
-0.124299
-0.101435
-0.0777503
-0.0535337
-0.0290919
-0.00479365
0.0190634
0.0423373
0.0648286
0.0863381
0.106674
0.125657
0.143119
0.158908
0.172891
0.184952
0.194994
0.202944
0.208747
0.212373
0.213823
0.213164
0.212546
0.213117
0.212657
0.21025
0.205327
0.197566
0.186852
0.173234
0.156888
0.138076
0.117119
0.0943672
0.0701855
0.0449392
0.0189879
-0.0137285
-0.0379135
-0.0629028
-0.0878938
-0.112355
-0.135884
-0.158154
-0.178881
-0.197822
-0.214758
-0.2295
-0.241881
-0.25176
-0.259016
-0.263555
-0.265299
-0.264191
-0.261556
-0.257015
-0.250388
-0.241623
-0.23072
-0.217723
-0.202714
-0.185808
-0.167155
-0.146932
-0.125344
-0.102623
-0.0790271
-0.0548431
-0.03038
-0.00599438
0.0180088
0.0414489
0.0641113
0.0857857
0.106271
0.12538
0.142939
0.158792
0.172802
0.184852
0.194846
0.20271
0.208397
0.211879
0.213164
0.212327
0.211696
0.212452
0.212257
0.210136
0.205481
0.197949
0.187412
0.173916
0.157638
0.138848
0.117874
0.0950743
0.0708215
0.0454864
0.0194328
-0.0136181
-0.0375839
-0.0623556
-0.0871352
-0.111394
-0.134732
-0.156824
-0.17739
-0.196186
-0.212996
-0.227632
-0.239927
-0.249737
-0.256941
-0.261438
-0.263142
-0.261979
-0.259321
-0.254804
-0.248254
-0.239618
-0.228894
-0.21612
-0.20137
-0.184752
-0.166405
-0.146498
-0.125227
-0.102813
-0.0795043
-0.055577
-0.0313302
-0.00710539
0.0167919
0.0401551
0.0627575
0.0843796
0.104877
0.124054
0.141716
0.157686
0.171815
0.183975
0.194063
0.202002
0.207741
0.211252
0.212546
0.211696
0.211104
0.211919
0.211772
0.209676
0.205028
0.197495
0.186959
0.173476
0.157231
0.138497
0.117603
0.0949077
0.0707795
0.0455856
0.0196845
-0.0133757
-0.0368751
-0.06118
-0.0855054
-0.10933
-0.132259
-0.153972
-0.174195
-0.192686
-0.209235
-0.223655
-0.235782
-0.245474
-0.25261
-0.257083
-0.258804
-0.257685
-0.25507
-0.250634
-0.244218
-0.235774
-0.225299
-0.212829
-0.198433
-0.182212
-0.164297
-0.144849
-0.124053
-0.102123
-0.0792934
-0.0558298
-0.0320189
-0.00818596
0.0153682
0.0384215
0.0608276
0.0824234
0.102991
0.12231
0.14017
0.156382
0.170781
0.183228
0.193608
0.201833
0.207842
0.211602
0.213117
0.212452
0.211919
0.212555
0.212094
0.209612
0.204567
0.196676
0.185859
0.172195
0.155879
0.137183
0.116427
0.0939576
0.0701273
0.0452878
0.0197828
-0.0130043
-0.0357945
-0.059386
-0.0830149
-0.106172
-0.128473
-0.149603
-0.169295
-0.187315
-0.203459
-0.217544
-0.229412
-0.238924
-0.245962
-0.25042
-0.252202
-0.251211
-0.248705
-0.244415
-0.238202
-0.230024
-0.219884
-0.207814
-0.19388
-0.178179
-0.160835
-0.141997
-0.121845
-0.100578
-0.0784222
-0.0556278
-0.0324685
-0.00925221
0.0137291
0.036271
0.0583385
0.0797447
0.100239
0.119582
0.137549
0.153935
0.16856
0.181272
0.191942
0.200471
0.206789
0.210853
0.212657
0.212257
0.211772
0.212094
0.211159
0.208145
0.202593
0.194285
0.183184
0.169389
0.153101
0.134585
0.114145
0.0921073
0.0688028
0.044562
0.0197088
-0.0125078
-0.0343545
-0.0569932
-0.0796894
-0.101951
-0.123406
-0.143751
-0.162727
-0.180109
-0.195701
-0.209329
-0.220841
-0.230104
-0.237004
-0.24144
-0.243314
-0.242522
-0.240187
-0.236109
-0.230171
-0.222342
-0.212628
-0.201063
-0.187709
-0.172659
-0.156028
-0.13796
-0.118621
-0.0982007
-0.0769115
-0.0549898
-0.0326935
-0.0103123
0.0118738
0.0337283
0.0552525
0.076266
0.0964986
0.115692
0.133605
0.15002
0.164743
0.177607
0.188476
0.197239
0.203817
0.208159
0.21025
0.210136
0.209676
0.209612
0.208145
0.204577
0.198541
0.189884
0.178608
0.164829
0.148746
0.13061
0.110705
0.0893316
0.066797
0.0434066
0.0194612
-0.0118917
-0.0325722
-0.0540293
-0.075566
-0.0967127
-0.117113
-0.136475
-0.154554
-0.171136
-0.186032
-0.199079
-0.210135
-0.219075
-0.225791
-0.230187
-0.232169
-0.231631
-0.229522
-0.225719
-0.220129
-0.212733
-0.203541
-0.192588
-0.179935
-0.165669
-0.149899
-0.132758
-0.114403
-0.0950108
-0.0747792
-0.053929
-0.0327015
-0.0113667
0.00981024
0.030767
0.0515375
0.0719456
0.0917053
0.110542
0.128201
0.14445
0.159086
0.171935
0.18285
0.191718
0.198451
0.202995
0.205327
0.205481
0.205028
0.204567
0.202593
0.198541
0.192134
0.183278
0.172004
0.15844
0.142777
0.125248
0.106113
0.0856469
0.064128
0.0418361
0.0190476
-0.0111625
-0.0304687
-0.0505294
-0.070693
-0.0905166
-0.109663
-0.127857
-0.144866
-0.160489
-0.17455
-0.186897
-0.197397
-0.205936
-0.212415
-0.216744
-0.218838
-0.21859
-0.216754
-0.213283
-0.208112
-0.201231
-0.192656
-0.182423
-0.170591
-0.157242
-0.142478
-0.126422
-0.109218
-0.0910305
-0.0720418
-0.0524557
-0.032495
-0.0124087
0.00755482
0.0274035
0.0472058
0.0667873
0.0858484
0.104101
0.121277
0.137136
0.15147
0.164098
0.174874
0.183681
0.190432
0.195068
0.197566
0.197949
0.197495
0.196676
0.194285
0.189884
0.183278
0.174419
0.163363
0.150239
0.135227
0.118541
0.100414
0.0810925
0.060828
0.0398731
0.0184786
-0.0103278
-0.0280692
-0.0465358
-0.0651284
-0.0834357
-0.101143
-0.117994
-0.13377
-0.148287
-0.16138
-0.172911
-0.182759
-0.190819
-0.197004
-0.201233
-0.203427
-0.203486
-0.201963
-0.198875
-0.194187
-0.1879
-0.180033
-0.170625
-0.159732
-0.147429
-0.133811
-0.11899
-0.103099
-0.0862858
-0.0687172
-0.0505783
-0.0320723
-0.0134258
0.00513207
0.023669
0.0422897
0.0608211
0.0789521
0.0963827
0.112836
0.128069
0.141868
0.154056
0.16449
0.173056
0.179671
0.184277
0.186852
0.187412
0.186959
0.185859
0.183184
0.178608
0.172004
0.163363
0.152753
0.140302
0.126175
0.110562
0.0936715
0.0757227
0.0569384
0.0375443
0.0177656
-0.00939644
-0.0254028
-0.0420974
-0.0589399
-0.0755552
-0.0916542
-0.107001
-0.121396
-0.134669
-0.146672
-0.157279
-0.166381
-0.173886
-0.179717
-0.183804
-0.186077
-0.186444
-0.185261
-0.182599
-0.178451
-0.17283
-0.165758
-0.157273
-0.147428
-0.136294
-0.123955
-0.110514
-0.0960866
-0.0808075
-0.0648251
-0.0483049
-0.0314286
-0.0143999
0.00257366
0.0196058
0.0368371
0.0540984
0.0710692
0.0874408
0.102932
0.117299
0.130332
0.141862
0.151752
0.159897
0.166221
0.170674
0.173234
0.173916
0.173476
0.172195
0.169389
0.164829
0.15844
0.150239
0.140302
0.128749
0.115727
0.101405
0.0859669
0.0696021
0.0525068
0.0348796
0.0169196
-0.00837806
-0.0225025
-0.03727
-0.0522049
-0.0669724
-0.0813124
-0.095012
-0.107891
-0.119797
-0.130597
-0.140179
-0.148448
-0.155325
-0.160742
-0.16464
-0.16696
-0.167618
-0.166793
-0.164589
-0.161032
-0.15614
-0.149939
-0.142467
-0.133774
-0.123921
-0.112984
-0.101053
-0.0882302
-0.0746321
-0.0603883
-0.0456437
-0.0305575
-0.0153089
-8.23761e-05
0.0152653
0.0309097
0.0466893
0.0622772
0.0773607
0.091659
0.104932
0.116979
0.127643
0.136799
0.144355
0.150245
0.154428
0.156888
0.157638
0.157231
0.155879
0.153101
0.148746
0.142777
0.135227
0.126175
0.115727
0.104015
0.0911843
0.0773924
0.0628031
0.0475853
0.0319104
0.015951
-0.00728341
-0.0194049
-0.0321158
-0.0450102
-0.0577972
-0.0702485
-0.0821763
-0.0934221
-0.103851
-0.113348
-0.121815
-0.129171
-0.135348
-0.14029
-0.143949
-0.146275
-0.147194
-0.146731
-0.14501
-0.142082
-0.137972
-0.13271
-0.126331
-0.118879
-0.110408
-0.100984
-0.0906813
-0.079588
-0.067802
-0.0554333
-0.0426044
-0.0294512
-0.0161273
-0.0027927
0.0107076
0.0245812
0.0386799
0.0526756
0.0662558
0.0791451
0.0911127
0.101973
0.111583
0.119835
0.126651
0.13198
0.135792
0.138076
0.138848
0.138497
0.137183
0.134585
0.13061
0.125248
0.118541
0.110562
0.101405
0.0911843
0.0800214
0.0680488
0.0554041
0.0422295
0.0286693
0.014869
-0.00612408
-0.0161505
-0.0267045
-0.037453
-0.0481524
-0.0586088
-0.0686616
-0.0781752
-0.0870342
-0.0951408
-0.102413
-0.108782
-0.114193
-0.118601
-0.121967
-0.124249
-0.125385
-0.125278
-0.12405
-0.12178
-0.118496
-0.114228
-0.109008
-0.102874
-0.0958722
-0.0880544
-0.0794826
-0.070227
-0.0603667
-0.0499906
-0.0391986
-0.0281018
-0.0168274
-0.00550977
0.00599938
0.0179354
0.030171
0.042382
0.0542623
0.0655473
0.0760211
0.0855162
0.0939081
0.101108
0.107057
0.111718
0.115073
0.117119
0.117874
0.117603
0.116427
0.114145
0.110705
0.106113
0.100414
0.0936715
0.0859669
0.0773924
0.0680488
0.0580432
0.0474878
0.0364974
0.0251893
0.0136811
-0.00491254
-0.0127835
-0.0211126
-0.0296414
-0.0381754
-0.0465573
-0.0546556
-0.0623589
-0.0695724
-0.0762163
-0.0822241
-0.0875413
-0.0921241
-0.0959376
-0.0989518
-0.101134
-0.10243
-0.102658
-0.101927
-0.100331
-0.097903
-0.0946705
-0.090662
-0.0859082
-0.0804443
-0.0743105
-0.0675528
-0.0602237
-0.0523825
-0.0440962
-0.0354408
-0.0265022
-0.0173805
-0.00818318
0.00121333
0.0110655
0.0212755
0.0315299
0.0415357
0.0510444
0.0598601
0.0678368
0.074872
0.0808983
0.0858747
0.0897804
0.0926092
0.0943672
0.0950743
0.0949077
0.0939576
0.0921073
0.0893316
0.0856469
0.0810925
0.0757227
0.0696021
0.0628031
0.0554041
0.0474878
0.03914
0.0304488
0.0215033
0.0123924
-0.00366209
-0.00935255
-0.0154253
-0.0216958
-0.0280199
-0.0342782
-0.0403694
-0.0462073
-0.0517189
-0.0568428
-0.0615284
-0.0657351
-0.0694306
-0.0725896
-0.0751904
-0.0772076
-0.078596
-0.0791254
-0.0788792
-0.077962
-0.0764059
-0.0742362
-0.0714754
-0.0681462
-0.0642722
-0.0598801
-0.0549996
-0.0496646
-0.0439138
-0.0377916
-0.0313494
-0.0246474
-0.017758
-0.0107612
-0.0035736
0.00407182
0.0121165
0.0202658
0.0282462
0.0358319
0.0428509
0.0491822
0.0547475
0.0595012
0.0634218
0.0665041
0.068754
0.0701855
0.0708215
0.0707795
0.0701273
0.0688028
0.066797
0.064128
0.060828
0.0569384
0.0525068
0.0475853
0.0422295
0.0364974
0.0304488
0.024144
0.0176431
0.0110047
-0.00238692
-0.00591085
-0.00973729
-0.0137522
-0.0178607
-0.0219813
-0.0260435
-0.0299872
-0.0337614
-0.037324
-0.0406408
-0.043685
-0.046436
-0.0488783
-0.0509978
-0.0527763
-0.0541763
-0.0549567
-0.0551712
-0.0549229
-0.0542406
-0.0531446
-0.0516507
-0.0497717
-0.0475193
-0.0449055
-0.041943
-0.0386465
-0.0350335
-0.031125
-0.0269479
-0.0225359
-0.0179335
-0.0131927
-0.00828156
-0.00293944
0.00282556
0.00874622
0.0145763
0.0201179
0.0252275
0.0298116
0.0338175
0.0372224
0.0400236
0.0422313
0.0438627
0.0449392
0.0454864
0.0455856
0.0452878
0.044562
0.0434066
0.0418361
0.0398731
0.0375443
0.0348796
0.0319104
0.0286693
0.0251893
0.0215033
0.0176431
0.0136384
0.00951486
-0.00110228
-0.002518
-0.00415642
-0.00596682
-0.00790013
-0.00991094
-0.011959
-0.0140099
-0.0160351
-0.0180122
-0.019924
-0.0217583
-0.0235071
-0.0251649
-0.0267262
-0.0281798
-0.0294961
-0.0304583
-0.0310935
-0.0314886
-0.031665
-0.0316362
-0.0314091
-0.0309859
-0.0303651
-0.0295434
-0.0285159
-0.0272775
-0.0258241
-0.0241532
-0.0222666
-0.0201715
-0.0178844
-0.0154288
-0.0128294
-0.00985816
-0.00645979
-0.00286427
0.000716817
0.00411923
0.00723182
0.00999099
0.0123705
0.0143701
0.0160059
0.0173023
0.0182871
0.0189879
0.0194328
0.0196845
0.0197828
0.0197088
0.0194612
0.0190476
0.0184786
0.0177656
0.0169196
0.015951
0.014869
0.0136811
0.0123924
0.0110047
0.00951486
0.00791234
