0.539297
0.487421
0.424451
0.359348
0.295747
0.234649
0.176165
0.120286
0.0670845
0.0166995
-0.0307423
-0.0751894
-0.116696
-0.155414
-0.19157
-0.225429
-0.257268
-0.287355
-0.315938
-0.343242
-0.369464
-0.394778
-0.419335
-0.443261
-0.466665
-0.489579
-0.511668
-0.532757
-0.55311
-0.573057
-0.592914
-0.613001
-0.633675
-0.655373
-0.678658
-0.704249
-0.732992
-0.765693
-0.802723
-0.843235
-0.883979
-0.917853
-0.932844
-0.912598
-0.839962
-0.704064
-0.508288
-0.273808
-0.0345027
0.176244
0.336613
0.441719
0.495463
0.50957
0.502477
0.484103
0.458812
0.428118
0.387148
0.334067
0.269546
0.194057
0.108752
0.00807705
0.493969
0.39969
0.311406
0.235317
0.170403
0.113192
0.060461
0.0101402
-0.0387389
-0.0863909
-0.132639
-0.177193
-0.219821
-0.260419
-0.299023
-0.335773
-0.370879
-0.404585
-0.437146
-0.468804
-0.499787
-0.53029
-0.560474
-0.590463
-0.620325
-0.649872
-0.678006
-0.704566
-0.730165
-0.755363
-0.780625
-0.80635
-0.83292
-0.860748
-0.890319
-0.922193
-0.956937
-0.994883
-1.03563
-1.07721
-1.11489
-1.14002
-1.13965
-1.09804
-1.00078
-0.841236
-0.626201
-0.377474
-0.127404
0.0918309
0.257223
0.36233
0.4213
0.449092
0.462259
0.469763
0.473959
0.473428
0.457629
0.421931
0.364212
0.28154
0.170675
0.0201653
0.399778
0.249768
0.12762
0.0360971
-0.0311295
-0.0827127
-0.125879
-0.165337
-0.203572
-0.241549
-0.279376
-0.316799
-0.353508
-0.389293
-0.424093
-0.457982
-0.491132
-0.52377
-0.556146
-0.58851
-0.621087
-0.654062
-0.687554
-0.721619
-0.756197
-0.790417
-0.822553
-0.852974
-0.882588
-0.912149
-0.942254
-0.973379
-1.00593
-1.0403
-1.07688
-1.11603
-1.15794
-1.2023
-1.24772
-1.29087
-1.3255
-1.34174
-1.32644
-1.26528
-1.14666
-0.966876
-0.734427
-0.471135
-0.208165
0.0225752
0.196838
0.309012
0.372059
0.406492
0.430268
0.452497
0.474665
0.4926
0.4914
0.464055
0.405316
0.308599
0.166599
-0.0380632
0.272218
0.058326
-0.101582
-0.209506
-0.277947
-0.321286
-0.3512
-0.375432
-0.398324
-0.421864
-0.446653
-0.472619
-0.499472
-0.526948
-0.554912
-0.583371
-0.612439
-0.642299
-0.67316
-0.705222
-0.738658
-0.773568
-0.809939
-0.847659
-0.886337
-0.923837
-0.958803
-0.992153
-1.02497
-1.05814
-1.09236
-1.12816
-1.16599
-1.20618
-1.249
-1.29454
-1.34246
-1.39165
-1.43959
-1.48158
-1.51017
-1.5149
-1.48313
-1.40213
-1.26231
-1.06192
-0.811098
-0.532567
-0.2588
-0.021318
0.15888
0.277237
0.344602
0.383475
0.41289
0.442478
0.47431
0.500097
0.503942
0.476209
0.40864
0.291068
0.113119
-0.148355
0.126707
-0.153914
-0.351643
-0.474799
-0.542806
-0.575967
-0.590477
-0.59725
-0.602647
-0.609816
-0.619933
-0.633141
-0.649173
-0.667702
-0.6885
-0.711481
-0.736675
-0.76418
-0.794108
-0.826548
-0.861553
-0.899055
-0.938788
-0.980344
-1.02253
-1.06215
-1.09899
-1.13429
-1.16923
-1.20475
-1.24164
-1.28047
-1.32169
-1.36557
-1.41218
-1.46121
-1.51172
-1.5617
-1.60759
-1.64367
-1.66184
-1.65157
-1.60074
-1.49749
-1.33358
-1.10948
-0.838501
-0.54664
-0.267428
-0.0292095
0.15113
0.270211
0.339738
0.381059
0.412654
0.443985
0.478024
0.503033
0.502984
0.466947
0.383455
0.239618
0.0220329
-0.296835
-0.0228102
-0.368183
-0.600867
-0.737125
-0.803768
-0.826713
-0.826241
-0.816182
-0.804854
-0.796572
-0.793092
-0.794766
-0.801324
-0.812348
-0.827495
-0.846564
-0.869471
-0.896186
-0.926667
-0.960818
-0.998518
-1.03943
-1.0829
-1.12801
-1.17199
-1.21218
-1.24942
-1.28496
-1.32001
-1.3556
-1.39258
-1.43161
-1.47312
-1.5173
-1.56395
-1.6123
-1.6608
-1.70665
-1.74556
-1.77118
-1.77496
-1.74607
-1.67204
-1.54143
-1.34801
-1.0954
-0.802206
-0.498484
-0.215276
0.017547
0.188481
0.301237
0.367735
0.407786
0.437181
0.465395
0.494481
0.510372
0.499302
0.448893
0.343881
0.168423
-0.0913665
-0.466879
-0.165628
-0.570125
-0.833058
-0.980085
-1.04549
-1.0601
-1.04743
-1.02364
-0.998717
-0.978067
-0.964014
-0.957107
-0.957055
-0.963315
-0.975397
-0.992947
-1.01572
-1.0435
-1.07602
-1.11292
-1.15387
-1.1982
-1.24464
-1.2914
-1.33429
-1.37254
-1.40736
-1.44005
-1.4719
-1.50409
-1.53761
-1.57323
-1.61142
-1.65222
-1.69516
-1.73904
-1.78173
-1.81984
-1.84849
-1.86057
-1.84657
-1.79454
-1.69122
-1.52552
-1.29254
-1.00029
-0.675942
-0.360182
-0.085826
0.126859
0.276579
0.372256
0.428506
0.461704
0.483083
0.502993
0.518986
0.521044
0.496058
0.426951
0.295602
0.0848055
-0.217673
-0.645848
-0.294859
-0.750669
-1.03831
-1.19385
-1.25877
-1.26787
-1.24693
-1.21373
-1.17953
-1.15067
-1.13004
-1.11837
-1.11531
-1.12013
-1.13212
-1.15067
-1.1753
-1.20552
-1.24075
-1.28029
-1.32364
-1.36968
-1.41634
-1.46029
-1.4981
-1.53055
-1.55897
-1.58483
-1.60966
-1.63488
-1.66175
-1.69119
-1.72362
-1.75897
-1.79641
-1.83424
-1.86982
-1.89907
-1.91599
-1.91242
-1.87696
-1.79535
-1.65183
-1.43156
-1.14109
-0.806243
-0.462261
-0.155255
0.0880991
0.264012
0.380649
0.452416
0.49485
0.516529
0.526882
0.536234
0.536049
0.52448
0.48342
0.39267
0.230963
-0.015514
-0.356957
-0.831563
-0.406991
-0.905455
-1.21216
-1.37405
-1.43915
-1.44532
-1.41974
-1.38116
-1.34177
-1.30869
-1.28532
-1.27256
-1.26994
-1.27641
-1.29086
-1.31232
-1.33991
-1.37277
-1.40992
-1.45033
-1.49334
-1.53738
-1.57944
-1.61496
-1.64325
-1.66566
-1.68388
-1.69972
-1.71512
-1.73183
-1.75132
-1.77452
-1.80173
-1.83254
-1.86554
-1.89847
-1.92776
-1.94847
-1.95304
-1.93037
-1.86468
-1.73594
-1.53153
-1.24835
-0.904441
-0.53793
-0.198276
0.0733919
0.269261
0.398578
0.47806
0.526977
0.553186
0.560642
0.560541
0.554199
0.540262
0.515453
0.456761
0.340412
0.147719
-0.131371
-0.506586
-1.02082
-0.500968
-1.03354
-1.35404
-1.52013
-1.58556
-1.59033
-1.56241
-1.52108
-1.47921
-1.44462
-1.42115
-1.40983
-1.40995
-1.42
-1.43831
-1.46333
-1.49366
-1.52795
-1.5648
-1.60281
-1.64139
-1.67853
-1.71016
-1.73306
-1.74869
-1.75886
-1.76571
-1.77156
-1.77862
-1.78884
-1.80362
-1.82371
-1.84903
-1.87826
-1.90954
-1.93979
-1.9642
-1.97503
-1.96093
-1.90506
-1.79325
-1.60509
-1.33232
-0.984353
-0.593383
-0.216554
0.0914667
0.309494
0.446681
0.524275
0.569517
0.59625
0.603097
0.596651
0.58383
0.559439
0.535284
0.496323
0.416096
0.272553
0.0502421
-0.257345
-0.661866
-1.20721
-0.577235
-1.13603
-1.4656
-1.63372
-1.69896
-1.70275
-1.67331
-1.63022
-1.58691
-1.55179
-1.52915
-1.52009
-1.52361
-1.53764
-1.55978
-1.58776
-1.61955
-1.65326
-1.68704
-1.71919
-1.74944
-1.7757
-1.79341
-1.8028
-1.80601
-1.80538
-1.80347
-1.80286
-1.80588
-1.81425
-1.82888
-1.8501
-1.87727
-1.90827
-1.94021
-1.96691
-1.98101
-1.97061
-1.92598
-1.8275
-1.65664
-1.39744
-1.04976
-0.636158
-0.214736
0.143066
0.396779
0.544493
0.613625
0.643707
0.657964
0.657095
0.643762
0.623487
0.590177
0.556378
0.522281
0.466214
0.362443
0.19177
-0.0574419
-0.388629
-0.817239
-1.38551
-0.637001
-1.21494
-1.54946
-1.71741
-1.7814
-1.78377
-1.7527
-1.70784
-1.66303
-1.62724
-1.60517
-1.59801
-1.60447
-1.62188
-1.64707
-1.67698
-1.70884
-1.74019
-1.76879
-1.79269
-1.81244
-1.82628
-1.83096
-1.82936
-1.82381
-1.81687
-1.81113
-1.80903
-1.8129
-1.82403
-1.84267
-1.86854
-1.89911
-1.93033
-1.95588
-1.97013
-1.96506
-1.92637
-1.84061
-1.68616
-1.44411
-1.1033
-0.673837
-0.207322
0.21409
0.524998
0.701047
0.765434
0.772419
0.760451
0.737361
0.708483
0.677531
0.634408
0.586905
0.547047
0.501263
0.425495
0.297116
0.100615
-0.171632
-0.521219
-0.969099
-1.54823
-0.681748
-1.27254
-1.60839
-1.77397
-1.83527
-1.83537
-1.80226
-1.75548
-1.70911
-1.67253
-1.65082
-1.64527
-1.65435
-1.67479
-1.70262
-1.73391
-1.76516
-1.79334
-1.81583
-1.83049
-1.84018
-1.84266
-1.8381
-1.82991
-1.82052
-1.81239
-1.80773
-1.80867
-1.8171
-1.83291
-1.85469
-1.88042
-1.90644
-1.93042
-1.94444
-1.9402
-1.90794
-1.83222
-1.69461
-1.47183
-1.14583
-0.712739
-0.21073
0.277805
0.666642
0.899224
0.980323
0.969358
0.923445
0.863897
0.804444
0.752023
0.692369
0.629207
0.578115
0.531848
0.471068
0.373603
0.220744
0.00104767
-0.289692
-0.653668
-1.11544
-1.69065
-0.712971
-1.311
-1.64496
-1.80604
-1.8631
-1.85994
-1.82447
-1.77602
-1.7287
-1.69212
-1.67163
-1.66856
-1.68108
-1.70525
-1.7362
-1.7691
-1.79972
-1.82472
-1.84089
-1.84703
-1.8495
-1.84489
-1.83573
-1.82536
-1.81629
-1.81038
-1.80722
-1.80919
-1.81514
-1.82709
-1.84502
-1.86617
-1.88526
-1.89795
-1.89583
-1.86883
-1.80403
-1.68211
-1.48054
-1.17572
-0.753358
-0.233999
0.310601
0.784866
1.10017
1.23008
1.22565
1.15321
1.05167
0.948562
0.85962
0.770292
0.686032
0.619287
0.565184
0.508717
0.43004
0.310049
0.134218
-0.105195
-0.410144
-0.785041
-1.25367
-1.80648
-0.732062
-1.33226
-1.66154
-1.81621
-1.8676
-1.86034
-1.82245
-1.77314
-1.72642
-1.69193
-1.675
-1.67678
-1.69487
-1.72445
-1.75962
-1.79464
-1.82492
-1.84676
-1.85604
-1.85564
-1.85191
-1.84382
-1.83148
-1.81092
-1.79007
-1.7715
-1.75852
-1.75364
-1.75758
-1.76963
-1.78815
-1.80879
-1.8247
-1.82864
-1.80997
-1.75598
-1.65004
-1.46965
-1.19046
-0.790898
-0.274931
0.303732
0.853235
1.26317
1.47039
1.50569
1.43218
1.29895
1.14962
1.01301
0.879229
0.762649
0.673825
0.606152
0.546112
0.475723
0.377357
0.235516
0.0395543
-0.215296
-0.529665
-0.91096
-1.37954
-1.89704
-0.740252
-1.33803
-1.6603
-1.80714
-1.8519
-1.84012
-1.80024
-1.75158
-1.70806
-1.67907
-1.66944
-1.67945
-1.7055
-1.74135
-1.77966
-1.81367
-1.83822
-1.84642
-1.8351
-1.80458
-1.77488
-1.74216
-1.71095
-1.68436
-1.66388
-1.65088
-1.64665
-1.65235
-1.6674
-1.68928
-1.7141
-1.73567
-1.74567
-1.73478
-1.69103
-1.59935
-1.43962
-1.18753
-0.818853
-0.323791
0.263774
0.865337
1.36396
1.6641
1.76754
1.72439
1.58412
1.40051
1.21611
1.02904
0.869182
0.748382
0.659489
0.589123
0.518438
0.431388
0.31301
0.151294
-0.061131
-0.326791
-0.646344
-1.03002
-1.48697
-1.95973
-0.738386
-1.32909
-1.6419
-1.7793
-1.81588
-1.79771
-1.75327
-1.70179
-1.65696
-1.62799
-1.61934
-1.63071
-1.65773
-1.69336
-1.72945
-1.75917
-1.77634
-1.77354
-1.7512
-1.71411
-1.67872
-1.64364
-1.61144
-1.58547
-1.56744
-1.55857
-1.55944
-1.57021
-1.5892
-1.61263
-1.63504
-1.64866
-1.64367
-1.609
-1.53075
-1.39043
-1.16558
-0.831428
-0.369229
0.20525
0.83084
1.39886
1.79277
1.9822
1.99589
1.87605
1.68154
1.46109
1.22276
1.01338
0.851258
0.731786
0.643101
0.564533
0.479814
0.374962
0.237637
0.0589381
-0.165858
-0.438309
-0.761567
-1.14081
-1.57149
-1.99344
-0.726932
-1.30592
-1.60695
-1.73373
-1.76154
-1.73682
-1.68815
-1.63475
-1.5903
-1.56383
-1.55948
-1.57625
-1.6087
-1.64844
-1.68614
-1.71451
-1.72464
-1.71139
-1.67416
-1.62958
-1.58829
-1.54939
-1.51524
-1.48886
-1.47184
-1.46505
-1.46844
-1.4811
-1.50022
-1.52081
-1.53576
-1.53571
-1.50951
-1.44417
-1.32257
-1.124
-0.82505
-0.401943
0.143356
0.766749
1.37794
1.85409
2.13543
2.2253
2.14946
1.96812
1.7325
1.45498
1.19692
0.988282
0.830226
0.714088
0.619378
0.528891
0.428525
0.306204
0.152195
-0.0398612
-0.273139
-0.549013
-0.872655
-1.23992
-1.62871
-1.99674
-0.706258
-1.2694
-1.5569
-1.67245
-1.69168
-1.66139
-1.61036
-1.55771
-1.51686
-1.49631
-1.49939
-1.52397
-1.56316
-1.60688
-1.64505
-1.66917
-1.66768
-1.64071
-1.58762
-1.53484
-1.48689
-1.44337
-1.40661
-1.37924
-1.36254
-1.35695
-1.36164
-1.37461
-1.39182
-1.40677
-1.41062
-1.39267
-1.34002
-1.23657
-1.0632
-0.798188
-0.416183
0.0901452
0.69082
1.31807
1.85614
2.22314
2.39837
2.38791
2.24104
2.01301
1.71548
1.41594
1.16073
0.95989
0.808072
0.68823
0.583588
0.479421
0.363394
0.225415
0.0580886
-0.143201
-0.380853
-0.656704
-0.976414
-1.3228
-1.65971
-1.97116
-0.676393
-1.21941
-1.49147
-1.59507
-1.60574
-1.57062
-1.51867
-1.46885
-1.43403
-1.42186
-1.43438
-1.46787
-1.51353
-1.55952
-1.5952
-1.60899
-1.59227
-1.54664
-1.48086
-1.41997
-1.36517
-1.31701
-1.27782
-1.24984
-1.23396
-1.22991
-1.23597
-1.24889
-1.263
-1.27006
-1.2598
-1.21957
-1.13363
-0.984186
-0.751065
-0.409418
0.0532727
0.617747
1.23726
1.81227
2.24857
2.50811
2.57904
2.48639
2.28553
1.98916
1.66052
1.36463
1.12121
0.92866
0.775524
0.64788
0.531468
0.413504
0.283391
0.132902
-0.043693
-0.250042
-0.488637
-0.763694
-1.07137
-1.38457
-1.66368
-1.91857
-0.637525
-1.15603
-1.41074
-1.50177
-1.50404
-1.46488
-1.41337
-1.36818
-1.34136
-1.33928
-1.36224
-1.40434
-1.45453
-1.49966
-1.52827
-1.52625
-1.49129
-1.42493
-1.34899
-1.2811
-1.22074
-1.16941
-1.12944
-1.1026
-1.08914
-1.08791
-1.09606
-1.1086
-1.11797
-1.11446
-1.08563
-1.01605
-0.888875
-0.685174
-0.381611
0.0364573
0.557326
1.1507
1.73771
2.22093
2.5529
2.71207
2.6913
2.53143
2.26139
1.91708
1.5909
1.3091
1.07481
0.883099
0.724413
0.587061
0.458901
0.328907
0.187992
0.0292674
-0.152189
-0.360047
-0.597276
-0.868641
-1.15228
-1.41754
-1.6385
-1.84049
-0.590172
-1.07975
-1.31531
-1.39344
-1.38782
-1.34573
-1.2962
-1.25738
-1.24019
-1.24924
-1.28256
-1.33168
-1.38321
-1.42367
-1.4388
-1.4175
-1.36342
-1.28034
-1.19785
-1.12462
-1.06097
-1.00898
-0.970755
-0.94733
-0.938076
-0.940681
-0.950573
-0.96081
-0.96229
-0.942907
-0.887562
-0.780293
-0.603072
-0.334392
0.040233
0.514882
1.06952
1.64577
2.15146
2.54013
2.7788
2.83802
2.73421
2.50858
2.17048
1.82648
1.51312
1.2401
1.00829
0.813196
0.647197
0.500758
0.363495
0.225611
0.0788922
-0.0829756
-0.264885
-0.470835
-0.704585
-0.965672
-1.21547
-1.42386
-1.58687
-1.74096
-0.535369
-0.991669
-1.20648
-1.27179
-1.25936
-1.21596
-1.17032
-1.13975
-1.13362
-1.15429
-1.19701
-1.2505
-1.29977
-1.33069
-1.32788
-1.28656
-1.21332
-1.12136
-1.03601
-0.960926
-0.897539
-0.84815
-0.814296
-0.796083
-0.791774
-0.797341
-0.806322
-0.81021
-0.797355
-0.75312
-0.662505
-0.508274
-0.270486
0.063659
0.492109
1.00191
1.54959
2.05844
2.4821
2.78253
2.91828
2.8856
2.71109
2.40302
2.05349
1.71836
1.41321
1.1436
0.910406
0.710874
0.539495
0.388187
0.247308
0.107368
-0.0397083
-0.200349
-0.379786
-0.582299
-0.81203
-1.04847
-1.2516
-1.40102
-1.51022
-1.62347
-0.474914
-0.89382
-1.08655
-1.13966
-1.12213
-1.07973
-1.0404
-1.02021
-1.02651
-1.0589
-1.10948
-1.16434
-1.20793
-1.22513
-1.20209
-1.14314
-1.05469
-0.961044
-0.876065
-0.802565
-0.742646
-0.698285
-0.670192
-0.657381
-0.656471
-0.661598
-0.664799
-0.654968
-0.618099
-0.540201
-0.404873
-0.193623
0.104117
0.488436
0.951481
1.4612
1.9556
2.39436
2.73809
2.94057
2.98025
2.86682
2.60061
2.25865
1.91087
1.58086
1.27835
1.00857
0.774318
0.574532
0.4044
0.255649
0.118149
-0.0179417
-0.160845
-0.317238
-0.492472
-0.690781
-0.910748
-1.11017
-1.25751
-1.34988
-1.41208
-1.49219
-0.411643
-0.789494
-0.959258
-1.00132
-0.981132
-0.942693
-0.912627
-0.905207
-0.925189
-0.968936
-1.02533
-1.07861
-1.11268
-1.11233
-1.07053
-0.998316
-0.901815
-0.81015
-0.728163
-0.658748
-0.60407
-0.565461
-0.542662
-0.53311
-0.531665
-0.530991
-0.520611
-0.487256
-0.417891
-0.29704
-0.107789
0.158121
0.502047
0.919803
1.38701
1.85627
2.29166
2.66001
2.91362
3.01931
2.96771
2.7531
2.4287
2.07759
1.72922
1.39931
1.0975
0.830962
0.603431
0.413248
0.25402
0.115863
-0.0123489
-0.140738
-0.277495
-0.429236
-0.600788
-0.795644
-0.990221
-1.14119
-1.23146
-1.27245
-1.29649
-1.35105
-0.349644
-0.683552
-0.830059
-0.862878
-0.843091
-0.812147
-0.794627
-0.802313
-0.836798
-0.890759
-0.950167
-0.9983
-1.01969
-0.999469
-0.943365
-0.856256
-0.76112
-0.673411
-0.596173
-0.532105
-0.482985
-0.44932
-0.429414
-0.41902
-0.411579
-0.3974
-0.364005
-0.299136
-0.18838
-0.0165737
0.222474
0.530813
0.907299
1.33137
1.76857
2.18914
2.56348
2.85089
3.00873
3.01156
2.85188
2.55267
2.20514
1.84488
1.49327
1.16559
0.872914
0.622117
0.414633
0.245637
0.105871
-0.0162788
-0.132403
-0.252207
-0.383266
-0.531387
-0.70099
-0.886066
-1.0415
-1.13782
-1.17468
-1.17299
-1.16851
-1.20387
-0.294247
-0.582449
-0.706227
-0.732277
-0.716502
-0.696906
-0.695137
-0.719715
-0.768369
-0.830076
-0.88894
-0.927061
-0.930605
-0.892885
-0.821562
-0.727419
-0.635865
-0.552805
-0.480616
-0.421558
-0.376764
-0.345403
-0.324204
-0.307598
-0.286835
-0.250267
-0.186236
-0.0814996
0.0772273
0.294951
0.573737
0.914231
1.29837
1.6994
2.09854
2.46698
2.76626
2.95858
3.00637
2.89173
2.62067
2.28174
1.91542
1.54905
1.20305
0.892365
0.626019
0.406893
0.231735
0.0918209
-0.0245346
-0.129697
-0.23468
-0.348008
-0.476052
-0.623369
-0.791206
-0.948539
-1.05484
-1.0989
-1.09035
-1.05681
-1.0332
-1.05401
-0.25164
-0.493807
-0.59638
-0.618809
-0.611042
-0.606619
-0.623229
-0.665233
-0.725853
-0.791148
-0.843261
-0.86706
-0.849932
-0.795556
-0.708203
-0.613611
-0.526036
-0.447189
-0.379122
-0.323467
-0.280104
-0.246773
-0.219083
-0.189347
-0.146773
-0.0803168
0.022065
0.172059
0.374254
0.630564
0.940928
1.28988
1.65625
2.02871
2.38213
2.676
2.88064
2.95621
2.87113
2.62464
2.29773
1.93193
1.55909
1.20403
0.884493
0.611172
0.387726
0.211466
0.074505
-0.0347047
-0.128867
-0.219816
-0.317087
-0.427434
-0.555448
-0.704659
-0.8594
-0.975546
-1.03119
-1.02873
-0.985284
-0.931071
-0.896192
-0.904875
-0.22807
-0.425496
-0.509461
-0.532016
-0.536369
-0.55047
-0.586924
-0.644811
-0.713219
-0.775792
-0.814561
-0.818295
-0.784411
-0.701014
-0.606349
-0.514364
-0.42991
-0.353943
-0.288033
-0.232555
-0.186194
-0.145853
-0.10497
-0.0536394
0.0182668
0.121709
0.267452
0.460182
0.700946
0.987927
1.30761
1.64398
1.98862
2.3185
2.59432
2.79194
2.87498
2.79533
2.5659
2.25214
1.89365
1.52344
1.16882
0.849415
0.57687
0.355498
0.183081
0.0521912
-0.04811
-0.130509
-0.207317
-0.288886
-0.382759
-0.493554
-0.62452
-0.771132
-0.894478
-0.963172
-0.973239
-0.934017
-0.867886
-0.803484
-0.763173
-0.759963
-0.228799
-0.384424
-0.453401
-0.480209
-0.500498
-0.53545
-0.591195
-0.661076
-0.731245
-0.782639
-0.803588
-0.790314
-0.712723
-0.619454
-0.521751
-0.430863
-0.347154
-0.271152
-0.203264
-0.142981
-0.0883937
-0.0340779
0.028923
0.109338
0.217322
0.363621
0.552789
0.784414
1.055
1.35317
1.66603
1.98429
2.28498
2.53424
2.7107
2.78203
2.68488
2.4605
2.15812
1.81106
1.45085
1.10452
0.792215
0.526151
0.311125
0.14554
0.0226419
-0.0679119
-0.138296
-0.200913
-0.266749
-0.344232
-0.438723
-0.552671
-0.686043
-0.812083
-0.892729
-0.916936
-0.889238
-0.825092
-0.74838
-0.682493
-0.640185
-0.62325
-0.257183
-0.375451
-0.433858
-0.469033
-0.5082
-0.564436
-0.636305
-0.712709
-0.77559
-0.810612
-0.81724
-0.748872
-0.654729
-0.552346
-0.453629
-0.361393
-0.275069
-0.194254
-0.119026
-0.0483472
0.0220309
0.0999122
0.192252
0.30867
0.460608
0.651703
0.880135
1.14171
1.42666
1.72354
2.01813
2.28661
2.50676
2.65469
2.69497
2.56316
2.33387
2.03832
1.70313
1.35615
1.02247
0.721217
0.464593
0.257801
0.099883
-0.0150661
-0.0965111
-0.155941
-0.205344
-0.255917
-0.316882
-0.394597
-0.492148
-0.61027
-0.73318
-0.822907
-0.86007
-0.845937
-0.790967
-0.714386
-0.637813
-0.576741
-0.533502
-0.499284
-0.314212
-0.400758
-0.453423
-0.500488
-0.559765
-0.634945
-0.717601
-0.791793
-0.841977
-0.868111
-0.811155
-0.717719
-0.612569
-0.504304
-0.401955
-0.304298
-0.209604
-0.117983
-0.0289151
0.060651
0.156983
0.26523
0.394526
0.557344
0.754889
0.985761
1.24642
1.52595
1.81255
2.08834
2.32809
2.51706
2.63629
2.60637
2.44746
2.20896
1.91598
1.59011
1.25552
0.934638
0.645023
0.398192
0.199468
0.0484486
-0.0599795
-0.134333
-0.185174
-0.223805
-0.261098
-0.306574
-0.367541
-0.448196
-0.550062
-0.665182
-0.759709
-0.807696
-0.80636
-0.762803
-0.692433
-0.615039
-0.546978
-0.494401
-0.449237
-0.392936
-0.398612
-0.459808
-0.511397
-0.572528
-0.650458
-0.739528
-0.824859
-0.891199
-0.936825
-0.899775
-0.808763
-0.702004
-0.586693
-0.473088
-0.36318
-0.253617
-0.144155
-0.034399
0.0776185
0.196165
0.324827
0.471643
0.650313
0.858856
1.09628
1.3634
1.64649
1.92506
2.18463
2.40996
2.57337
2.62981
2.5398
2.35214
2.10294
1.80828
1.48745
1.16163
0.850659
0.570422
0.331605
0.139342
-0.00646903
-0.110346
-0.180034
-0.225223
-0.256368
-0.283722
-0.316544
-0.362495
-0.426924
-0.51219
-0.615512
-0.710859
-0.767369
-0.777181
-0.744747
-0.682408
-0.608182
-0.539382
-0.485276
-0.442353
-0.392685
-0.308852
-0.507373
-0.54973
-0.603998
-0.679044
-0.771256
-0.866205
-0.9473
-1.01469
-1.00466
-0.923366
-0.817553
-0.699309
-0.576488
-0.454194
-0.329339
-0.201122
-0.0692958
0.0678352
0.211963
0.365487
0.534812
0.733424
0.956015
1.20503
1.48563
1.77396
2.05062
2.30722
2.51678
2.64071
2.62618
2.49608
2.28686
2.02513
1.72558
1.40497
1.08274
0.776834
0.501772
0.267548
0.0790763
-0.0636775
-0.164946
-0.232027
-0.274021
-0.300689
-0.321577
-0.345407
-0.379641
-0.430075
-0.500065
-0.589823
-0.682743
-0.746312
-0.766056
-0.743969
-0.689737
-0.619468
-0.551058
-0.49721
-0.459492
-0.425254
-0.367516
-0.250682
-0.636455
-0.665884
-0.724832
-0.811035
-0.910496
-1.00255
-1.08728
-1.11368
-1.04993
-0.949527
-0.832894
-0.706285
-0.574637
-0.435697
-0.289497
-0.136426
0.0264246
0.198481
0.380281
0.57597
0.797864
1.0369
1.30181
1.59847
1.89386
2.17571
2.43934
2.63345
2.6921
2.63857
2.4802
2.25363
1.98038
1.67284
1.34771
1.02323
0.716461
0.441183
0.207034
0.018866
-0.123332
-0.223777
-0.289704
-0.330027
-0.354158
-0.371136
-0.389101
-0.415037
-0.454606
-0.511757
-0.588393
-0.676717
-0.747027
-0.777303
-0.766009
-0.720344
-0.65434
-0.585726
-0.530024
-0.494308
-0.472817
-0.444787
-0.375045
-0.220303
-0.781412
-0.802498
-0.865909
-0.957815
-1.05366
-1.14415
-1.21839
-1.1718
-1.08753
-0.976897
-0.852542
-0.718055
-0.569254
-0.407808
-0.236675
-0.0498967
0.150577
0.362137
0.58595
0.832412
1.09093
1.37256
1.68577
1.98874
2.28554
2.56013
2.71231
2.74226
2.66429
2.48949
2.25162
1.96801
1.6512
1.31739
0.985052
0.671091
0.389478
0.1501
-0.0419187
-0.186477
-0.287923
-0.353775
-0.39319
-0.415651
-0.430045
-0.444161
-0.464488
-0.496282
-0.543519
-0.608552
-0.69016
-0.766649
-0.809384
-0.811071
-0.77611
-0.71604
-0.64759
-0.587953
-0.54887
-0.531746
-0.524437
-0.499305
-0.413803
-0.217262
-0.937855
-0.953332
-1.01835
-1.10613
-1.19305
-1.30525
-1.28226
-1.21594
-1.11555
-0.998522
-0.869118
-0.719284
-0.54926
-0.3662
-0.160308
0.0654146
0.303413
0.554891
0.825003
1.10478
1.40286
1.73127
2.04632
2.35996
2.64594
2.77891
2.79196
2.70518
2.52221
2.27825
1.98673
1.65968
1.31399
0.968532
0.641215
0.346924
0.0965678
-0.103974
-0.254277
-0.358852
-0.425732
-0.464691
-0.485693
-0.497852
-0.508909
-0.525087
-0.551183
-0.5909
-0.64673
-0.719825
-0.799872
-0.856871
-0.874303
-0.853449
-0.802714
-0.736841
-0.673391
-0.627366
-0.606165
-0.606086
-0.60979
-0.583993
-0.479557
-0.238651
-1.10184
-1.11226
-1.17251
-1.24719
-1.34148
-1.38348
-1.32883
-1.24483
-1.13404
-1.0143
-0.872475
-0.703841
-0.517462
-0.301219
-0.058062
0.198709
0.472886
0.764921
1.06576
1.37971
1.72267
2.05286
2.38496
2.67266
2.81603
2.836
2.75347
2.5728
2.32947
2.03353
1.69668
1.3366
0.97353
0.62701
0.313875
0.0467022
-0.167352
-0.327251
-0.43759
-0.507017
-0.546172
-0.565839
-0.575704
-0.58377
-0.596245
-0.617669
-0.651258
-0.699468
-0.763846
-0.842158
-0.912202
-0.948036
-0.944797
-0.907689
-0.848531
-0.783888
-0.730515
-0.700237
-0.696175
-0.710356
-0.721416
-0.691578
-0.565873
-0.279519
-1.2698
-1.27244
-1.31817
-1.37726
-1.46054
-1.43135
-1.35626
-1.2577
-1.14669
-1.01831
-0.86064
-0.681447
-0.466885
-0.21838
0.0467649
0.335144
0.644936
0.96545
1.2939
1.65038
1.99967
2.35017
2.65917
2.82655
2.87074
2.80237
2.63508
2.40065
2.10552
1.76041
1.38431
0.999647
0.628651
0.290901
0.00136263
-0.231172
-0.404818
-0.524102
-0.598246
-0.638847
-0.657722
-0.66541
-0.670456
-0.679291
-0.696445
-0.724832
-0.766358
-0.822665
-0.894514
-0.971807
-1.02599
-1.0423
-1.02241
-0.974552
-0.912928
-0.854473
-0.813922
-0.799523
-0.810521
-0.835557
-0.850291
-0.813483
-0.665121
-0.333735
-1.43746
-1.42567
-1.44902
-1.51123
-1.52241
-1.45661
-1.36566
-1.26205
-1.14751
-1.00749
-0.845428
-0.646254
-0.407203
-0.146591
0.145613
0.464051
0.798299
1.14057
1.50762
1.87829
2.24808
2.59282
2.80859
2.89372
2.85006
2.70423
2.48653
2.19877
1.84889
1.45639
1.04684
0.646541
0.278909
-0.0380805
-0.293724
-0.485231
-0.616983
-0.698648
-0.742696
-0.762011
-0.768148
-0.770411
-0.775666
-0.788598
-0.812092
-0.847607
-0.896132
-0.959137
-1.03496
-1.10352
-1.13976
-1.13904
-1.10622
-1.05221
-0.992528
-0.94327
-0.91642
-0.91666
-0.939919
-0.972263
-0.987264
-0.941144
-0.769661
-0.395022
-1.60024
-1.56749
-1.56301
-1.60666
-1.5586
-1.46207
-1.36534
-1.25747
-1.13561
-0.996392
-0.823813
-0.608541
-0.366174
-0.0846269
0.229417
0.566973
0.919138
1.2941
1.68313
2.07242
2.4603
2.74522
2.89354
2.89037
2.77289
2.57924
2.30733
1.95889
1.55199
1.11557
0.681655
0.279213
-0.0698763
-0.352778
-0.565903
-0.7136
-0.805916
-0.856009
-0.877696
-0.883545
-0.88375
-0.885788
-0.894656
-0.913343
-0.943291
-0.984773
-1.0384
-1.10596
-1.17948
-1.23304
-1.25134
-1.23558
-1.19311
-1.1367
-1.08209
-1.04359
-1.03012
-1.04304
-1.07557
-1.11189
-1.12423
-1.06709
-0.872827
-0.457832
-1.7533
-1.68808
-1.66098
-1.66356
-1.56454
-1.45708
-1.3549
-1.24107
-1.12317
-0.981979
-0.800945
-0.589207
-0.334885
-0.0413879
0.285259
0.638082
1.01428
1.41588
1.82101
2.24188
2.61155
2.84339
2.90388
2.82468
2.66308
2.41888
2.0832
1.6684
1.20599
0.735438
0.29362
-0.0919952
-0.405911
-0.643903
-0.810593
-0.916525
-0.975411
-1.00176
-1.00902
-1.00826
-1.00769
-1.01277
-1.0267
-1.051
-1.08593
-1.13092
-1.18679
-1.25492
-1.31904
-1.35436
-1.35565
-1.32719
-1.27835
-1.22284
-1.17559
-1.14852
-1.14748
-1.17094
-1.20998
-1.24744
-1.25481
-1.18556
-0.969511
-0.517856
-1.89227
-1.78901
-1.7596
-1.67501
-1.55039
-1.43702
-1.3283
-1.21913
-1.10547
-0.962186
-0.789522
-0.576099
-0.319123
-0.0204287
0.316209
0.682392
1.08324
1.49721
1.92704
2.37401
2.72402
2.86831
2.835
2.71364
2.51148
2.20616
1.7974
1.31565
0.808619
0.324076
-0.102228
-0.450742
-0.716428
-0.904546
-1.02646
-1.09649
-1.12963
-1.13995
-1.13934
-1.13679
-1.13833
-1.14752
-1.16603
-1.19421
-1.23152
-1.27684
-1.3322
-1.39509
-1.44338
-1.46038
-1.44673
-1.40874
-1.35712
-1.30554
-1.26734
-1.25184
-1.26205
-1.29405
-1.33726
-1.37367
-1.37444
-1.29261
-1.05622
-0.572097
-2.00925
-1.86257
-1.80028
-1.6605
-1.52021
-1.39937
-1.29005
-1.18792
-1.07657
-0.944107
-0.7785
-0.569433
-0.316198
-0.016765
0.323934
0.703309
1.11064
1.53608
2.0835
2.55505
2.78174
2.78911
2.70639
2.55664
2.30194
1.92123
1.43579
0.898946
0.371562
-0.0985466
-0.48506
-0.781073
-0.99254
-1.13206
-1.21477
-1.25617
-1.27075
-1.27103
-1.26677
-1.26477
-1.26905
-1.28157
-1.30283
-1.33238
-1.36907
-1.41165
-1.46325
-1.51586
-1.54565
-1.54595
-1.52053
-1.47692
-1.4262
-1.38114
-1.35307
-1.34879
-1.36888
-1.4076
-1.45312
-1.48692
-1.48011
-1.38577
-1.13082
-0.618669
-2.10667
-1.91053
-1.79684
-1.62233
-1.46807
-1.34219
-1.23593
-1.13948
-1.03909
-0.919102
-0.76283
-0.566524
-0.322414
-0.0284972
0.308032
0.720956
1.2712
1.84453
2.37979
2.64473
2.67565
2.62317
2.5275
2.33948
2.01246
1.54836
0.998002
0.434083
-0.0800253
-0.507111
-0.835929
-1.07239
-1.23051
-1.32666
-1.37698
-1.39632
-1.39768
-1.39156
-1.38556
-1.38444
-1.39059
-1.40477
-1.42663
-1.45517
-1.48882
-1.52675
-1.57151
-1.60954
-1.62238
-1.60978
-1.57686
-1.5317
-1.48499
-1.44813
-1.43035
-1.43626
-1.46463
-1.50831
-1.55466
-1.58483
-1.57009
-1.46374
-1.19224
-0.656589
-2.17402
-1.92139
-1.75195
-1.55579
-1.39048
-1.26317
-1.1602
-1.07345
-0.987907
-0.880864
-0.743168
-0.565293
-0.336778
0.00620679
0.5287
1.10746
1.6838
2.17673
2.42936
2.47223
2.45242
2.41089
2.29595
2.0423
1.62766
1.08922
0.504138
-0.0484821
-0.516287
-0.879722
-1.14263
-1.32002
-1.42977
-1.48903
-1.51313
-1.51544
-1.50707
-1.4965
-1.48935
-1.48871
-1.49571
-1.51024
-1.53133
-1.55746
-1.5868
-1.61922
-1.65552
-1.67797
-1.67715
-1.65585
-1.6195
-1.57604
-1.53526
-1.50696
-1.49856
-1.51298
-1.54766
-1.59454
-1.64042
-1.66629
-1.64364
-1.5261
-1.24014
-0.685425
-2.20872
-1.89339
-1.67107
-1.45924
-1.28724
-1.15966
-1.06164
-0.989771
-0.918425
-0.832181
-0.719355
-0.539436
-0.139639
0.384382
0.955645
1.47464
1.89888
2.12078
2.18512
2.20422
2.21564
2.16852
1.99296
1.6481
1.14976
0.567372
-0.010315
-0.514269
-0.912191
-1.20244
-1.39955
-1.52281
-1.59068
-1.61932
-1.6225
-1.61179
-1.59641
-1.58293
-1.57529
-1.57522
-1.58289
-1.59751
-1.61754
-1.6409
-1.6657
-1.69215
-1.71843
-1.72784
-1.71777
-1.69169
-1.65498
-1.61503
-1.58052
-1.55979
-1.55879
-1.57925
-1.61778
-1.6658
-1.70984
-1.73084
-1.70046
-1.57268
-1.2744
-0.705004
-2.20667
-1.82489
-1.56068
-1.33647
-1.15953
-1.03079
-0.944438
-0.886888
-0.836603
-0.777041
-0.593823
-0.242612
0.254422
0.779846
1.24372
1.59297
1.7817
1.86
1.91482
1.96862
1.97458
1.86636
1.59584
1.1584
0.605195
0.0231508
-0.505984
-0.934638
-1.25166
-1.46854
-1.60508
-1.68123
-1.71421
-1.71848
-1.70593
-1.6863
-1.667
-1.65288
-1.64639
-1.64814
-1.65743
-1.67298
-1.6925
-1.7136
-1.73401
-1.75449
-1.76988
-1.77002
-1.75438
-1.72623
-1.69074
-1.65451
-1.62496
-1.60919
-1.61217
-1.63511
-1.67439
-1.72134
-1.76235
-1.77826
-1.74065
-1.60378
-1.29527
-0.715412
-2.16171
-1.71281
-1.42541
-1.18953
-1.00613
-0.883785
-0.810103
-0.772736
-0.748452
-0.609377
-0.317092
0.110165
0.597703
1.0255
1.32766
1.48172
1.5523
1.62059
1.69877
1.73802
1.67887
1.47369
1.10455
0.601363
0.0382234
-0.499339
-0.950228
-1.29092
-1.5267
-1.67616
-1.76032
-1.79775
-1.80371
-1.79066
-1.76853
-1.74523
-1.72642
-1.71534
-1.71299
-1.71896
-1.73212
-1.75067
-1.77188
-1.79376
-1.81354
-1.83268
-1.8404
-1.8298
-1.80523
-1.77145
-1.73339
-1.69676
-1.66793
-1.65302
-1.65638
-1.67889
-1.71681
-1.76134
-1.79864
-1.8093
-1.76476
-1.61966
-1.30283
-0.716723
-2.07636
-1.57135
-1.26645
-1.01806
-0.83613
-0.723299
-0.667283
-0.654219
-0.578756
-0.37458
-0.0383465
0.398686
0.820073
1.11433
1.25868
1.30583
1.35768
1.4322
1.48158
1.45112
1.29624
0.991536
0.548826
0.0241214
-0.502849
-0.963296
-1.32148
-1.57382
-1.73555
-1.82767
-1.87008
-1.87911
-1.86785
-1.84674
-1.82362
-1.80427
-1.7922
-1.78831
-1.79157
-1.80044
-1.81196
-1.82274
-1.82969
-1.83396
-1.83982
-1.84225
-1.83242
-1.81159
-1.78239
-1.7481
-1.71272
-1.68114
-1.65889
-1.65119
-1.66146
-1.68979
-1.73177
-1.7781
-1.81465
-1.82195
-1.77178
-1.6197
-1.29656
-0.708454
-1.95778
-1.40624
-1.08509
-0.832384
-0.65758
-0.557799
-0.524558
-0.501286
-0.389054
-0.163727
0.184993
0.596786
0.925638
1.09934
1.14036
1.15715
1.1966
1.22781
1.20417
1.08299
0.833246
0.452331
-0.0219482
-0.521632
-0.977417
-1.34442
-1.60951
-1.78226
-1.88228
-1.92965
-1.94159
-1.93122
-1.90868
-1.88171
-1.85562
-1.83461
-1.81986
-1.81099
-1.80709
-1.80874
-1.81422
-1.8216
-1.82846
-1.83272
-1.83574
-1.82813
-1.81041
-1.78476
-1.7538
-1.72042
-1.68808
-1.66095
-1.64373
-1.64084
-1.65513
-1.68635
-1.72996
-1.77652
-1.81169
-1.8158
-1.76071
-1.60284
-1.27546
-0.6897
-1.80049
-1.22046
-0.890133
-0.639104
-0.474261
-0.395455
-0.38908
-0.348219
-0.22997
-0.000177152
0.36179
0.727166
0.964286
1.03927
1.02739
1.01238
1.0018
0.963935
0.858817
0.651203
0.326914
-0.0927593
-0.554084
-0.992765
-1.35947
-1.63249
-1.8147
-1.92208
-1.97403
-1.98736
-1.97568
-1.94911
-1.91629
-1.88221
-1.85153
-1.82781
-1.81311
-1.80651
-1.80658
-1.81108
-1.81777
-1.82441
-1.82783
-1.82694
-1.82011
-1.80277
-1.77795
-1.748
-1.71539
-1.68263
-1.65259
-1.62872
-1.6149
-1.6149
-1.63114
-1.66327
-1.70687
-1.75265
-1.78623
-1.78772
-1.72887
-1.56687
-1.23781
-0.659237
-1.59521
-1.02013
-0.686858
-0.440518
-0.293867
-0.242516
-0.250872
-0.215883
-0.0911823
0.156623
0.507382
0.806179
0.954842
0.953819
0.892085
0.830724
0.762903
0.655714
0.473818
0.195402
-0.172502
-0.591094
-1.00473
-1.3638
-1.64051
-1.83052
-1.9452
-2.00153
-2.01619
-2.00332
-1.97364
-1.93561
-1.89643
-1.86214
-1.83531
-1.81732
-1.80787
-1.80542
-1.80772
-1.8121
-1.81646
-1.81751
-1.81302
-1.80341
-1.784
-1.75703
-1.72546
-1.69151
-1.65735
-1.62505
-1.59692
-1.57569
-1.56454
-1.56659
-1.58387
-1.616
-1.65879
-1.70328
-1.7353
-1.73487
-1.67359
-1.50937
-1.18166
-0.615679
-1.34519
-0.807802
-0.477234
-0.244174
-0.124222
-0.104821
-0.129811
-0.0982571
0.0363362
0.288839
0.591302
0.80779
0.871408
0.811144
0.716939
0.619305
0.5004
0.329803
0.0837472
-0.240704
-0.618527
-1.0046
-1.35229
-1.63
-1.82714
-1.94932
-2.01087
-2.02836
-2.01458
-1.98321
-1.94426
-1.90474
-1.86938
-1.84052
-1.81924
-1.80567
-1.79881
-1.79673
-1.79668
-1.79627
-1.79329
-1.78432
-1.7685
-1.74652
-1.7149
-1.67922
-1.64186
-1.60476
-1.56973
-1.5384
-1.51253
-1.49424
-1.48599
-1.49026
-1.50866
-1.54072
-1.58255
-1.62566
-1.6563
-1.65459
-1.59211
-1.42773
-1.10483
-0.55754
-1.10542
-0.592557
-0.269336
-0.0596684
0.0295837
0.0181025
-0.0212617
0.0135244
0.15502
0.381313
0.611443
0.740211
0.738049
0.64679
0.532886
0.403171
0.236893
0.0121458
-0.279051
-0.622308
-0.982885
-1.31896
-1.59744
-1.80171
-1.93267
-2.00106
-2.02081
-2.00951
-1.98052
-1.94363
-1.90522
-1.86886
-1.83729
-1.8118
-1.7926
-1.77913
-1.77003
-1.76297
-1.75559
-1.74604
-1.73115
-1.7093
-1.6815
-1.6461
-1.60491
-1.56275
-1.5216
-1.48304
-1.44848
-1.41917
-1.39639
-1.38166
-1.37678
-1.3836
-1.40331
-1.43534
-1.47611
-1.51771
-1.54694
-1.54426
-1.48156
-1.31914
-1.00507
-0.483354
-0.86468
-0.378079
-0.073351
0.106288
0.164436
0.121398
0.0805377
0.12249
0.25681
0.435044
0.587101
0.639064
0.593661
0.486937
0.356132
0.195239
-0.0130626
-0.27865
-0.594169
-0.933623
-1.26011
-1.5399
-1.75291
-1.89273
-1.96753
-1.99398
-1.98855
-1.96459
-1.93076
-1.8928
-1.8549
-1.81946
-1.78817
-1.76165
-1.73964
-1.72133
-1.70521
-1.68906
-1.67131
-1.65009
-1.62267
-1.58861
-1.54986
-1.50478
-1.45797
-1.41274
-1.37058
-1.33269
-1.30011
-1.2737
-1.25436
-1.24309
-1.24116
-1.24986
-1.27001
-1.30103
-1.33968
-1.37873
-1.40569
-1.40163
-1.33925
-1.18094
-0.880339
-0.391927
-0.627483
-0.174607
0.100062
0.247423
0.271841
0.207913
0.181125
0.22899
0.341347
0.462309
0.539529
0.535493
0.462558
0.344863
0.19493
0.00293875
-0.240726
-0.53312
-0.854821
-1.1737
-1.45516
-1.674
-1.82272
-1.90832
-1.94558
-1.94959
-1.93181
-1.90091
-1.86308
-1.82252
-1.78228
-1.74418
-1.70932
-1.67798
-1.64976
-1.62388
-1.5987
-1.57291
-1.54538
-1.51324
-1.47575
-1.43383
-1.38727
-1.33834
-1.29029
-1.24543
-1.20479
-1.16919
-1.13932
-1.11571
-1.09894
-1.08965
-1.0887
-1.09699
-1.11507
-1.14241
-1.17622
-1.21008
-1.23249
-1.22556
-1.1634
-1.01139
-0.729508
-0.282807
-0.403088
0.00445929
0.24392
0.35628
0.347329
0.296409
0.288454
0.336285
0.411757
0.472921
0.488689
0.44405
0.351091
0.220839
0.050203
-0.170217
-0.439439
-0.741477
-1.0483
-1.32689
-1.55261
-1.71497
-1.81756
-1.87107
-1.88725
-1.87724
-1.84996
-1.81224
-1.76906
-1.72395
-1.67939
-1.63684
-1.59705
-1.56007
-1.52559
-1.49276
-1.46028
-1.42749
-1.39283
-1.35415
-1.31098
-1.26525
-1.21617
-1.16779
-1.12175
-1.0795
-1.04166
-1.00871
-0.981027
-0.958894
-0.942625
-0.932635
-0.929491
-0.933831
-0.946058
-0.965733
-0.990595
-1.0152
-1.02941
-1.01704
-0.95447
-0.810972
-0.55344
-0.157015
-0.200521
0.154431
0.353527
0.430104
0.420085
0.403225
0.410373
0.443175
0.473875
0.47877
0.448132
0.375831
0.268376
0.126179
-0.0603237
-0.296294
-0.571283
-0.861708
-1.13824
-1.37577
-1.55966
-1.68685
-1.76207
-1.79478
-1.79553
-1.77395
-1.7379
-1.69347
-1.64514
-1.596
-1.54804
-1.50236
-1.45935
-1.41895
-1.38088
-1.34411
-1.30809
-1.27215
-1.2337
-1.19228
-1.14814
-1.10159
-1.05438
-1.009
-0.966383
-0.9273
-0.892064
-0.860866
-0.833825
-0.81103
-0.792606
-0.778788
-0.76995
-0.766549
-0.768899
-0.776699
-0.78824
-0.799197
-0.801206
-0.780498
-0.716747
-0.584015
-0.356368
-0.0179962
-0.0229958
0.271221
0.425777
0.489779
0.510942
0.534571
0.545488
0.552261
0.538147
0.501704
0.441853
0.355795
0.242456
0.0945159
-0.0996924
-0.33966
-0.608431
-0.882793
-1.1361
-1.34766
-1.50583
-1.60952
-1.66477
-1.68122
-1.6692
-1.63801
-1.59525
-1.54661
-1.49604
-1.44602
-1.39793
-1.35239
-1.30945
-1.26902
-1.23062
-1.19339
-1.15716
-1.12065
-1.08199
-1.04073
-0.998077
-0.953258
-0.909544
-0.867789
-0.828446
-0.791835
-0.758019
-0.726976
-0.698639
-0.672939
-0.649858
-0.629486
-0.612048
-0.597872
-0.587228
-0.579986
-0.575005
-0.569154
-0.556095
-0.525071
-0.459902
-0.340197
-0.147109
0.127547
0.114873
0.339619
0.466123
0.543889
0.604705
0.656802
0.661948
0.644555
0.601755
0.544143
0.473771
0.385893
0.273651
0.125618
-0.0698706
-0.307049
-0.570742
-0.834575
-1.07297
-1.26637
-1.40537
-1.49058
-1.52935
-1.53225
-1.51024
-1.47284
-1.42733
-1.37874
-1.33013
-1.28316
-1.23853
-1.19638
-1.15657
-1.1189
-1.08266
-1.04753
-1.01321
-0.977747
-0.940683
-0.901697
-0.861323
-0.820103
-0.780037
-0.741448
-0.704474
-0.669151
-0.63537
-0.602967
-0.57175
-0.541537
-0.512201
-0.483718
-0.456198
-0.42988
-0.405037
-0.381732
-0.359392
-0.336051
-0.307429
-0.266003
-0.200173
-0.0954568
0.060293
0.269168
0.194491
0.355827
0.468214
0.566278
0.656354
0.72583
0.731107
0.704611
0.654127
0.596964
0.532971
0.453429
0.348433
0.205
0.0136264
-0.22104
-0.480422
-0.737003
-0.96472
-1.14447
-1.26782
-1.33699
-1.36135
-1.35324
-1.32459
-1.28489
-1.24067
-1.19587
-1.15247
-1.11129
-1.07244
-1.03568
-1.00078
-0.967362
-0.934799
-0.903047
-0.871435
-0.83852
-0.804159
-0.768537
-0.731369
-0.694147
-0.657571
-0.621696
-0.586475
-0.551792
-0.517448
-0.483204
-0.448804
-0.414001
-0.3786
-0.342492
-0.305703
-0.268407
-0.230882
-0.193367
-0.155768
-0.11714
-0.0750606
-0.0250569
0.0399765
0.128756
0.247363
0.393198
0.20457
0.312807
0.417563
0.52972
0.637105
0.721032
0.741344
0.726827
0.691394
0.652207
0.609246
0.548022
0.454942
0.318567
0.132005
-0.101028
-0.357936
-0.610859
-0.831952
-1.00087
-1.10983
-1.16349
-1.1742
-1.15647
-1.12292
-1.08259
-1.04095
-1.00075
-0.963021
-0.927842
-0.89488
-0.863674
-0.833883
-0.805002
-0.776625
-0.748701
-0.72039
-0.691134
-0.660608
-0.629185
-0.596629
-0.563994
-0.531393
-0.498749
-0.465936
-0.432779
-0.399056
-0.364512
-0.328875
-0.291872
-0.25326
-0.212859
-0.170593
-0.126526
-0.0808579
-0.0338536
0.0143022
0.0638205
0.115628
0.171589
0.234789
0.3087
0.394101
0.484892
0.12855
0.193719
0.290215
0.408205
0.526924
0.629798
0.682804
0.702477
0.701706
0.694892
0.684187
0.651825
0.575346
0.448381
0.263764
0.028217
-0.232582
-0.48824
-0.706742
-0.865275
-0.957506
-0.992118
-0.985493
-0.954559
-0.912611
-0.868204
-0.825834
-0.787232
-0.75257
-0.721325
-0.692751
-0.666151
-0.641016
-0.616767
-0.593077
-0.569794
-0.546273
-0.522295
-0.497707
-0.472576
-0.446854
-0.420828
-0.394442
-0.367584
-0.34011
-0.31185
-0.282597
-0.252111
-0.220123
-0.186338
-0.150446
-0.112148
-0.0711809
-0.0273597
0.0194002
0.0690682
0.121515
0.17661
0.234266
0.294338
0.356593
0.419986
0.480623
0.52955
