0.551665
0.493519
0.423807
0.352624
0.284311
0.220078
0.159892
0.103453
0.0505176
0.000939589
-0.0453859
-0.0885754
-0.128789
-0.166235
-0.201165
-0.233851
-0.264567
-0.29358
-0.321135
-0.347455
-0.37274
-0.397163
-0.420878
-0.444015
-0.466688
-0.488914
-0.510297
-0.530727
-0.550509
-0.569987
-0.589485
-0.609329
-0.629883
-0.651588
-0.675007
-0.700843
-0.729896
-0.762901
-0.800133
-0.840685
-0.881355
-0.91525
-0.930627
-0.911094
-0.838882
-0.702506
-0.50653
-0.276197
-0.0485735
0.14517
0.293196
0.401351
0.470937
0.506251
0.518724
0.513661
0.494167
0.462963
0.416749
0.356642
0.284537
0.201159
0.106561
0.00475354
0.516161
0.41467
0.318366
0.234676
0.16354
0.101885
0.046421
-0.00522576
-0.0543831
-0.101602
-0.146987
-0.190454
-0.231906
-0.271314
-0.308744
-0.34435
-0.378343
-0.410965
-0.442469
-0.473099
-0.503081
-0.532615
-0.561863
-0.590952
-0.619952
-0.648644
-0.675772
-0.701372
-0.726099
-0.750512
-0.775068
-0.800158
-0.82615
-0.853445
-0.882511
-0.913893
-0.94814
-0.985595
-1.02595
-1.06748
-1.10592
-1.13327
-1.13697
-1.1008
-1.00883
-0.852941
-0.640924
-0.398992
-0.163059
0.0366124
0.187666
0.294901
0.372792
0.427243
0.466217
0.491958
0.505836
0.507486
0.488683
0.447425
0.382933
0.292433
0.171689
0.0205249
0.432353
0.275588
0.145251
0.0453041
-0.0293731
-0.0867595
-0.133963
-0.175905
-0.215403
-0.253763
-0.291391
-0.328261
-0.364223
-0.399162
-0.433067
-0.466037
-0.498254
-0.529951
-0.561381
-0.592795
-0.624423
-0.656454
-0.68901
-0.722154
-0.755814
-0.788892
-0.819838
-0.849105
-0.877619
-0.906132
-0.935231
-0.965376
-0.996959
-1.03035
-1.06593
-1.10404
-1.14493
-1.18837
-1.23326
-1.2768
-1.31352
-1.33435
-1.32635
-1.27404
-1.16348
-0.989159
-0.760786
-0.505116
-0.257399
-0.0473312
0.112718
0.226873
0.309664
0.37358
0.425788
0.467441
0.499665
0.520009
0.516706
0.48515
0.421372
0.31838
0.167299
-0.0363047
0.314672
0.0957603
-0.0715573
-0.188181
-0.265162
-0.315852
-0.351487
-0.379807
-0.405373
-0.430468
-0.455992
-0.482128
-0.508779
-0.535816
-0.56319
-0.590954
-0.619253
-0.648287
-0.678273
-0.709418
-0.7419
-0.775829
-0.8112
-0.84791
-0.885548
-0.921649
-0.955202
-0.987165
-1.01863
-1.05049
-1.08342
-1.11796
-1.15453
-1.19348
-1.23507
-1.27942
-1.32629
-1.37477
-1.42278
-1.46637
-1.49899
-1.51088
-1.48911
-1.41909
-1.28847
-1.0938
-0.846835
-0.575916
-0.316667
-0.0980224
0.0689246
0.190421
0.27721
0.345882
0.403344
0.451092
0.491297
0.519053
0.521057
0.490587
0.420124
0.29831
0.112197
-0.14584
0.177606
-0.105527
-0.309312
-0.441043
-0.518478
-0.560531
-0.582577
-0.595215
-0.604846
-0.614839
-0.626664
-0.640754
-0.657088
-0.675521
-0.695949
-0.718367
-0.742854
-0.769535
-0.798542
-0.829975
-0.863899
-0.900265
-0.938822
-0.979172
-1.02003
-1.05796
-1.09313
-1.1268
-1.16015
-1.19413
-1.22954
-1.26696
-1.30684
-1.34951
-1.39505
-1.44324
-1.4933
-1.5435
-1.59087
-1.63049
-1.65511
-1.65449
-1.61567
-1.52441
-1.36949
-1.15008
-0.88152
-0.595322
-0.327918
-0.104574
0.0665901
0.18873
0.276996
0.34625
0.402855
0.449322
0.489658
0.515536
0.514084
0.476697
0.392255
0.245526
0.0208184
-0.291811
0.0344968
-0.310745
-0.547966
-0.692361
-0.768888
-0.801844
-0.810377
-0.807705
-0.801975
-0.797623
-0.796688
-0.79984
-0.807097
-0.818267
-0.833167
-0.851701
-0.873849
-0.899623
-0.929012
-0.961941
-0.998311
-1.03783
-1.07987
-1.12354
-1.1657
-1.20406
-1.23946
-1.27321
-1.30656
-1.34055
-1.37607
-1.41382
-1.45428
-1.49769
-1.54395
-1.5924
-1.64169
-1.68938
-1.7318
-1.76331
-1.77605
-1.75896
-1.69826
-1.57942
-1.39259
-1.14155
-0.847141
-0.543689
-0.267551
-0.0468198
0.116414
0.232391
0.316472
0.380441
0.429889
0.468921
0.501442
0.518157
0.506538
0.455671
0.351103
0.174719
-0.0912331
-0.457695
-0.104152
-0.506264
-0.772379
-0.926842
-1.00197
-1.02691
-1.02396
-1.00845
-0.990015
-0.974058
-0.963138
-0.958123
-0.95903
-0.965569
-0.977428
-0.994376
-1.01625
-1.04289
-1.07408
-1.1095
-1.14886
-1.19154
-1.23633
-1.28157
-1.32245
-1.35876
-1.39174
-1.42274
-1.45309
-1.48398
-1.51647
-1.5514
-1.58929
-1.63032
-1.67407
-1.71948
-1.76468
-1.80661
-1.84101
-1.8614
-1.8587
-1.82011
-1.72991
-1.57338
-1.34276
-1.04507
-0.713751
-0.396173
-0.128672
0.0723241
0.214882
0.315155
0.38714
0.438989
0.475557
0.502762
0.521545
0.524813
0.498976
0.430442
0.302125
0.0925514
-0.216895
-0.633675
-0.231299
-0.683159
-0.972981
-1.13509
-1.20894
-1.22783
-1.21642
-1.1916
-1.16416
-1.14031
-1.12306
-1.11344
-1.11141
-1.1165
-1.12818
-1.14599
-1.16954
-1.19844
-1.23217
-1.27012
-1.31178
-1.35615
-1.40125
-1.4434
-1.47956
-1.51046
-1.53752
-1.56227
-1.58624
-1.61094
-1.63768
-1.66744
-1.70075
-1.73765
-1.77737
-1.81838
-1.85825
-1.89321
-1.91811
-1.92489
-1.9022
-1.83436
-1.70222
-1.48733
-1.1931
-0.845713
-0.492304
-0.183514
0.0527915
0.217494
0.329937
0.408668
0.46373
0.499448
0.520844
0.535155
0.538364
0.526943
0.485272
0.397491
0.242402
-0.00409664
-0.354829
-0.816361
-0.343047
-0.836755
-1.14508
-1.31266
-1.3855
-1.40028
-1.3833
-1.35253
-1.3196
-1.29139
-1.2713
-1.26047
-1.25872
-1.26527
-1.27924
-1.29981
-1.32625
-1.35781
-1.3936
-1.43264
-1.47431
-1.51712
-1.5582
-1.59238
-1.61961
-1.64121
-1.65891
-1.67457
-1.69009
-1.70728
-1.72771
-1.75238
-1.78166
-1.8153
-1.85197
-1.88948
-1.92463
-1.95248
-1.96629
-1.95536
-1.90393
-1.78791
-1.59176
-1.30713
-0.949925
-0.565533
-0.213537
0.0603477
0.247018
0.366682
0.445892
0.50084
0.535942
0.553089
0.558429
0.556173
0.54611
0.520943
0.463627
0.354756
0.168688
-0.113996
-0.501256
-1.0022
-0.437872
-0.965549
-1.28753
-1.45856
-1.53048
-1.54246
-1.52192
-1.48749
-1.45147
-1.4213
-1.40076
-1.39104
-1.39172
-1.4016
-1.41928
-1.44341
-1.47278
-1.50616
-1.54223
-1.57964
-1.6177
-1.65448
-1.68553
-1.70815
-1.72367
-1.734
-1.74133
-1.7479
-1.75594
-1.76748
-1.78412
-1.80657
-1.83477
-1.86796
-1.90388
-1.93949
-1.97025
-1.98937
-1.98675
-1.94339
-1.84347
-1.66571
-1.39497
-1.0347
-0.62118
-0.220021
0.102877
0.318507
0.444059
0.515782
0.561147
0.590223
0.602504
0.600059
0.589606
0.57097
0.548997
0.510847
0.436995
0.302121
0.084177
-0.232048
-0.650403
-1.18621
-0.515787
-1.07003
-1.40131
-1.5739
-1.64459
-1.65436
-1.63119
-1.59416
-1.55609
-1.52494
-1.50486
-1.49709
-1.50091
-1.51463
-1.53617
-1.56354
-1.59489
-1.62846
-1.66244
-1.69512
-1.72594
-1.7528
-1.77063
-1.78043
-1.78422
-1.78446
-1.78368
-1.78438
-1.78878
-1.79884
-1.81591
-1.84006
-1.87054
-1.90578
-1.94228
-1.97556
-1.99841
-1.99675
-1.96141
-1.874
-1.71415
-1.46069
-1.10485
-0.668124
-0.212887
0.176018
0.439745
0.579669
0.639673
0.6639
0.674272
0.673876
0.660557
0.637942
0.608051
0.579509
0.547817
0.497167
0.402207
0.239498
-0.00926073
-0.355095
-0.799313
-1.36446
-0.57765
-1.1517
-1.48843
-1.66073
-1.7295
-1.737
-1.71144
-1.67206
-1.63211
-1.60004
-1.58035
-1.57434
-1.58106
-1.59823
-1.62308
-1.65286
-1.68502
-1.71716
-1.74696
-1.77247
-1.79355
-1.80812
-1.8137
-1.81286
-1.80814
-1.80232
-1.79802
-1.79759
-1.80292
-1.81574
-1.83688
-1.86536
-1.89958
-1.93665
-1.97005
-1.98996
-1.99093
-1.96001
-1.88296
-1.73936
-1.50577
-1.16295
-0.715242
-0.211142
0.25674
0.596209
0.775578
0.83303
0.830334
0.80876
0.781541
0.74781
0.707713
0.662631
0.62079
0.585045
0.544687
0.477637
0.358395
0.167342
-0.109954
-0.480599
-0.945241
-1.53311
-0.624686
-1.21243
-1.55119
-1.7213
-1.78715
-1.79193
-1.76388
-1.72226
-1.68054
-1.64758
-1.62823
-1.62387
-1.63331
-1.65371
-1.68157
-1.7133
-1.74557
-1.77534
-1.79982
-1.81701
-1.82787
-1.83128
-1.82787
-1.82039
-1.81166
-1.80448
-1.80119
-1.80354
-1.81297
-1.83083
-1.85707
-1.8891
-1.92068
-1.94919
-1.9681
-1.96843
-1.9411
-1.8721
-1.74338
-1.53051
-1.20839
-0.765855
-0.230614
0.313205
0.750321
1.00534
1.0891
1.07011
1.01206
0.945088
0.876691
0.808106
0.739533
0.678329
0.630468
0.589225
0.537255
0.449331
0.304122
0.0858503
-0.216023
-0.605459
-1.08433
-1.6858
-0.658207
-1.25408
-1.59176
-1.75781
-1.81952
-1.82092
-1.79026
-1.74672
-1.70385
-1.67077
-1.65257
-1.65067
-1.66361
-1.68794
-1.71928
-1.75314
-1.78537
-1.8123
-1.83081
-1.83912
-1.84097
-1.83714
-1.82924
-1.81959
-1.81102
-1.80608
-1.80637
-1.81284
-1.82579
-1.84258
-1.8652
-1.89033
-1.91327
-1.92863
-1.92896
-1.90448
-1.84317
-1.72766
-1.53521
-1.23845
-0.815992
-0.274366
0.323874
0.860246
1.22052
1.37112
1.36592
1.2843
1.17634
1.06211
0.951501
0.8468
0.757454
0.689873
0.638383
0.589718
0.520439
0.408892
0.237735
-0.00490363
-0.32619
-0.728221
-1.2154
-1.81684
-0.679472
-1.27835
-1.61216
-1.77239
-1.82873
-1.82608
-1.79282
-1.74809
-1.70541
-1.674
-1.65901
-1.66172
-1.68016
-1.71008
-1.74607
-1.78268
-1.815
-1.83887
-1.85083
-1.85034
-1.84663
-1.84126
-1.83326
-1.82332
-1.81229
-1.80174
-1.79572
-1.79569
-1.8025
-1.8159
-1.83438
-1.85381
-1.86835
-1.87058
-1.85091
-1.79715
-1.69395
-1.52046
-1.25058
-0.857987
-0.333151
0.287682
0.902302
1.37637
1.62814
1.6774
1.60175
1.46785
1.31018
1.1487
0.995144
0.866169
0.769187
0.698292
0.642251
0.579486
0.489097
0.352944
0.157739
-0.104949
-0.43997
-0.849563
-1.33727
-1.91855
-0.689634
-1.28677
-1.61424
-1.76718
-1.81722
-1.81013
-1.77463
-1.72994
-1.68963
-1.6628
-1.65432
-1.66489
-1.69162
-1.72906
-1.77066
-1.80994
-1.84118
-1.85918
-1.85902
-1.84088
-1.82071
-1.79618
-1.77116
-1.74859
-1.73098
-1.72007
-1.717
-1.72223
-1.73523
-1.75403
-1.7749
-1.79193
-1.79758
-1.78275
-1.73621
-1.64384
-1.48752
-1.2435
-0.884988
-0.392934
0.219469
0.87735
1.4497
1.8186
1.95779
1.92613
1.79426
1.60914
1.40172
1.19275
1.01356
0.87611
0.775496
0.70145
0.633509
0.551865
0.438358
0.278628
0.0630176
-0.214386
-0.55735
-0.969327
-1.44963
-1.98979
-0.689633
-1.28036
-1.59908
-1.74331
-1.78601
-1.77352
-1.73466
-1.68853
-1.64846
-1.62315
-1.61692
-1.62968
-1.65754
-1.69406
-1.73186
-1.76388
-1.78444
-1.78952
-1.77657
-1.75356
-1.73021
-1.70635
-1.68419
-1.66584
-1.65315
-1.6475
-1.64943
-1.65869
-1.67381
-1.69173
-1.70739
-1.71372
-1.70184
-1.66105
-1.57836
-1.43741
-1.2173
-0.892927
-0.441569
0.139518
0.803679
1.44121
1.92056
2.17101
2.21733
2.1223
1.93547
1.69814
1.44033
1.20522
1.01821
0.877749
0.774597
0.689763
0.604432
0.501068
0.364798
0.184886
-0.0456151
-0.33124
-0.675642
-1.08306
-1.5477
-2.03231
-0.679834
-1.25895
-1.56594
-1.69965
-1.73369
-1.71462
-1.67134
-1.62296
-1.5828
-1.55956
-1.55731
-1.57536
-1.60885
-1.65009
-1.69043
-1.72183
-1.73836
-1.73568
-1.71077
-1.67982
-1.65222
-1.62655
-1.60454
-1.58772
-1.57728
-1.57394
-1.57755
-1.58706
-1.60004
-1.61228
-1.6175
-1.60734
-1.57152
-1.49774
-1.37104
-1.17279
-0.880518
-0.471552
0.0653696
0.705999
1.36914
1.93231
2.29589
2.44354
2.41717
2.26076
2.01688
1.72681
1.43939
1.19871
1.01153
0.869205
0.755981
0.654617
0.548664
0.423531
0.267646
0.0730277
-0.165888
-0.453364
-0.793703
-1.18834
-1.6238
-2.04426
-0.661075
-1.22445
-1.51797
-1.64061
-1.66624
-1.64164
-1.59582
-1.54786
-1.51086
-1.49309
-1.49791
-1.52359
-1.5639
-1.60969
-1.651
-1.67918
-1.68778
-1.67204
-1.63525
-1.59787
-1.56595
-1.53796
-1.51523
-1.49877
-1.48914
-1.48636
-1.4896
-1.49694
-1.50491
-1.50811
-1.49893
-1.46761
-1.40238
-1.28918
-1.11113
-0.848284
-0.479893
0.00830518
0.606486
1.25989
1.86887
2.32728
2.58335
2.64869
2.55319
2.33218
2.03229
1.70385
1.41362
1.17754
0.989744
0.838539
0.709806
0.589015
0.462662
0.319055
0.149099
-0.0538216
-0.295297
-0.580224
-0.91377
-1.28277
-1.66789
-2.02301
-0.63363
-1.17707
-1.45527
-1.56623
-1.58356
-1.55423
-1.50734
-1.46183
-1.43035
-1.42045
-1.43434
-1.46876
-1.51576
-1.56453
-1.60392
-1.62507
-1.6214
-1.58889
-1.54041
-1.49772
-1.46173
-1.43147
-1.40788
-1.39144
-1.38211
-1.37921
-1.38111
-1.3849
-1.38592
-1.3774
-1.35025
-1.29324
-1.19296
-1.03373
-0.797748
-0.466681
-0.0265761
0.520164
1.13843
1.75458
2.27431
2.62702
2.79311
2.78107
2.6115
2.32904
1.97754
1.65056
1.36847
1.13369
0.939178
0.774603
0.628736
0.490113
0.347744
0.191963
0.014913
-0.189874
-0.428673
-0.706598
-1.02683
-1.36262
-1.68374
-1.97233
-0.597931
-1.11719
-1.37828
-1.47703
-1.4863
-1.45307
-1.40648
-1.36518
-1.34116
-1.34081
-1.36473
-1.40769
-1.45964
-1.50812
-1.54144
-1.55056
-1.52964
-1.47977
-1.42203
-1.37504
-1.33602
-1.30443
-1.2808
-1.26509
-1.25658
-1.25378
-1.25405
-1.25328
-1.2454
-1.22205
-1.17266
-1.08445
-0.942639
-0.731094
-0.433801
-0.0384636
0.455327
1.0248
1.61807
2.16076
2.58213
2.84146
2.9219
2.82353
2.57925
2.23704
1.88564
1.56867
1.29132
1.05325
0.849148
0.671701
0.512577
0.362337
0.21135
0.0508688
-0.126821
-0.328809
-0.56202
-0.830999
-1.12651
-1.41645
-1.66849
-1.89368
-0.554742
-1.04563
-1.28793
-1.3742
-1.37597
-1.33995
-1.29515
-1.25975
-1.24475
-1.25495
-1.28881
-1.33872
-1.39246
-1.43633
-1.45876
-1.45141
-1.41003
-1.34556
-1.28325
-1.23338
-1.19307
-1.16191
-1.13989
-1.12629
-1.11952
-1.11703
-1.11494
-1.10767
-1.08754
-1.0447
-0.967116
-0.840881
-0.651279
-0.384259
-0.0294805
0.413924
0.930026
1.48227
2.01597
2.47118
2.80065
2.97026
2.95735
2.77287
2.46155
2.09984
1.75871
1.44843
1.17164
0.928942
0.718074
0.534157
0.370024
0.216717
0.0649461
-0.0939144
-0.268009
-0.465071
-0.69165
-0.949186
-1.20777
-1.43716
-1.6217
-1.79023
-0.505331
-0.963755
-1.18579
-1.25971
-1.25499
-1.2177
-1.17646
-1.1487
-1.14402
-1.16513
-1.20793
-1.26218
-1.31383
-1.3488
-1.35616
-1.32941
-1.26805
-1.19402
-1.13082
-1.08104
-1.0423
-1.01406
-0.995611
-0.9853
-0.980464
-0.977259
-0.970335
-0.952532
-0.914717
-0.845701
-0.732609
-0.562088
-0.3218
-0.00317894
0.394186
0.857991
1.3614
1.86502
2.32278
2.69088
2.92943
3.00171
2.8943
2.63401
2.27711
1.92239
1.58826
1.28156
1.00607
0.764393
0.555832
0.375645
0.216041
0.0676411
-0.0789075
-0.232363
-0.401325
-0.593488
-0.813247
-1.04949
-1.26159
-1.42509
-1.54663
-1.66679
-0.451639
-0.873759
-1.07432
-1.13643
-1.12678
-1.09026
-1.05471
-1.03643
-1.04314
-1.07499
-1.12497
-1.18033
-1.22577
-1.24787
-1.23718
-1.1892
-1.11378
-1.03828
-0.977048
-0.930136
-0.895519
-0.872115
-0.858207
-0.850984
-0.846474
-0.839367
-0.822804
-0.788264
-0.72545
-0.622652
-0.467962
-0.250677
0.0362173
0.392466
0.80778
1.26128
1.72394
2.1617
2.53851
2.81655
2.95534
2.9239
2.72625
2.40095
2.04474
1.69659
1.36917
1.07008
0.804638
0.575547
0.380925
0.214351
0.0667331
-0.0717314
-0.210324
-0.357844
-0.522934
-0.711987
-0.924159
-1.12361
-1.27757
-1.37837
-1.446
-1.52766
-0.396448
-0.778817
-0.957035
-1.00832
-0.995813
-0.962599
-0.935246
-0.92839
-0.947379
-0.989343
-1.04428
-1.09739
-1.1331
-1.13975
-1.1099
-1.04184
-0.959353
-0.887409
-0.831149
-0.789707
-0.761043
-0.743197
-0.733227
-0.726986
-0.719061
-0.702714
-0.66986
-0.611017
-0.515681
-0.373446
-0.175226
0.0845875
0.405145
0.77751
1.18477
1.60425
2.01025
2.37475
2.66534
2.84362
2.87136
2.73664
2.45941
2.11491
1.76381
1.42592
1.11272
0.83249
0.589904
0.385222
0.21372
0.0668968
-0.0652436
-0.192386
-0.323411
-0.466922
-0.630801
-0.818222
-1.01029
-1.16266
-1.25673
-1.30108
-1.32541
-1.3779
-0.343461
-0.683235
-0.83866
-0.880526
-0.86769
-0.840728
-0.824279
-0.830699
-0.862359
-0.913057
-0.969938
-1.01688
-1.03946
-1.02745
-0.976292
-0.895478
-0.814158
-0.74851
-0.699191
-0.664654
-0.642346
-0.629123
-0.620662
-0.611378
-0.594499
-0.562186
-0.505607
-0.415363
-0.282485
-0.0994608
0.137991
0.428502
0.764186
1.13098
1.51012
1.88092
2.22129
2.50467
2.69731
2.76073
2.67593
2.44773
2.12742
1.78486
1.44696
1.12952
0.843188
0.59477
0.38596
0.213277
0.0690984
-0.0564566
-0.17342
-0.290756
-0.416709
-0.559304
-0.724161
-0.907471
-1.06344
-1.16074
-1.19961
-1.19785
-1.19051
-1.22193
-0.297218
-0.592386
-0.725106
-0.759393
-0.749115
-0.731559
-0.728647
-0.749692
-0.793518
-0.850478
-0.90534
-0.941966
-0.947947
-0.915562
-0.8437
-0.757178
-0.68223
-0.624483
-0.583026
-0.555503
-0.538416
-0.527245
-0.516211
-0.498396
-0.466022
-0.410691
-0.32389
-0.197881
-0.0265681
0.193094
0.459285
0.764925
1.09804
1.44239
1.77991
2.09217
2.35701
2.54538
2.62183
2.56669
2.37641
2.08575
1.76122
1.43255
1.11933
0.834746
0.587108
0.379657
0.209965
0.0710659
-0.0465882
-0.153192
-0.258026
-0.369004
-0.493708
-0.639033
-0.806077
-0.964935
-1.07308
-1.11854
-1.11103
-1.07548
-1.04757
-1.06396
-0.262765
-0.512387
-0.623168
-0.652154
-0.64757
-0.642527
-0.65527
-0.691206
-0.745133
-0.804025
-0.851415
-0.87264
-0.856722
-0.800463
-0.715112
-0.631092
-0.564284
-0.515066
-0.481344
-0.459668
-0.445278
-0.432191
-0.413285
-0.380691
-0.326217
-0.241935
-0.121027
0.0414522
0.247516
0.494997
0.777345
1.08401
1.40041
1.70965
1.99488
2.2369
2.41014
2.48325
2.43826
2.26869
2.00538
1.70221
1.38839
1.08512
0.807592
0.565645
0.363545
0.2
0.0687771
-0.0394063
-0.134751
-0.226809
-0.32359
-0.431875
-0.55837
-0.7075
-0.865179
-0.984811
-1.04283
-1.04232
-0.999578
-0.942669
-0.903371
-0.908108
-0.245077
-0.449503
-0.539938
-0.566374
-0.570737
-0.580954
-0.61048
-0.659955
-0.719852
-0.774578
-0.808129
-0.80726
-0.766083
-0.686186
-0.594748
-0.518183
-0.460122
-0.419067
-0.391729
-0.373354
-0.357756
-0.337584
-0.304777
-0.251123
-0.168942
-0.0519842
0.103914
0.300035
0.534054
0.799701
1.08717
1.38291
1.67039
1.93262
2.15166
2.30483
2.36498
2.31668
2.15093
1.90748
1.62333
1.32485
1.03338
0.765105
0.530979
0.336267
0.180453
0.0580864
-0.0396984
-0.123126
-0.201962
-0.284475
-0.377193
-0.485782
-0.615353
-0.764812
-0.89195
-0.963655
-0.976705
-0.940198
-0.875074
-0.808368
-0.76449
-0.758347
-0.248357
-0.409398
-0.482036
-0.509123
-0.525573
-0.552958
-0.598754
-0.658119
-0.717352
-0.759913
-0.771755
-0.742075
-0.671197
-0.576517
-0.488598
-0.419751
-0.369512
-0.334876
-0.311162
-0.292102
-0.270105
-0.236861
-0.183953
-0.103613
0.0101911
0.161256
0.350529
0.575697
0.830618
1.10577
1.38786
1.66021
1.90475
2.10265
2.2341
2.27526
2.21359
2.04343
1.81086
1.5399
1.2536
0.972284
0.712455
0.485743
0.298154
0.149914
0.0361724
-0.0514833
-0.123174
-0.188916
-0.257341
-0.335187
-0.427642
-0.539175
-0.671275
-0.797146
-0.88002
-0.907796
-0.88421
-0.823842
-0.749028
-0.682015
-0.637558
-0.618844
-0.275439
-0.396452
-0.45483
-0.486063
-0.517182
-0.562156
-0.621411
-0.684211
-0.734146
-0.755596
-0.736062
-0.672899
-0.576127
-0.476828
-0.395723
-0.334428
-0.29056
-0.259696
-0.235606
-0.210596
-0.176112
-0.123385
-0.0443429
0.0671654
0.214998
0.400183
0.620578
0.870144
1.13919
1.4143
1.67759
1.90926
2.08888
2.19847
2.21949
2.1291
1.95719
1.72815
1.46375
1.18462
0.909853
0.655695
0.434088
0.251584
0.109056
0.00228224
-0.0767256
-0.137951
-0.19159
-0.246663
-0.310268
-0.387523
-0.482231
-0.596361
-0.714416
-0.801674
-0.840084
-0.829529
-0.779373
-0.707404
-0.633726
-0.572964
-0.52907
-0.494017
-0.327491
-0.413323
-0.461784
-0.500487
-0.547559
-0.608194
-0.674996
-0.732253
-0.76295
-0.752646
-0.69702
-0.598504
-0.487651
-0.392751
-0.318098
-0.26242
-0.22183
-0.190306
-0.160166
-0.122739
-0.0687956
0.0102248
0.120711
0.267041
0.450701
0.669736
0.918406
1.18664
1.46013
1.71961
1.94196
2.10656
2.19511
2.18639
2.07713
1.89725
1.66574
1.40179
1.12455
0.852011
0.599941
0.380263
0.199863
0.0601971
-0.0422984
-0.115085
-0.167933
-0.211192
-0.254272
-0.304716
-0.367931
-0.447363
-0.544991
-0.653232
-0.739999
-0.783936
-0.782807
-0.742602
-0.677259
-0.604899
-0.540502
-0.4895
-0.444888
-0.388301
-0.404117
-0.460789
-0.503948
-0.552445
-0.614433
-0.685439
-0.750451
-0.791139
-0.791654
-0.741079
-0.644743
-0.524377
-0.414104
-0.324001
-0.253899
-0.200699
-0.158802
-0.120694
-0.077683
-0.0201796
0.0609689
0.172565
0.319546
0.504289
0.725057
0.976198
1.2478
1.52422
1.78293
1.99905
2.15167
2.22069
2.17986
2.05563
1.86468
1.62598
1.35764
1.07758
0.803039
0.549263
0.328022
0.146403
0.0063526
-0.0950241
-0.164567
-0.211699
-0.246815
-0.279734
-0.318529
-0.369043
-0.435003
-0.518044
-0.616553
-0.702301
-0.74949
-0.754689
-0.721873
-0.662427
-0.592851
-0.528921
-0.478752
-0.438195
-0.389807
-0.305782
-0.503705
-0.537799
-0.579669
-0.638257
-0.71078
-0.782929
-0.834505
-0.846401
-0.804739
-0.711113
-0.583505
-0.457914
-0.351648
-0.265572
-0.197487
-0.142468
-0.0933912
-0.0417458
0.0223576
0.108432
0.223829
0.37426
0.562695
0.787401
1.04341
1.32088
1.60202
1.86243
2.07594
2.21983
2.25808
2.20019
2.06029
1.85695
1.6082
1.33189
1.04532
0.765134
0.506153
0.27996
0.0938226
-0.0498295
-0.153244
-0.222604
-0.266878
-0.296376
-0.321252
-0.350214
-0.389753
-0.444107
-0.515492
-0.602843
-0.687237
-0.740098
-0.752054
-0.72592
-0.671164
-0.603113
-0.538469
-0.488783
-0.454749
-0.423139
-0.366923
-0.249594
-0.623817
-0.641573
-0.684518
-0.750416
-0.825074
-0.886333
-0.910856
-0.880541
-0.793863
-0.660872
-0.520573
-0.397968
-0.29522
-0.21072
-0.140385
-0.0776394
-0.0143499
0.059433
0.153624
0.275758
0.432397
0.627068
0.857318
1.11861
1.40237
1.68838
1.95098
2.16516
2.29611
2.31724
2.24431
2.08933
1.87246
1.61182
1.325
1.02901
0.740036
0.47254
0.238019
0.0440271
-0.106427
-0.214899
-0.28694
-0.331053
-0.357378
-0.376281
-0.397039
-0.426873
-0.470607
-0.530976
-0.608447
-0.692745
-0.75414
-0.775649
-0.758246
-0.709307
-0.642562
-0.575184
-0.521985
-0.489358
-0.470922
-0.445385
-0.377061
-0.221234
-0.761436
-0.767752
-0.811459
-0.878088
-0.943184
-0.979248
-0.962082
-0.884762
-0.753181
-0.597655
-0.458493
-0.338497
-0.236542
-0.149177
-0.0705826
0.0068883
0.092986
0.197893
0.329507
0.494639
0.696825
0.933346
1.19909
1.48598
1.77511
2.0408
2.25731
2.37689
2.391
2.30868
2.14084
1.90992
1.63596
1.33661
1.02875
0.728273
0.449264
0.203205
-0.00192456
-0.162358
-0.278828
-0.356217
-0.402608
-0.427988
-0.442862
-0.456966
-0.478228
-0.512175
-0.562068
-0.629324
-0.711527
-0.783254
-0.81853
-0.814154
-0.775034
-0.712517
-0.643042
-0.583595
-0.545737
-0.530606
-0.525646
-0.50272
-0.41839
-0.220031
-0.913017
-0.910494
-0.951185
-1.00833
-1.04998
-1.04544
-0.976753
-0.85176
-0.685039
-0.527941
-0.389943
-0.269666
-0.164043
-0.0678838
0.02565
0.125987
0.243545
0.38604
0.560847
0.770542
1.01171
1.27929
1.56505
1.85208
2.11927
2.34159
2.4598
2.47448
2.38911
2.21287
1.96882
1.68053
1.36692
1.04498
0.73037
0.436943
0.176199
-0.0433348
-0.216959
-0.344405
-0.429781
-0.480761
-0.507255
-0.519943
-0.528972
-0.542921
-0.568075
-0.6083
-0.66561
-0.740152
-0.818781
-0.87138
-0.884423
-0.860228
-0.807135
-0.739498
-0.67474
-0.628056
-0.607102
-0.608206
-0.613747
-0.589954
-0.486479
-0.242997
-1.07453
-1.06271
-1.09295
-1.12812
-1.13008
-1.07167
-0.952121
-0.781709
-0.606394
-0.448066
-0.307843
-0.182424
-0.0670045
0.0443332
0.160254
0.291418
0.445322
0.628837
0.844574
1.08713
1.35168
1.63089
1.91038
2.17564
2.40628
2.5334
2.55875
2.47936
2.30128
2.04751
1.74506
1.41591
1.07782
0.746526
0.435797
0.157322
-0.0797589
-0.269715
-0.411137
-0.50722
-0.565154
-0.594796
-0.607072
-0.612543
-0.620347
-0.637482
-0.668422
-0.715548
-0.779941
-0.859407
-0.928275
-0.96097
-0.955488
-0.916955
-0.856603
-0.790531
-0.735588
-0.704126
-0.699787
-0.714778
-0.727503
-0.699674
-0.574849
-0.28521
-1.24134
-1.21643
-1.22621
-1.22419
-1.17247
-1.05983
-0.889459
-0.695916
-0.515579
-0.352759
-0.205556
-0.069016
0.0618744
0.194754
0.339759
0.504106
0.694151
0.912185
1.1524
1.40925
1.67638
1.94442
2.20549
2.44543
2.58965
2.63492
2.5715
2.40033
2.1428
1.82862
1.48354
1.12751
0.776905
0.445907
0.146668
-0.110924
-0.320119
-0.478368
-0.587884
-0.655264
-0.690245
-0.704013
-0.707594
-0.710678
-0.720906
-0.743494
-0.781185
-0.835368
-0.906523
-0.983476
-1.0368
-1.0523
-1.03223
-0.984434
-0.922373
-0.862682
-0.820479
-0.80478
-0.815468
-0.841391
-0.857964
-0.823391
-0.675954
-0.340627
-1.40817
-1.3633
-1.34001
-1.28734
-1.17445
-1.01136
-0.797923
-0.594982
-0.408309
-0.237544
-0.0784267
0.0733472
0.223937
0.382565
0.555359
0.748569
0.965068
1.19818
1.4436
1.69653
1.95154
2.20914
2.45948
2.62598
2.69691
2.65737
2.50241
2.24941
1.92872
1.56933
1.19426
0.821792
0.46737
0.144243
-0.136689
-0.36769
-0.54524
-0.670676
-0.749966
-0.792609
-0.809958
-0.813486
-0.813427
-0.817989
-0.833024
-0.861908
-0.905859
-0.965842
-1.04111
-1.10989
-1.14608
-1.14605
-1.11443
-1.06134
-1.00161
-0.951248
-0.922885
-0.922078
-0.945391
-0.979041
-0.996297
-0.952767
-0.782298
-0.403078
-1.5691
-1.49501
-1.42485
-1.31027
-1.14533
-0.926922
-0.69742
-0.484364
-0.287922
-0.104285
0.0697184
0.23864
0.410315
0.58981
0.782565
0.992848
1.2156
1.44635
1.68613
1.93135
2.18812
2.45051
2.64282
2.74083
2.72884
2.59838
2.35962
2.04052
1.67133
1.27786
0.881501
0.500426
0.150105
-0.156968
-0.412021
-0.61083
-0.754147
-0.847449
-0.899941
-0.923
-0.92843
-0.926966
-0.927352
-0.93598
-0.956867
-0.991716
-1.04066
-1.10496
-1.17843
-1.23344
-1.2532
-1.23953
-1.19926
-1.14431
-1.08987
-1.05048
-1.03585
-1.04826
-1.08146
-1.11969
-1.13479
-1.08058
-0.887359
-0.467099
-1.71843
-1.60364
-1.47589
-1.29835
-1.08334
-0.829039
-0.587105
-0.363539
-0.15441
0.0425342
0.229953
0.414069
0.598696
0.788514
0.988968
1.19763
1.41363
1.64126
1.88255
2.14221
2.41643
2.63676
2.75668
2.77417
2.67559
2.46197
2.15553
1.78475
1.37658
0.955883
0.545353
0.164458
-0.171624
-0.452779
-0.674304
-0.836788
-0.945528
-1.00952
-1.04009
-1.0492
-1.048
-1.04572
-1.04921
-1.06298
-1.08935
-1.12859
-1.18031
-1.24626
-1.31149
-1.34947
-1.35385
-1.32874
-1.28282
-1.22907
-1.18214
-1.15448
-1.1528
-1.17642
-1.21682
-1.25679
-1.26735
-1.20126
-0.986099
-0.528406
-1.8497
-1.68325
-1.49034
-1.26589
-0.994146
-0.723711
-0.470988
-0.235285
-0.0149661
0.191256
0.387732
0.576958
0.762468
0.951224
1.14408
1.34511
1.56327
1.8024
2.0648
2.34642
2.59548
2.73311
2.77825
2.71634
2.53915
2.25947
1.8999
1.48531
1.04311
0.601905
0.187513
-0.180417
-0.489642
-0.734995
-0.917297
-1.0421
-1.11843
-1.15755
-1.17153
-1.1718
-1.16801
-1.16746
-1.17506
-1.19355
-1.2238
-1.26498
-1.31681
-1.38036
-1.43258
-1.45325
-1.44372
-1.40976
-1.36131
-1.31148
-1.27368
-1.2579
-1.26801
-1.30083
-1.34602
-1.3854
-1.38959
-1.3109
-1.07503
-0.58399
-1.95697
-1.73087
-1.47368
-1.20357
-0.899761
-0.61607
-0.351514
-0.10665
0.119354
0.32916
0.523937
0.705978
0.883546
1.06249
1.24885
1.45584
1.69126
1.95166
2.2331
2.50088
2.65224
2.72299
2.69968
2.56776
2.33037
1.99967
1.59333
1.13801
0.66841
0.219159
-0.183012
-0.522197
-0.792333
-0.99469
-1.13549
-1.22414
-1.272
-1.29118
-1.29336
-1.2886
-1.28467
-1.28685
-1.29829
-1.32025
-1.35243
-1.39329
-1.44325
-1.49784
-1.53309
-1.5388
-1.51853
-1.47934
-1.43174
-1.3883
-1.36067
-1.35639
-1.37691
-1.41699
-1.46494
-1.50194
-1.49855
-1.40705
-1.15201
-0.631949
-2.03572
-1.74412
-1.43672
-1.11998
-0.800467
-0.504878
-0.233112
0.0146299
0.239983
0.442339
0.62395
0.793562
0.960484
1.13454
1.32982
1.55358
1.80535
2.08026
2.34029
2.50419
2.59594
2.60948
2.5268
2.34383
2.06128
1.68362
1.23064
0.740544
0.258273
-0.179232
-0.54994
-0.845746
-1.06822
-1.22454
-1.32488
-1.38093
-1.40491
-1.40872
-1.40284
-1.39555
-1.39264
-1.39758
-1.41195
-1.43576
-1.46779
-1.50595
-1.55154
-1.59417
-1.61301
-1.60627
-1.57859
-1.5376
-1.49364
-1.45812
-1.4408
-1.44704
-1.47627
-1.52172
-1.57072
-1.60405
-1.59239
-1.48832
-1.21586
-0.671209
-2.08309
-1.72649
-1.38232
-1.02721
-0.695987
-0.394346
-0.12148
0.122893
0.336558
0.521672
0.688004
0.846532
1.00934
1.19153
1.40012
1.63591
1.88268
2.12321
2.29459
2.40186
2.44403
2.40681
2.28171
2.06084
1.73339
1.30455
0.809301
0.301305
-0.169768
-0.572495
-0.894623
-1.13722
-1.30845
-1.41956
-1.48286
-1.5109
-1.51572
-1.50821
-1.49727
-1.48923
-1.48803
-1.49554
-1.51203
-1.53647
-1.56684
-1.60088
-1.63915
-1.6681
-1.67361
-1.65805
-1.62654
-1.5867
-1.5482
-1.52106
-1.51324
-1.52834
-1.56426
-1.61313
-1.66164
-1.69035
-1.67017
-1.55408
-1.2661
-0.701268
-2.09709
-1.68255
-1.30599
-0.931298
-0.592892
-0.289676
-0.0208676
0.209372
0.403558
0.571337
0.724912
0.878054
1.04689
1.23875
1.45124
1.66857
1.88132
2.04527
2.15779
2.2175
2.21365
2.13933
1.98218
1.71977
1.33843
0.860182
0.340948
-0.157118
-0.590053
-0.938379
-1.20097
-1.3865
-1.50743
-1.57702
-1.60834
-1.61371
-1.60429
-1.5895
-1.57638
-1.56938
-1.57078
-1.58102
-1.59926
-1.62357
-1.65133
-1.68027
-1.70922
-1.72497
-1.72094
-1.70013
-1.66769
-1.63087
-1.59839
-1.5789
-1.57885
-1.60046
-1.64062
-1.69077
-1.73721
-1.76046
-1.73166
-1.60425
-1.30267
-0.72197
-2.0775
-1.62141
-1.21295
-0.830897
-0.490501
-0.190968
0.0626026
0.272349
0.446997
0.598348
0.743267
0.899298
1.07366
1.26194
1.4521
1.63658
1.7812
1.88522
1.95036
1.96618
1.9278
1.82443
1.62887
1.31177
0.87488
0.365625
-0.146536
-0.603999
-0.976698
-1.25869
-1.4579
-1.5878
-1.66289
-1.69698
-1.70282
-1.69178
-1.67359
-1.65595
-1.64392
-1.64016
-1.64545
-1.65904
-1.67916
-1.70311
-1.72773
-1.75072
-1.77099
-1.77639
-1.76583
-1.74215
-1.71033
-1.67698
-1.64971
-1.63589
-1.64074
-1.6656
-1.70678
-1.75549
-1.79795
-1.81472
-1.77713
-1.63906
-1.32569
-0.73332
-2.0275
-1.54394
-1.11097
-0.726775
-0.389022
-0.104231
0.128852
0.316881
0.470409
0.608721
0.75219
0.90885
1.08082
1.24921
1.40579
1.52324
1.60912
1.66634
1.68848
1.66972
1.6025
1.46239
1.21289
0.836073
0.360771
-0.146466
-0.6176
-1.00994
-1.30956
-1.52165
-1.65988
-1.73996
-1.77673
-1.78349
-1.77193
-1.75187
-1.73133
-1.71603
-1.70906
-1.71145
-1.72277
-1.74137
-1.76497
-1.79037
-1.81405
-1.83152
-1.84473
-1.83846
-1.81761
-1.78686
-1.75144
-1.71743
-1.69158
-1.68014
-1.68728
-1.71343
-1.75437
-1.80097
-1.83931
-1.84991
-1.8043
-1.65693
-1.33428
-0.73503
-1.94891
-1.44728
-1.00484
-0.620604
-0.294977
-0.0293312
0.180824
0.343496
0.478957
0.610294
0.754383
0.912656
1.0669
1.20098
1.28901
1.34958
1.38988
1.4052
1.39162
1.34193
1.23795
1.04539
0.734686
0.312977
-0.167378
-0.636214
-1.03953
-1.35308
-1.57663
-1.72269
-1.80764
-1.84757
-1.85648
-1.84645
-1.82752
-1.80733
-1.79161
-1.78338
-1.78326
-1.79056
-1.80356
-1.81745
-1.82848
-1.83626
-1.84007
-1.84368
-1.83963
-1.82384
-1.79851
-1.76735
-1.73484
-1.70633
-1.68758
-1.68376
-1.69795
-1.72968
-1.7741
-1.8217
-1.85839
-1.86476
-1.81272
-1.65771
-1.32825
-0.726708
-1.84606
-1.33465
-0.89099
-0.515645
-0.20694
0.0359024
0.217804
0.357452
0.479408
0.612944
0.761985
0.905795
1.02463
1.08911
1.12278
1.13986
1.14026
1.1196
1.07246
0.984592
0.829694
0.57684
0.21697
-0.217871
-0.665961
-1.0679
-1.38908
-1.62172
-1.77494
-1.86484
-1.90788
-1.91882
-1.90918
-1.88865
-1.86452
-1.8421
-1.8256
-1.81492
-1.8093
-1.81006
-1.81606
-1.82505
-1.83386
-1.83929
-1.83881
-1.83394
-1.82122
-1.80001
-1.77265
-1.74242
-1.71318
-1.68945
-1.67604
-1.67718
-1.69528
-1.72956
-1.77507
-1.82226
-1.85691
-1.85946
-1.802
-1.6408
-1.30682
-0.707551
-1.72701
-1.20525
-0.7708
-0.41018
-0.123092
0.090201
0.244709
0.364287
0.488494
0.628454
0.765841
0.875248
0.926624
0.938931
0.93203
0.912739
0.878466
0.82314
0.736371
0.598818
0.385951
0.0822171
-0.298477
-0.710344
-1.09715
-1.41768
-1.65572
-1.81514
-1.90972
-1.95564
-1.96702
-1.95608
-1.93148
-1.90201
-1.87149
-1.84438
-1.82553
-1.81572
-1.81347
-1.81698
-1.82397
-1.83151
-1.8363
-1.83505
-1.82555
-1.81114
-1.79071
-1.76482
-1.73573
-1.70626
-1.67959
-1.65937
-1.6495
-1.65348
-1.67328
-1.70806
-1.75307
-1.79897
-1.83155
-1.83111
-1.76962
-1.60409
-1.26836
-0.676361
-1.58716
-1.0665
-0.645747
-0.304331
-0.0462477
0.136398
0.26533
0.384009
0.514044
0.64441
0.749808
0.798499
0.798713
0.773333
0.73498
0.685194
0.618105
0.524098
0.389618
0.197392
-0.0659095
-0.396675
-0.7656
-1.12668
-1.43819
-1.67737
-1.84162
-1.94081
-1.98928
-2.00107
-1.98812
-1.96098
-1.9242
-1.88842
-1.85839
-1.83596
-1.82222
-1.81657
-1.81691
-1.82074
-1.82519
-1.82718
-1.82339
-1.81142
-1.79063
-1.76646
-1.73879
-1.70861
-1.67795
-1.64907
-1.62449
-1.60706
-1.59987
-1.60574
-1.62629
-1.66068
-1.70446
-1.74872
-1.7795
-1.77699
-1.71301
-1.54526
-1.21094
-0.63176
-1.42696
-0.920465
-0.516924
-0.202162
0.023749
0.17681
0.29848
0.420094
0.541488
0.643948
0.697956
0.695944
0.660212
0.608386
0.545756
0.468664
0.367392
0.230331
0.0459769
-0.194117
-0.488405
-0.818504
-1.15068
-1.44787
-1.6847
-1.85238
-1.95614
-2.00738
-2.02025
-2.00571
-1.97403
-1.93723
-1.90062
-1.86845
-1.84313
-1.82521
-1.81457
-1.80976
-1.80833
-1.80745
-1.80424
-1.79583
-1.77941
-1.75372
-1.72187
-1.68878
-1.65487
-1.62125
-1.58961
-1.56171
-1.53944
-1.52493
-1.52051
-1.52836
-1.54969
-1.58366
-1.62618
-1.66888
-1.69822
-1.6945
-1.62945
-1.4617
-1.13237
-0.572245
-1.25056
-0.765911
-0.387261
-0.104911
0.0885147
0.226099
0.345649
0.458026
0.556658
0.617288
0.621524
0.583956
0.525081
0.455147
0.372513
0.268678
0.131709
-0.0482615
-0.275852
-0.54796
-0.850542
-1.1583
-1.44138
-1.67421
-1.84492
-1.95296
-2.0089
-2.02197
-2.00696
-1.97762
-1.94162
-1.90496
-1.87076
-1.8415
-1.81828
-1.80093
-1.78854
-1.77931
-1.7707
-1.76009
-1.74497
-1.7228
-1.69212
-1.65341
-1.61234
-1.57241
-1.5342
-1.49873
-1.46732
-1.44128
-1.42194
-1.41076
-1.40939
-1.41938
-1.44158
-1.47516
-1.51639
-1.55751
-1.58554
-1.58107
-1.51609
-1.35057
-1.03035
-0.496308
-1.06154
-0.606683
-0.260491
-0.0124869
0.156954
0.285408
0.394115
0.487985
0.550073
0.565578
0.534236
0.474535
0.401987
0.319015
0.217981
0.0872
-0.0844367
-0.301585
-0.559776
-0.845758
-1.13803
-1.4109
-1.64196
-1.81547
-1.93106
-1.98892
-2.00522
-1.995
-1.96877
-1.93438
-1.89674
-1.85971
-1.8253
-1.79496
-1.76909
-1.74713
-1.72791
-1.70964
-1.69006
-1.66709
-1.63869
-1.60288
-1.55961
-1.51269
-1.46625
-1.4229
-1.38322
-1.34802
-1.31825
-1.29479
-1.2785
-1.27032
-1.27133
-1.28259
-1.30466
-1.33676
-1.37562
-1.41414
-1.44006
-1.43452
-1.37021
-1.20914
-0.902769
-0.402686
-0.865584
-0.447966
-0.137963
0.0780185
0.231383
0.3462
0.43634
0.498018
0.523218
0.502184
0.447359
0.375634
0.295267
0.201529
0.0822844
-0.0747779
-0.277017
-0.522079
-0.796644
-1.08079
-1.34982
-1.58218
-1.76298
-1.88018
-1.94467
-1.9692
-1.96562
-1.94368
-1.91053
-1.8716
-1.83045
-1.78987
-1.75136
-1.7159
-1.68358
-1.65377
-1.62538
-1.59685
-1.56646
-1.53252
-1.4932
-1.44767
-1.3973
-1.34732
-1.29984
-1.25661
-1.21805
-1.18474
-1.15727
-1.13615
-1.12187
-1.11501
-1.11624
-1.12631
-1.1456
-1.17347
-1.20717
-1.24042
-1.26191
-1.25378
-1.19004
-1.03561
-0.74839
-0.290846
-0.668819
-0.294158
-0.0228479
0.170073
0.304339
0.399903
0.465209
0.493058
0.48312
0.43687
0.368784
0.291505
0.206141
0.102198
-0.0348579
-0.215476
-0.441367
-0.703046
-0.979972
-1.24998
-1.48495
-1.66643
-1.79333
-1.87093
-1.90778
-1.91349
-1.89706
-1.86581
-1.82538
-1.78017
-1.73326
-1.68697
-1.6426
-1.60084
-1.56165
-1.5245
-1.48844
-1.45214
-1.4143
-1.3734
-1.32776
-1.27764
-1.22667
-1.17792
-1.13265
-1.09184
-1.05575
-1.02469
-0.998942
-0.978726
-0.964282
-0.955935
-0.954141
-0.959429
-0.972122
-0.991759
-1.01614
-1.03999
-1.05334
-1.03994
-0.976045
-0.830414
-0.567997
-0.161731
-0.47668
-0.150032
0.0885869
0.256509
0.370607
0.443787
0.478337
0.47723
0.439821
0.37826
0.304675
0.226182
0.138068
0.025956
-0.125254
-0.322045
-0.560272
-0.824357
-1.08549
-1.32088
-1.5156
-1.6618
-1.7593
-1.81333
-1.832
-1.82357
-1.79584
-1.75535
-1.70731
-1.6558
-1.60365
-1.55281
-1.50429
-1.4585
-1.41532
-1.37421
-1.3343
-1.29453
-1.25364
-1.21001
-1.16276
-1.11308
-1.06508
-1.01992
-0.978214
-0.940432
-0.906645
-0.87692
-0.851293
-0.829791
-0.812477
-0.799519
-0.791226
-0.788001
-0.79014
-0.797376
-0.808087
-0.818112
-0.819223
-0.797548
-0.732575
-0.59789
-0.365815
-0.0187573
-0.296641
-0.0169349
0.189797
0.333562
0.426589
0.477817
0.485782
0.460373
0.408157
0.341296
0.269213
0.194118
0.107627
-0.00708596
-0.164016
-0.364908
-0.598852
-0.847849
-1.09028
-1.30425
-1.47602
-1.59997
-1.67739
-1.71387
-1.71752
-1.69658
-1.65883
-1.61082
-1.55764
-1.50296
-1.44915
-1.39757
-1.34882
-1.30298
-1.25978
-1.21867
-1.17877
-1.13919
-1.09864
-1.05549
-1.00973
-0.963893
-0.920166
-0.878996
-0.840605
-0.8051
-0.772391
-0.742362
-0.714885
-0.689846
-0.667187
-0.646963
-0.629371
-0.614727
-0.603327
-0.5951
-0.589
-0.582038
-0.567978
-0.535929
-0.469513
-0.347926
-0.150853
0.131228
-0.137283
0.095942
0.272199
0.394324
0.468816
0.501685
0.492452
0.454311
0.398138
0.334116
0.268248
0.19968
0.118171
0.0063329
-0.146122
-0.339222
-0.56483
-0.803236
-1.03183
-1.23019
-1.38523
-1.49208
-1.55274
-1.57372
-1.56403
-1.53283
-1.48835
-1.43705
-1.38347
-1.3305
-1.27966
-1.23166
-1.18661
-1.14432
-1.10437
-1.06616
-1.02896
-0.991855
-0.953509
-0.912989
-0.870674
-0.82945
-0.78988
-0.752061
-0.715966
-0.681492
-0.648436
-0.616575
-0.58568
-0.555547
-0.526034
-0.497112
-0.468892
-0.44163
-0.415642
-0.391063
-0.3674
-0.342803
-0.313065
-0.270505
-0.203343
-0.0967739
0.0624997
0.277482
-0.0156556
0.171707
0.319825
0.4237
0.484955
0.507089
0.493149
0.455081
0.404942
0.349709
0.292858
0.232028
0.15694
0.0539961
-0.087958
-0.270627
-0.485008
-0.711909
-0.928399
-1.1137
-1.2541
-1.34485
-1.38912
-1.3954
-1.37449
-1.33661
-1.29
-1.24036
-1.19115
-1.1441
-1.09987
-1.05851
-1.01975
-0.983201
-0.948377
-0.914689
-0.881528
-0.848056
-0.813106
-0.776361
-0.738893
-0.702161
-0.666258
-0.631099
-0.596529
-0.562348
-0.528302
-0.494123
-0.459541
-0.424307
-0.388232
-0.351222
-0.313323
-0.274742
-0.235809
-0.196825
-0.157764
-0.117768
-0.074465
-0.0232286
0.0431952
0.133746
0.255345
0.40594
0.0495199
0.193315
0.316231
0.406775
0.463183
0.487273
0.482554
0.45856
0.424552
0.384309
0.339552
0.287219
0.217879
0.12458
-0.0058728
-0.17544
-0.376851
-0.59193
-0.796884
-0.969023
-1.09338
-1.16599
-1.19262
-1.18471
-1.15483
-1.11358
-1.0684
-1.02364
-0.981389
-0.942275
-0.906182
-0.872668
-0.841203
-0.811287
-0.782419
-0.754083
-0.725811
-0.696942
-0.666652
-0.635018
-0.603066
-0.571181
-0.539283
-0.50722
-0.474807
-0.441827
-0.408033
-0.373162
-0.336946
-0.299124
-0.25947
-0.217829
-0.174157
-0.128554
-0.0812669
-0.0326203
0.0171529
0.0681916
0.12138
0.178708
0.243359
0.318925
0.406747
0.500992
0.035509
0.138569
0.239508
0.323302
0.386073
0.427686
0.448978
0.455271
0.450082
0.43398
0.406979
0.365122
0.297782
0.204561
0.0807664
-0.0774482
-0.26616
-0.468878
-0.660196
-0.814826
-0.917515
-0.967062
-0.973181
-0.950239
-0.911829
-0.867967
-0.824678
-0.784798
-0.749116
-0.71735
-0.688794
-0.66267
-0.638284
-0.615073
-0.592553
-0.570308
-0.547989
-0.525165
-0.501489
-0.477066
-0.452255
-0.427059
-0.401352
-0.374984
-0.347783
-0.31956
-0.290098
-0.259158
-0.226476
-0.191768
-0.154745
-0.115126
-0.0726781
-0.0272444
0.0212185
0.072634
0.126834
0.183627
0.242876
0.304516
0.368342
0.43331
0.495824
0.546964
