0.54644
0.486317
0.41436
0.341082
0.271251
0.206277
0.146103
0.0902712
0.0383489
-0.00998118
-0.0549556
-0.0967816
-0.135672
-0.171861
-0.205604
-0.237169
-0.266825
-0.294833
-0.321436
-0.346855
-0.371288
-0.394912
-0.417878
-0.44032
-0.462353
-0.483959
-0.504722
-0.524608
-0.543941
-0.56306
-0.582287
-0.601943
-0.622383
-0.644023
-0.667379
-0.693061
-0.721722
-0.753876
-0.78952
-0.827453
-0.864247
-0.892985
-0.90224
-0.876337
-0.798312
-0.656639
-0.453581
-0.209877
0.04097
0.266284
0.446147
0.566584
0.6175
0.622533
0.602934
0.569271
0.525059
0.469934
0.402454
0.325632
0.242754
0.15459
0.0613322
-0.0342598
0.519036
0.416617
0.318025
0.231395
0.157534
0.0939176
0.0374137
-0.0144494
-0.0632033
-0.109612
-0.153958
-0.196292
-0.236597
-0.274889
-0.311251
-0.345836
-0.37885
-0.410532
-0.441129
-0.470883
-0.50002
-0.528739
-0.5572
-0.585532
-0.6138
-0.641648
-0.667903
-0.692723
-0.71675
-0.74052
-0.764469
-0.788962
-0.814338
-0.84095
-0.86919
-0.899493
-0.932262
-0.967669
-1.00525
-1.04319
-1.07734
-1.10002
-1.09943
-1.06039
-0.967853
-0.81316
-0.600834
-0.351883
-0.098946
0.12529
0.299691
0.423925
0.494963
0.531961
0.551827
0.560752
0.559096
0.541004
0.500655
0.439917
0.360658
0.261379
0.13902
-0.00698291
0.445604
0.290129
0.158248
0.0549401
-0.0235775
-0.0843242
-0.133987
-0.177455
-0.217707
-0.256255
-0.293698
-0.33016
-0.365593
-0.399946
-0.433238
-0.46558
-0.497158
-0.528206
-0.558977
-0.58972
-0.620664
-0.651998
-0.683845
-0.716267
-0.749178
-0.781257
-0.811182
-0.839498
-0.867098
-0.894695
-0.922836
-0.95194
-0.982347
-1.01436
-1.04827
-1.08433
-1.12262
-1.16287
-1.20392
-1.24308
-1.27522
-1.29193
-1.28129
-1.22914
-1.12225
-0.953735
-0.728729
-0.468087
-0.204681
0.0272914
0.205522
0.328876
0.407448
0.461737
0.505279
0.540426
0.565732
0.571542
0.548809
0.497911
0.418423
0.305469
0.151714
-0.0475568
0.339149
0.124598
-0.0430091
-0.163187
-0.245139
-0.300809
-0.340684
-0.372269
-0.400174
-0.426847
-0.453369
-0.480086
-0.507026
-0.534152
-0.561468
-0.589066
-0.617109
-0.645809
-0.67539
-0.706058
-0.737993
-0.77131
-0.806007
-0.841981
-0.878768
-0.913711
-0.946084
-0.976896
-1.00719
-1.0378
-1.06937
-1.10238
-1.13718
-1.17405
-1.21318
-1.2546
-1.29801
-1.34248
-1.38602
-1.42491
-1.45308
-1.46157
-1.43874
-1.37141
-1.2476
-1.06137
-0.818496
-0.541323
-0.264731
-0.025108
0.158232
0.279693
0.36085
0.424107
0.48011
0.528251
0.566365
0.583502
0.568969
0.521093
0.436225
0.305225
0.116198
-0.139407
0.212839
-0.0624844
-0.265105
-0.400453
-0.483918
-0.532587
-0.560749
-0.578527
-0.59222
-0.605286
-0.619359
-0.635051
-0.652497
-0.671675
-0.692571
-0.715238
-0.739791
-0.766378
-0.795143
-0.826191
-0.859588
-0.895308
-0.933111
-0.97259
-1.0122
-1.04878
-1.08258
-1.11485
-1.1467
-1.17906
-1.21265
-1.24801
-1.28556
-1.32556
-1.36806
-1.41279
-1.45897
-1.50494
-1.54785
-1.58305
-1.60377
-1.60077
-1.56257
-1.47634
-1.33056
-1.12029
-0.853421
-0.556572
-0.267033
-0.0190424
0.160487
0.277241
0.357722
0.424183
0.483623
0.533689
0.572595
0.590274
0.57538
0.523535
0.427219
0.27286
0.0447061
-0.268416
0.0790447
-0.255053
-0.489719
-0.637656
-0.720979
-0.761837
-0.778049
-0.782138
-0.781987
-0.782035
-0.78446
-0.790119
-0.799216
-0.81171
-0.827528
-0.846648
-0.869095
-0.894909
-0.924092
-0.956585
-0.992292
-1.03097
-1.07201
-1.1145
-1.15511
-1.19183
-1.22555
-1.25757
-1.28906
-1.32103
-1.35434
-1.38965
-1.42742
-1.46789
-1.51095
-1.55595
-1.60159
-1.64549
-1.68405
-1.71187
-1.72163
-1.70348
-1.64539
-1.53402
-1.35793
-1.11481
-0.816491
-0.492151
-0.190443
0.0513072
0.217852
0.324337
0.399745
0.463269
0.517494
0.560339
0.591094
0.601345
0.579302
0.517213
0.40352
0.220753
-0.0493358
-0.419483
-0.0522356
-0.440356
-0.702749
-0.86051
-0.942695
-0.976172
-0.981791
-0.97408
-0.962273
-0.95168
-0.944954
-0.943146
-0.946467
-0.954787
-0.967911
-0.985681
-1.00798
-1.03467
-1.06555
-1.10035
-1.13876
-1.18027
-1.22372
-1.26724
-1.30628
-1.34072
-1.37179
-1.40083
-1.42912
-1.45784
-1.48804
-1.52053
-1.55585
-1.59419
-1.63519
-1.67778
-1.72013
-1.75915
-1.79059
-1.80816
-1.80356
-1.76557
-1.6805
-1.53412
-1.31499
-1.02112
-0.680758
-0.337784
-0.0417185
0.177026
0.318673
0.407993
0.473294
0.527363
0.568803
0.59867
0.616556
0.615357
0.582315
0.505835
0.370617
0.15631
-0.156908
-0.58284
-0.174049
-0.609745
-0.894976
-1.05996
-1.14058
-1.16787
-1.16512
-1.14842
-1.12805
-1.11005
-1.09746
-1.09146
-1.09218
-1.0993
-1.11242
-1.13113
-1.15509
-1.18392
-1.21714
-1.25418
-1.29456
-1.33741
-1.38084
-1.42103
-1.45522
-1.48419
-1.50937
-1.53226
-1.55441
-1.57725
-1.60212
-1.63
-1.66141
-1.69643
-1.73431
-1.77348
-1.81148
-1.8444
-1.86706
-1.87177
-1.84835
-1.78316
-1.65923
-1.45632
-1.17432
-0.827875
-0.457381
-0.116566
0.150028
0.328722
0.437003
0.505879
0.557714
0.596806
0.620517
0.634
0.638476
0.625572
0.580502
0.487882
0.329226
0.0817672
-0.276155
-0.753414
-0.282304
-0.758378
-1.06155
-1.23145
-1.31033
-1.33275
-1.32387
-1.30089
-1.27492
-1.25256
-1.23719
-1.23003
-1.23104
-1.2396
-1.25495
-1.27631
-1.303
-1.33429
-1.36935
-1.40728
-1.44746
-1.4886
-1.52793
-1.56031
-1.58586
-1.60595
-1.6223
-1.63676
-1.65119
-1.66735
-1.6868
-1.71052
-1.73886
-1.77158
-1.80734
-1.84385
-1.8778
-1.90405
-1.91593
-1.90341
-1.85253
-1.74075
-1.55518
-1.28515
-0.938996
-0.549037
-0.170164
0.141835
0.357582
0.485884
0.559105
0.607314
0.64231
0.661247
0.665181
0.661515
0.654232
0.630722
0.573565
0.46401
0.279884
-0.00471062
-0.405502
-0.92677
-0.375138
-0.884334
-1.20087
-1.37366
-1.45065
-1.46922
-1.45583
-1.4285
-1.39897
-1.37434
-1.35825
-1.35193
-1.35509
-1.36669
-1.38545
-1.41012
-1.43952
-1.47249
-1.50779
-1.54414
-1.58085
-1.61624
-1.64595
-1.66744
-1.68208
-1.69178
-1.69871
-1.70508
-1.71301
-1.72447
-1.74101
-1.76335
-1.79138
-1.82431
-1.85986
-1.89478
-1.92442
-1.94181
-1.93713
-1.89174
-1.79276
-1.62138
-1.36459
-1.02135
-0.615866
-0.200239
0.159695
0.416717
0.566604
0.642028
0.682389
0.708941
0.72166
0.716326
0.700286
0.682933
0.66604
0.63284
0.562734
0.433018
0.217428
-0.103937
-0.54194
-1.09877
-0.452205
-0.987612
-1.31342
-1.48729
-1.56212
-1.57739
-1.56042
-1.52975
-1.49764
-1.47163
-1.45562
-1.45084
-1.45672
-1.47174
-1.49399
-1.52162
-1.55288
-1.58608
-1.61952
-1.65155
-1.68158
-1.70774
-1.72506
-1.73469
-1.73859
-1.73916
-1.73891
-1.74024
-1.74526
-1.75584
-1.77333
-1.79777
-1.82836
-1.8635
-1.89961
-1.93197
-1.95327
-1.94876
-1.91036
-1.82091
-1.66324
-1.41977
-1.08265
-0.665099
-0.213197
0.200965
0.510157
0.69007
0.76836
0.794918
0.804824
0.805353
0.789746
0.759429
0.724841
0.69939
0.675169
0.631786
0.544136
0.386928
0.138985
-0.215351
-0.683047
-1.26706
-0.514048
-1.06927
-1.40072
-1.57401
-1.64622
-1.65837
-1.63824
-1.60466
-1.57028
-1.54304
-1.52713
-1.52379
-1.53219
-1.5503
-1.57557
-1.60545
-1.63754
-1.66956
-1.69928
-1.72475
-1.74576
-1.76037
-1.76632
-1.76613
-1.76223
-1.75734
-1.75405
-1.75462
-1.76082
-1.77424
-1.79579
-1.82456
-1.85874
-1.89548
-1.92793
-1.94611
-1.94462
-1.91019
-1.82951
-1.68419
-1.45526
-1.1278
-0.70469
-0.22122
0.250597
0.626232
0.854466
0.946935
0.959211
0.94376
0.921679
0.888931
0.841329
0.786706
0.742495
0.712326
0.680908
0.621907
0.509486
0.322769
0.0445767
-0.336824
-0.826017
-1.42894
-0.561649
-1.13084
-1.46469
-1.63578
-1.70469
-1.71359
-1.6905
-1.65433
-1.61795
-1.58967
-1.57393
-1.57204
-1.58292
-1.60402
-1.63212
-1.66389
-1.69621
-1.72617
-1.75105
-1.76874
-1.78008
-1.78404
-1.78151
-1.7751
-1.76743
-1.76124
-1.7589
-1.76221
-1.77235
-1.79051
-1.81695
-1.84901
-1.87997
-1.90767
-1.9254
-1.92378
-1.89334
-1.81991
-1.68673
-1.47291
-1.15941
-0.739345
-0.235347
0.288468
0.738447
1.03627
1.16642
1.17761
1.1364
1.08274
1.02257
0.951039
0.872127
0.802127
0.754629
0.720384
0.675532
0.594083
0.454356
0.239201
-0.0646858
-0.466079
-0.969345
-1.58007
-0.596152
-1.17392
-1.50725
-1.67454
-1.73928
-1.74462
-1.71868
-1.68037
-1.64269
-1.61414
-1.59942
-1.59981
-1.61398
-1.63877
-1.67018
-1.70405
-1.73645
-1.76385
-1.78311
-1.79225
-1.7946
-1.79144
-1.78446
-1.77591
-1.76816
-1.76385
-1.76486
-1.77213
-1.78559
-1.8022
-1.82468
-1.84973
-1.87239
-1.88721
-1.88626
-1.85918
-1.79345
-1.67181
-1.47382
-1.17761
-0.769419
-0.259222
0.301749
0.821145
1.20103
1.39469
1.43111
1.37874
1.29461
1.1996
1.09498
0.984325
0.882544
0.808814
0.759534
0.71411
0.649285
0.542666
0.376174
0.136324
-0.187057
-0.601097
-1.11137
-1.71955
-0.618703
-1.20006
-1.53021
-1.69217
-1.75182
-1.75318
-1.72459
-1.68492
-1.6472
-1.62006
-1.60823
-1.61287
-1.63215
-1.66217
-1.69797
-1.73449
-1.76707
-1.79161
-1.80459
-1.80476
-1.80094
-1.79578
-1.78874
-1.78031
-1.77075
-1.76074
-1.75526
-1.75577
-1.76297
-1.7765
-1.79507
-1.81452
-1.82877
-1.83014
-1.80841
-1.75056
-1.64065
-1.45849
-1.1819
-0.79251
-0.290064
0.288944
0.861704
1.3218
1.59541
1.68433
1.6478
1.54902
1.42262
1.28
1.1297
0.989071
0.88131
0.806862
0.747891
0.684845
0.597091
0.465411
0.275392
0.0167244
-0.318671
-0.737442
-1.24603
-1.84147
-0.630384
-1.21066
-1.5352
-1.6905
-1.7443
-1.74147
-1.71064
-1.6708
-1.635
-1.61183
-1.60578
-1.61749
-1.64432
-1.68132
-1.72251
-1.76191
-1.79408
-1.81411
-1.81732
-1.80318
-1.78389
-1.75999
-1.7355
-1.71331
-1.69571
-1.68452
-1.68109
-1.68594
-1.69852
-1.71691
-1.73752
-1.75433
-1.75944
-1.74313
-1.69316
-1.59424
-1.42771
-1.17167
-0.805717
-0.322039
0.256418
0.861023
1.38738
1.74346
1.90352
1.90946
1.82271
1.68149
1.50642
1.31389
1.12775
0.979059
0.8708
0.787457
0.712708
0.62899
0.517957
0.363805
0.15547
-0.115185
-0.455378
-0.872383
-1.36907
-1.93648
-0.632152
-1.20685
-1.52354
-1.67097
-1.7182
-1.71066
-1.67711
-1.63645
-1.6015
-1.58043
-1.57716
-1.59154
-1.61993
-1.65637
-1.69394
-1.72597
-1.74677
-1.75224
-1.74044
-1.71928
-1.69657
-1.67307
-1.65111
-1.63278
-1.61986
-1.61377
-1.61523
-1.62407
-1.63884
-1.65652
-1.67209
-1.67821
-1.66538
-1.62191
-1.53332
-1.38182
-1.14663
-0.806602
-0.349254
0.21349
0.828167
1.40003
1.82938
2.06716
2.13461
2.08467
1.9545
1.76369
1.53599
1.30213
1.10777
0.958356
0.842037
0.744567
0.651337
0.546377
0.414028
0.241847
0.0211972
-0.255238
-0.595046
-1.00649
-1.47812
-1.99409
-0.62427
-1.18793
-1.49343
-1.63087
-1.66992
-1.65617
-1.61839
-1.57549
-1.54031
-1.52105
-1.52141
-1.54068
-1.57429
-1.61509
-1.65495
-1.68629
-1.70305
-1.70114
-1.67842
-1.64895
-1.62206
-1.5967
-1.57473
-1.55771
-1.54686
-1.54295
-1.54603
-1.55513
-1.56787
-1.58004
-1.58522
-1.57454
-1.53671
-1.45786
-1.32114
-1.10666
-0.793644
-0.367049
0.169077
0.775045
1.3697
1.85517
2.16687
2.30478
2.30923
2.21275
2.03077
1.78537
1.50838
1.26761
1.07296
0.917489
0.789245
0.675796
0.56392
0.439601
0.290098
0.105673
-0.121091
-0.397688
-0.732144
-1.1309
-1.57023
-2.01926
-0.607792
-1.15631
-1.44886
-1.57583
-1.60702
-1.58818
-1.5481
-1.50564
-1.47345
-1.45935
-1.46638
-1.49283
-1.53284
-1.57785
-1.61857
-1.64665
-1.65581
-1.64175
-1.60747
-1.5718
-1.54063
-1.51291
-1.49008
-1.47322
-1.46297
-1.45948
-1.46208
-1.46898
-1.47676
-1.47988
-1.47036
-1.43755
-1.36812
-1.2459
-1.05194
-0.766109
-0.372419
0.130198
0.713096
1.30946
1.82987
2.20317
2.41115
2.47851
2.43066
2.27763
2.03686
1.73304
1.45076
1.21153
1.01435
0.850491
0.709612
0.580978
0.452879
0.313501
0.152581
-0.0380707
-0.265849
-0.538985
-0.865496
-1.2399
-1.63377
-2.00988
-0.583195
-1.11249
-1.39032
-1.50626
-1.52984
-1.50678
-1.46591
-1.42592
-1.39906
-1.39246
-1.40809
-1.44281
-1.48912
-1.53691
-1.57577
-1.59699
-1.59446
-1.56464
-1.51883
-1.478
-1.44284
-1.41278
-1.38888
-1.37176
-1.36149
-1.3576
-1.35863
-1.36183
-1.36251
-1.35359
-1.32527
-1.26486
-1.1568
-0.98296
-0.724016
-0.363883
0.101467
0.651536
1.23247
1.76642
2.18326
2.45284
2.58456
2.59324
2.4818
2.26148
1.95544
1.64206
1.36452
1.12758
0.926909
0.754891
0.603296
0.462898
0.32346
0.175023
0.00883041
-0.182943
-0.408364
-0.676033
-0.991942
-1.33013
-1.66149
-1.96609
-0.551051
-1.05705
-1.31841
-1.42288
-1.43916
-1.4128
-1.37256
-1.33681
-1.31719
-1.31973
-1.34491
-1.38771
-1.4387
-1.48623
-1.51918
-1.52901
-1.5102
-1.46359
-1.4087
-1.36344
-1.32505
-1.29331
-1.2689
-1.25197
-1.242
-1.23775
-1.23681
-1.23517
-1.2266
-1.20218
-1.15007
-1.05545
-0.900938
-0.668108
-0.341258
0.0852358
0.596602
1.14971
1.67873
2.11923
2.43549
2.62502
2.6922
2.63072
2.4439
2.15328
1.82454
1.51856
1.2481
1.01297
0.809308
0.631929
0.474235
0.327864
0.183558
0.032439
-0.133739
-0.323163
-0.544484
-0.805144
-1.10182
-1.39481
-1.6561
-1.89267
-0.512244
-0.99093
-1.23422
-1.32699
-1.33656
-1.30803
-1.26993
-1.24012
-1.22927
-1.24192
-1.27655
-1.3259
-1.37853
-1.4216
-1.44394
-1.43792
-1.39947
-1.33839
-1.27877
-1.23028
-1.19013
-1.15819
-1.13467
-1.1191
-1.11022
-1.10577
-1.10211
-1.09368
-1.07242
-1.02742
-0.94479
-0.808135
-0.600015
-0.305405
0.0820962
0.551764
1.06904
1.57906
2.02506
2.37045
2.60498
2.72499
2.7166
2.57311
2.3106
1.98099
1.65992
1.36463
1.10054
0.867602
0.664479
0.487602
0.330637
0.18521
0.0423948
-0.106324
-0.269336
-0.455388
-0.673017
-0.926311
-1.18718
-1.42089
-1.61499
-1.79224
-0.468122
-0.915642
-1.13946
-1.22064
-1.22448
-1.19528
-1.16102
-1.1388
-1.13793
-1.16097
-1.20398
-1.25729
-1.3077
-1.34194
-1.34972
-1.3249
-1.26699
-1.19575
-1.13467
-1.08556
-1.04617
-1.01626
-0.995407
-0.98234
-0.974793
-0.969272
-0.960615
-0.941481
-0.90191
-0.829152
-0.708027
-0.522371
-0.258101
0.0914427
0.518502
0.995394
1.47682
1.91389
2.27177
2.53579
2.69706
2.73729
2.64067
2.4183
2.0994
1.77561
1.4665
1.18064
0.923196
0.696771
0.501322
0.332796
0.1838
0.0453932
-0.0913405
-0.234839
-0.393765
-0.576871
-0.790679
-1.02705
-1.24258
-1.41204
-1.54344
-1.67074
-0.420647
-0.833414
-1.03662
-1.10672
-1.10628
-1.07831
-1.04988
-1.0369
-1.04687
-1.07993
-1.1294
-1.18329
-1.22729
-1.24857
-1.23848
-1.19292
-1.12077
-1.04771
-0.987643
-0.940388
-0.904094
-0.878022
-0.860856
-0.850258
-0.842717
-0.833267
-0.815071
-0.77903
-0.713588
-0.60501
-0.438722
-0.201938
0.111844
0.497082
0.931754
1.37881
1.79669
2.15344
2.43218
2.62057
2.69879
2.64471
2.4624
2.17317
1.85674
1.54382
1.24521
0.969471
0.724161
0.512757
0.333738
0.180884
0.0452884
-0.0824756
-0.21119
-0.349184
-0.505219
-0.686999
-0.896283
-1.09781
-1.25685
-1.36617
-1.44443
-1.53252
-0.372514
-0.747358
-0.929167
-0.989095
-0.986292
-0.961859
-0.941484
-0.939382
-0.960749
-1.00289
-1.05635
-1.10733
-1.14129
-1.14689
-1.11786
-1.05284
-0.97252
-0.902295
-0.846225
-0.803416
-0.772087
-0.750718
-0.736891
-0.727015
-0.716162
-0.697804
-0.663526
-0.60289
-0.503684
-0.353139
-0.140123
0.141249
0.487021
0.879855
1.28984
1.68197
2.02745
2.30865
2.51182
2.61644
2.59827
2.45511
2.20123
1.90017
1.59082
1.28731
1.00092
0.742381
0.519111
0.332097
0.176485
0.0436087
-0.0764849
-0.19314
-0.314653
-0.449068
-0.604634
-0.786036
-0.975852
-1.13115
-1.23285
-1.28841
-1.32421
-1.38287
-0.327203
-0.661544
-0.82159
-0.872667
-0.869805
-0.851537
-0.841529
-0.851716
-0.884456
-0.93396
-0.988245
-1.03238
-1.05269
-1.03997
-0.99015
-0.912023
-0.832587
-0.7675
-0.717193
-0.680197
-0.654318
-0.636957
-0.624405
-0.611678
-0.592376
-0.558553
-0.500701
-0.408031
-0.269611
-0.076141
0.177149
0.487216
0.840487
1.21336
1.57685
1.9052
2.18088
2.38902
2.5092
2.51777
2.40842
2.18812
1.90697
1.60649
1.30392
1.01352
0.748364
0.518137
0.326478
0.170064
0.0407384
-0.0717537
-0.177451
-0.284921
-0.401632
-0.534971
-0.691135
-0.867615
-1.02182
-1.12344
-1.17256
-1.18417
-1.1889
-1.22638
-0.288891
-0.58094
-0.719372
-0.763302
-0.762975
-0.753607
-0.756103
-0.779434
-0.822648
-0.87684
-0.92805
-0.961288
-0.964846
-0.932262
-0.862508
-0.77761
-0.703908
-0.645822
-0.602432
-0.571631
-0.550423
-0.534949
-0.520108
-0.499504
-0.465443
-0.40909
-0.320831
-0.191398
-0.013309
0.21689
0.496274
0.814178
1.15216
1.48677
1.79509
2.06
2.26627
2.39331
2.41879
2.33461
2.14189
1.88182
1.59334
1.29589
1.00658
0.74036
0.508328
0.315578
0.16049
0.0357886
-0.0687556
-0.16375
-0.258426
-0.360137
-0.475477
-0.610786
-0.768103
-0.917635
-1.02377
-1.07599
-1.08127
-1.06059
-1.04496
-1.06733
-0.26218
-0.511138
-0.628709
-0.667545
-0.672459
-0.674525
-0.691028
-0.72725
-0.778576
-0.833235
-0.876163
-0.893641
-0.876444
-0.820839
-0.737698
-0.655239
-0.588663
-0.538084
-0.501556
-0.476037
-0.457396
-0.440373
-0.418462
-0.384032
-0.328639
-0.243506
-0.120683
0.0457089
0.25776
0.512305
0.80031
1.10753
1.4152
1.70318
1.95455
2.15435
2.28198
2.31616
2.24741
2.07341
1.83265
1.55698
1.26719
0.982379
0.719046
0.489062
0.298348
0.146375
0.0270432
-0.0694009
-0.153842
-0.236227
-0.324409
-0.424356
-0.541625
-0.679713
-0.821557
-0.930524
-0.988586
-0.996908
-0.96845
-0.926823
-0.899469
-0.910078
-0.251632
-0.457853
-0.555993
-0.592057
-0.604794
-0.62024
-0.651137
-0.698417
-0.75373
-0.803132
-0.831899
-0.828581
-0.787126
-0.709222
-0.619305
-0.543971
-0.485572
-0.442627
-0.412193
-0.390085
-0.370851
-0.34782
-0.313257
-0.258844
-0.176295
-0.0585252
0.099107
0.297482
0.532944
0.797448
1.07936
1.36392
1.63355
1.87106
2.06139
2.18496
2.22082
2.16047
1.99525
1.76959
1.50549
1.22406
0.945505
0.687138
0.461324
0.274369
0.126528
0.0127107
-0.0759815
-0.150267
-0.2206
-0.295621
-0.381541
-0.48285
-0.603282
-0.735568
-0.844811
-0.907669
-0.922157
-0.895356
-0.84449
-0.792237
-0.759351
-0.758847
-0.261172
-0.426255
-0.507071
-0.542797
-0.565474
-0.595154
-0.63913
-0.693538
-0.74662
-0.783434
-0.791079
-0.761241
-0.691782
-0.599705
-0.513853
-0.445922
-0.395097
-0.35859
-0.33222
-0.310417
-0.28629
-0.251875
-0.198713
-0.118643
-0.00503666
0.146014
0.334476
0.556179
0.803532
1.06658
1.33303
1.58785
1.81332
1.99256
2.10838
2.13901
2.07489
1.91785
1.70228
1.44727
1.17349
0.901436
0.648547
0.427317
0.244329
0.100392
-0.00864147
-0.0907149
-0.155972
-0.214992
-0.27713
-0.349406
-0.436299
-0.540501
-0.661837
-0.769729
-0.835867
-0.856229
-0.834551
-0.78323
-0.721033
-0.666482
-0.631508
-0.618066
-0.293496
-0.420251
-0.486404
-0.524065
-0.557894
-0.601059
-0.654713
-0.710156
-0.753163
-0.769586
-0.749325
-0.687951
-0.594709
-0.498677
-0.419977
-0.359842
-0.315889
-0.2841
-0.258923
-0.233309
-0.199022
-0.147283
-0.0696808
0.0404058
0.186543
0.36825
0.581008
0.817375
1.06827
1.3229
1.56763
1.78475
1.95433
2.05998
2.08375
2.00575
1.852
1.64126
1.39169
1.12339
0.856443
0.607983
0.390279
0.210067
0.068653
-0.0373029
-0.114741
-0.173003
-0.222405
-0.272724
-0.331908
-0.405371
-0.496013
-0.603651
-0.707302
-0.776954
-0.802766
-0.786852
-0.73854
-0.673778
-0.609904
-0.558832
-0.522553
-0.492319
-0.349624
-0.441867
-0.4963
-0.537606
-0.58242
-0.636316
-0.694008
-0.742568
-0.766988
-0.755484
-0.701902
-0.608056
-0.501613
-0.411147
-0.340003
-0.28677
-0.24782
-0.217776
-0.189582
-0.154757
-0.104093
-0.0286845
0.0785594
0.221363
0.399113
0.60716
0.838157
1.08329
1.33233
1.57195
1.78407
1.94664
2.03987
2.04711
1.95999
1.80413
1.59356
1.34567
1.08002
0.815842
0.569664
0.353441
0.173921
0.0328792
-0.0722914
-0.147609
-0.201498
-0.243703
-0.284049
-0.331147
-0.391456
-0.468806
-0.563852
-0.663109
-0.736192
-0.76745
-0.757361
-0.713055
-0.64837
-0.580249
-0.522013
-0.477459
-0.438399
-0.386123
-0.428706
-0.490875
-0.536391
-0.582028
-0.635844
-0.695445
-0.749344
-0.781794
-0.77904
-0.732482
-0.641404
-0.527721
-0.423632
-0.339667
-0.275011
-0.226663
-0.189624
-0.156964
-0.120119
-0.0694401
0.00468959
0.110087
0.251221
0.427863
0.635366
0.866197
1.11162
1.36123
1.60105
1.81143
1.96881
2.05367
2.03631
1.9411
1.77838
1.56388
1.31418
1.04803
0.783739
0.537029
0.319534
0.138099
-0.00512092
-0.112047
-0.187896
-0.240229
-0.278056
-0.310887
-0.347636
-0.395543
-0.459582
-0.541758
-0.636761
-0.714879
-0.752986
-0.750024
-0.711043
-0.647822
-0.576893
-0.513713
-0.465852
-0.428483
-0.383628
-0.303458
-0.528152
-0.564824
-0.603647
-0.652936
-0.711826
-0.769975
-0.81085
-0.81808
-0.780081
-0.693498
-0.574342
-0.456889
-0.359386
-0.282122
-0.22261
-0.176459
-0.137143
-0.0961831
-0.0436789
0.0307393
0.135937
0.277328
0.455764
0.666853
0.90268
1.15374
1.40912
1.65328
1.86471
2.01842
2.08121
2.0516
1.94553
1.77429
1.55338
1.29953
1.03038
0.763213
0.512995
0.29112
0.104707
-0.0435336
-0.154882
-0.233842
-0.287283
-0.323555
-0.351697
-0.380602
-0.418012
-0.469738
-0.539357
-0.626174
-0.708446
-0.75697
-0.764351
-0.733758
-0.674651
-0.602404
-0.534112
-0.481842
-0.446645
-0.415356
-0.360946
-0.247186
-0.644139
-0.659607
-0.693078
-0.743822
-0.801861
-0.849657
-0.867684
-0.840539
-0.761509
-0.638817
-0.508259
-0.397174
-0.3068
-0.235045
-0.178124
-0.130062
-0.0827667
-0.0262335
0.0504861
0.157359
0.301278
0.484313
0.702827
0.948477
1.21079
1.477
1.72967
1.94531
2.09709
2.14053
2.09733
1.97643
1.79398
1.56426
1.30368
1.02894
0.756121
0.499395
0.269962
0.0753411
-0.0809985
-0.199524
-0.284062
-0.340925
-0.377999
-0.403922
-0.427382
-0.45637
-0.49731
-0.554686
-0.630629
-0.714664
-0.775926
-0.796949
-0.778624
-0.727727
-0.657428
-0.584983
-0.526052
-0.488171
-0.465892
-0.438486
-0.370713
-0.218456
-0.772444
-0.77049
-0.798911
-0.847234
-0.896551
-0.923702
-0.908624
-0.840321
-0.717855
-0.575021
-0.449516
-0.34537
-0.260515
-0.191486
-0.132916
-0.0771489
-0.0144217
0.066715
0.177176
0.325354
0.515283
0.743995
1.00281
1.2801
1.56077
1.8246
2.04656
2.18744
2.22319
2.16843
2.03232
1.83612
1.59586
1.32675
1.0443
0.763403
0.497418
0.257385
0.0513198
-0.116347
-0.245019
-0.337679
-0.400136
-0.440011
-0.465767
-0.485948
-0.508568
-0.540445
-0.586558
-0.650159
-0.730809
-0.803969
-0.841425
-0.839212
-0.801331
-0.737937
-0.664791
-0.599241
-0.554079
-0.531913
-0.521383
-0.495196
-0.410722
-0.216288
-0.909422
-0.893166
-0.915416
-0.955195
-0.985586
-0.980549
-0.922088
-0.805744
-0.65485
-0.512662
-0.392947
-0.293702
-0.211223
-0.140467
-0.0743674
-0.00339698
0.0839359
0.199533
0.353163
0.550598
0.790604
1.06403
1.3577
1.6541
1.93061
2.16066
2.2968
2.32659
2.26247
2.11247
1.90143
1.64844
1.36866
1.07628
0.784941
0.507168
0.253789
0.0333132
-0.148782
-0.290629
-0.394114
-0.464395
-0.508899
-0.536138
-0.554743
-0.572808
-0.597389
-0.633999
-0.686367
-0.75678
-0.835182
-0.890998
-0.907918
-0.887355
-0.836257
-0.767638
-0.698493
-0.644751
-0.615535
-0.608704
-0.607849
-0.580163
-0.476401
-0.237552
-1.05268
-1.02424
-1.03706
-1.05965
-1.05931
-1.00973
-0.90039
-0.744198
-0.583853
-0.445976
-0.330226
-0.2325
-0.147686
-0.0691852
0.0119374
0.107231
0.228971
0.388258
0.592478
0.841722
1.12768
1.43527
1.74421
2.03076
2.26895
2.40854
2.44004
2.37203
2.21264
1.98804
1.7213
1.42895
1.12443
0.820273
0.528242
0.258981
0.0214567
-0.177833
-0.335697
-0.452749
-0.533274
-0.584376
-0.61471
-0.633215
-0.648244
-0.667066
-0.695491
-0.737591
-0.796041
-0.871382
-0.941677
-0.978711
-0.978081
-0.943659
-0.885052
-0.817208
-0.756976
-0.717787
-0.704827
-0.711721
-0.717956
-0.686227
-0.561423
-0.2774
-1.20094
-1.16046
-1.15765
-1.15197
-1.10789
-1.00574
-0.846127
-0.665945
-0.506487
-0.370664
-0.254702
-0.153175
-0.0597263
0.0339274
0.138805
0.267583
0.431785
0.640313
0.894643
1.18679
1.50148
1.81591
2.10593
2.35001
2.50138
2.54528
2.48418
2.32436
2.09145
1.81231
1.50648
1.1879
0.868544
0.559747
0.272165
0.0152713
-0.2035
-0.379745
-0.512828
-0.606014
-0.665877
-0.701085
-0.720961
-0.734306
-0.748729
-0.770357
-0.803606
-0.851332
-0.915718
-0.990553
-1.04724
-1.06749
-1.05244
-1.00836
-0.947125
-0.884578
-0.836281
-0.81255
-0.814758
-0.832965
-0.843474
-0.805433
-0.658625
-0.330042
-1.35256
-1.2969
-1.26883
-1.22233
-1.12377
-0.96376
-0.767219
-0.581557
-0.420747
-0.282301
-0.160517
-0.0489863
0.0598855
0.176358
0.312617
0.480685
0.689764
0.942976
1.23316
1.5445
1.85497
2.14138
2.38793
2.55733
2.62444
2.58338
2.43533
2.20353
1.91731
1.59937
1.26566
0.928852
0.600645
0.292227
0.0138131
-0.226268
-0.422625
-0.573592
-0.681492
-0.752235
-0.794279
-0.817204
-0.830312
-0.841695
-0.857839
-0.8835
-0.921623
-0.974144
-1.04268
-1.11122
-1.15156
-1.15668
-1.13
-1.07999
-1.02008
-0.965955
-0.931051
-0.922334
-0.937726
-0.964419
-0.976373
-0.930068
-0.760978
-0.389636
-1.50382
-1.42607
-1.36099
-1.2608
-1.10136
-0.893063
-0.677969
-0.487833
-0.322469
-0.176662
-0.0437994
0.083028
0.212924
0.357189
0.527284
0.732987
0.977984
1.25656
1.55463
1.85165
2.12942
2.37818
2.56991
2.66756
2.65706
2.53226
2.31326
2.02923
1.70414
1.3562
1.00032
0.650027
0.318085
0.01599
-0.246941
-0.464549
-0.634499
-0.758455
-0.841727
-0.892414
-0.920119
-0.934515
-0.944188
-0.956047
-0.975187
-1.00491
-1.04683
-1.10267
-1.1715
-1.22884
-1.25294
-1.24442
-1.20868
-1.15598
-1.10045
-1.05669
-1.03547
-1.04047
-1.06661
-1.09888
-1.10962
-1.05345
-0.862372
-0.451007
-1.64947
-1.54019
-1.42657
-1.26548
-1.04692
-0.802161
-0.579125
-0.382926
-0.209442
-0.0522585
0.0950037
0.240008
0.392623
0.563214
0.76109
0.991358
1.24963
1.52512
1.80346
2.07072
2.32352
2.54311
2.67299
2.69704
2.60322
2.4082
2.13809
1.81476
1.45667
1.08167
0.707071
0.348862
0.0208331
-0.266378
-0.505978
-0.695335
-0.835848
-0.932485
-0.99301
-1.02689
-1.04395
-1.0532
-1.06195
-1.0757
-1.09809
-1.13111
-1.17538
-1.23295
-1.29554
-1.33704
-1.34636
-1.32655
-1.28481
-1.23265
-1.18404
-1.15181
-1.14387
-1.16086
-1.19524
-1.23037
-1.23759
-1.17036
-0.958024
-0.510056
-1.7818
-1.62983
-1.45681
-1.2306
-0.966285
-0.704361
-0.472216
-0.266803
-0.0819608
0.0882261
0.250156
0.411901
0.582165
0.769381
0.979255
1.21117
1.45793
1.71339
1.97167
2.22833
2.47609
2.63498
2.69243
2.63463
2.47334
2.23003
1.92098
1.56116
1.17011
0.77047
0.383746
0.0275982
-0.285285
-0.547417
-0.756143
-0.913001
-1.02296
-1.09362
-1.13429
-1.15486
-1.16456
-1.17113
-1.18037
-1.19625
-1.22108
-1.25561
-1.29986
-1.35615
-1.40833
-1.43326
-1.42908
-1.40042
-1.35573
-1.30694
-1.2671
-1.24683
-1.25123
-1.27832
-1.3186
-1.35425
-1.35609
-1.27704
-1.04455
-0.563847
-1.8951
-1.69085
-1.45287
-1.16728
-0.866962
-0.594808
-0.353496
-0.137644
0.0581124
0.239116
0.411664
0.582354
0.758319
0.945806
1.14757
1.36349
1.59316
1.83677
2.09367
2.35133
2.53858
2.62607
2.60719
2.48945
2.28729
2.00851
1.66024
1.26065
0.838023
0.421803
0.0357856
-0.304068
-0.589191
-0.817035
-0.989576
-1.11212
-1.19236
-1.23956
-1.26361
-1.27397
-1.27871
-1.28401
-1.29411
-1.31159
-1.33756
-1.37182
-1.41442
-1.46485
-1.50274
-1.51304
-1.49814
-1.4639
-1.41949
-1.37653
-1.34661
-1.33806
-1.35349
-1.38874
-1.4328
-1.46709
-1.46223
-1.37102
-1.11978
-0.610465
-1.98239
-1.71638
-1.41132
-1.08055
-0.760324
-0.476943
-0.224928
0.000580618
0.204161
0.390772
0.564959
0.73217
0.899174
1.07177
1.25558
1.45736
1.68055
1.92567
2.1774
2.38027
2.49163
2.50924
2.43908
2.29008
2.05886
1.73991
1.34485
0.905702
0.461513
0.044953
-0.32282
-0.631327
-0.877965
-1.06534
-1.19937
-1.28808
-1.34086
-1.36767
-1.37817
-1.38084
-1.38228
-1.38706
-1.39799
-1.41637
-1.44228
-1.47468
-1.514
-1.55512
-1.57778
-1.57607
-1.55373
-1.51726
-1.4759
-1.44041
-1.42068
-1.42292
-1.44766
-1.48908
-1.53506
-1.56652
-1.55413
-1.45085
-1.18246
-0.64878
-2.04043
-1.70831
-1.33991
-0.974951
-0.642312
-0.34828
-0.087617
0.143467
0.348918
0.531656
0.695431
0.847067
0.994945
1.14897
1.31999
1.5169
1.73704
1.96768
2.16985
2.29211
2.33815
2.31231
2.22058
2.05087
1.78117
1.40948
0.966326
0.499915
0.0543149
-0.341472
-0.673517
-0.938605
-1.13994
-1.28424
-1.38011
-1.43725
-1.46578
-1.47559
-1.47557
-1.47283
-1.47241
-1.47736
-1.48917
-1.50797
-1.53284
-1.56199
-1.59654
-1.627
-1.63646
-1.62575
-1.59909
-1.56308
-1.5265
-1.49895
-1.48867
-1.50004
-1.53199
-1.57749
-1.62365
-1.65112
-1.63072
-1.51576
-1.23199
-0.678208
-2.06517
-1.66661
-1.2482
-0.857599
-0.514221
-0.211733
0.0534285
0.284174
0.48215
0.649788
0.793473
0.92305
1.05147
1.19333
1.35916
1.54528
1.74303
1.92751
2.04674
2.10615
2.11324
2.07227
1.96772
1.76332
1.43692
1.00872
0.531664
0.0621565
-0.360049
-0.715201
-0.998281
-1.21272
-1.36612
-1.46789
-1.52821
-1.55753
-1.56596
-1.56275
-1.55558
-1.55003
-1.54953
-1.55572
-1.56892
-1.58814
-1.61161
-1.6371
-1.66406
-1.68288
-1.6831
-1.66692
-1.63877
-1.6051
-1.57396
-1.55375
-1.55125
-1.56942
-1.60606
-1.65333
-1.69791
-1.72035
-1.69165
-1.56555
-1.26819
-0.698516
-2.05361
-1.58823
-1.13699
-0.732122
-0.379186
-0.0718379
0.192317
0.413689
0.593704
0.738153
0.857036
0.965891
1.08197
1.21563
1.36482
1.52533
1.67849
1.78041
1.83847
1.86043
1.85439
1.80551
1.67121
1.40879
1.01836
0.54851
0.0652087
-0.379027
-0.755698
-1.05598
-1.2827
-1.44414
-1.5507
-1.6133
-1.64279
-1.64963
-1.64328
-1.63192
-1.62172
-1.61653
-1.61827
-1.62729
-1.64281
-1.66278
-1.68466
-1.7057
-1.72518
-1.73429
-1.72801
-1.70859
-1.68049
-1.64973
-1.62342
-1.60877
-1.61133
-1.63308
-1.67113
-1.71733
-1.75824
-1.77441
-1.73705
-1.60031
-1.29108
-0.709632
-2.0072
-1.48338
-1.00962
-0.596445
-0.238703
0.0675152
0.32141
0.523212
0.677719
0.794464
0.890686
0.986401
1.09139
1.20597
1.3287
1.44452
1.51909
1.56205
1.58241
1.58974
1.57654
1.50208
1.31136
0.979678
0.539342
0.0580388
-0.399845
-0.794423
-1.11042
-1.34848
-1.51711
-1.6276
-1.69189
-1.72145
-1.72709
-1.71857
-1.70422
-1.69078
-1.68258
-1.68171
-1.68878
-1.70305
-1.7229
-1.74554
-1.76765
-1.78397
-1.7981
-1.79443
-1.7767
-1.74917
-1.71658
-1.68453
-1.65939
-1.64734
-1.6528
-1.67674
-1.71553
-1.76053
-1.79805
-1.80859
-1.76356
-1.61774
-1.29936
-0.711082
-1.92602
-1.36082
-0.871498
-0.454564
-0.0976101
0.1984
0.432114
0.606844
0.730633
0.821825
0.902909
0.985968
1.07283
1.16222
1.23958
1.28347
1.30242
1.3071
1.30866
1.30597
1.26917
1.14217
0.8807
0.49181
0.0328935
-0.425428
-0.831281
-1.16017
-1.4084
-1.58348
-1.69748
-1.76329
-1.79341
-1.79903
-1.79039
-1.77581
-1.76173
-1.7527
-1.75023
-1.75412
-1.76347
-1.77523
-1.78436
-1.79121
-1.79471
-1.79768
-1.79595
-1.78297
-1.76053
-1.73206
-1.7017
-1.6744
-1.65569
-1.65073
-1.66287
-1.69218
-1.73438
-1.78041
-1.81637
-1.8228
-1.77147
-1.61813
-1.29302
-0.70251
-1.80776
-1.22148
-0.728124
-0.31129
0.0365868
0.312815
0.518807
0.660223
0.754771
0.82743
0.894948
0.962019
1.0265
1.07203
1.08637
1.07937
1.06017
1.04158
1.02769
1.00094
0.91595
0.720547
0.397126
-0.0186008
-0.460104
-0.866917
-1.20388
-1.46044
-1.64145
-1.75881
-1.82627
-1.85691
-1.86238
-1.85218
-1.83467
-1.81535
-1.7987
-1.78786
-1.7796
-1.77679
-1.77939
-1.78572
-1.7928
-1.79751
-1.79694
-1.79231
-1.78126
-1.76207
-1.73676
-1.70837
-1.68051
-1.65738
-1.6436
-1.6434
-1.65942
-1.69133
-1.73468
-1.78034
-1.81428
-1.81694
-1.76023
-1.60078
-1.27128
-0.683112
-1.66101
-1.06944
-0.579297
-0.171058
0.157936
0.406328
0.577375
0.685893
0.75715
0.814861
0.868223
0.915869
0.940654
0.933353
0.903561
0.860702
0.815615
0.776532
0.73624
0.664848
0.51613
0.257382
-0.100939
-0.507968
-0.902475
-1.24037
-1.50242
-1.68876
-1.80959
-1.8787
-1.90926
-1.91289
-1.89911
-1.87575
-1.85027
-1.82333
-1.80197
-1.78904
-1.78352
-1.78379
-1.78809
-1.79379
-1.79763
-1.79624
-1.78692
-1.77282
-1.75357
-1.72907
-1.70135
-1.67305
-1.64718
-1.62716
-1.61673
-1.61935
-1.63716
-1.66967
-1.71256
-1.75689
-1.78869
-1.78823
-1.72742
-1.56366
-1.23253
-0.651719
-1.49693
-0.907651
-0.429303
-0.0391825
0.26249
0.475143
0.610293
0.69023
0.743912
0.787854
0.823871
0.837807
0.818925
0.775455
0.714916
0.647168
0.579683
0.512964
0.431068
0.301871
0.0915561
-0.208527
-0.569094
-0.938304
-1.26836
-1.53212
-1.72282
-1.84756
-1.91835
-1.9487
-1.94974
-1.93241
-1.9029
-1.86886
-1.83858
-1.81445
-1.79787
-1.78927
-1.78691
-1.78841
-1.79121
-1.79229
-1.78846
-1.77684
-1.7562
-1.7322
-1.70524
-1.67586
-1.64593
-1.61762
-1.59331
-1.5757
-1.56774
-1.57221
-1.5908
-1.62296
-1.66459
-1.70713
-1.73687
-1.73408
-1.67056
-1.50452
-1.17491
-0.606997
-1.31899
-0.744293
-0.284317
0.0799045
0.346087
0.520693
0.622697
0.681452
0.719587
0.746831
0.755537
0.7322
0.684262
0.616445
0.535467
0.447704
0.354867
0.251247
0.118778
-0.0671502
-0.322155
-0.635654
-0.971445
-1.28598
-1.54689
-1.74099
-1.86944
-1.94279
-1.97257
-1.97279
-1.9496
-1.91668
-1.88211
-1.84991
-1.8235
-1.80381
-1.7909
-1.784
-1.78086
-1.77879
-1.77497
-1.76651
-1.75066
-1.72549
-1.69353
-1.66034
-1.62665
-1.59323
-1.56167
-1.53369
-1.51111
-1.49594
-1.49042
-1.49666
-1.51593
-1.54758
-1.58779
-1.62848
-1.65638
-1.65193
-1.58701
-1.42084
-1.09633
-0.547509
-1.13065
-0.580358
-0.146611
0.18271
0.409231
0.546768
0.62397
0.663428
0.683334
0.689301
0.663865
0.616047
0.549135
0.466489
0.370975
0.263583
0.141246
-0.00374003
-0.18502
-0.414588
-0.691524
-0.994489
-1.28934
-1.54406
-1.73954
-1.87229
-1.94803
-1.97974
-1.97577
-1.9536
-1.9222
-1.88775
-1.85464
-1.82521
-1.80124
-1.78279
-1.76914
-1.75886
-1.7496
-1.73873
-1.7237
-1.70214
-1.67207
-1.63345
-1.59196
-1.55154
-1.51298
-1.47706
-1.44504
-1.41822
-1.3979
-1.3855
-1.38259
-1.39067
-1.41059
-1.44163
-1.48027
-1.51899
-1.54507
-1.53932
-1.47404
-1.30993
-0.994612
-0.471837
-0.936152
-0.418445
-0.0201365
0.268565
0.454762
0.563319
0.617667
0.636728
0.635472
0.610499
0.563036
0.499544
0.422182
0.330761
0.222729
0.0943913
-0.0591412
-0.243193
-0.463138
-0.718252
-0.996485
-1.27278
-1.5195
-1.71514
-1.85141
-1.93145
-1.96304
-1.96416
-1.94577
-1.91671
-1.88268
-1.84771
-1.81457
-1.78463
-1.75873
-1.73648
-1.71686
-1.69831
-1.67871
-1.65585
-1.62769
-1.59241
-1.54921
-1.50162
-1.45426
-1.40992
-1.36926
-1.33296
-1.30194
-1.27708
-1.25924
-1.24935
-1.24843
-1.25748
-1.27705
-1.3064
-1.34238
-1.37809
-1.40153
-1.39416
-1.32911
-1.16928
-0.867839
-0.378839
-0.739581
-0.263282
0.0928834
0.338177
0.491225
0.573635
0.604882
0.601836
0.575513
0.525784
0.462996
0.390636
0.308335
0.210822
0.0902408
-0.0596838
-0.242445
-0.458072
-0.702671
-0.965406
-1.22855
-1.46704
-1.66293
-1.80269
-1.88664
-1.92719
-1.93567
-1.92282
-1.89631
-1.8623
-1.82478
-1.7866
-1.74968
-1.71501
-1.68299
-1.65317
-1.62459
-1.59589
-1.56534
-1.53123
-1.49198
-1.44624
-1.39485
-1.34357
-1.29466
-1.24994
-1.20989
-1.17499
-1.14581
-1.1229
-1.10673
-1.09788
-1.09698
-1.10471
-1.12141
-1.14645
-1.1771
-1.20726
-1.2259
-1.21551
-1.15069
-0.997356
-0.715011
-0.268124
-0.54655
-0.119359
0.189546
0.396982
0.519643
0.575603
0.583074
0.556927
0.506349
0.441031
0.369106
0.293144
0.209166
0.106732
-0.0260791
-0.195636
-0.401452
-0.637073
-0.889985
-1.14331
-1.37918
-1.57329
-1.71775
-1.81334
-1.86612
-1.8851
-1.87913
-1.85627
-1.82229
-1.78195
-1.73852
-1.69442
-1.65129
-1.60994
-1.57066
-1.53307
-1.49636
-1.4594
-1.42079
-1.37909
-1.33286
-1.28164
-1.22901
-1.17854
-1.13148
-1.08889
-1.05103
-1.01815
-0.990518
-0.968386
-0.951986
-0.941625
-0.93772
-0.940739
-0.950946
-0.967849
-0.989265
-1.01003
-1.02043
-1.00463
-0.939511
-0.79488
-0.537151
-0.140783
-0.362121
0.00935041
0.274127
0.445932
0.539123
0.570313
0.556156
0.509131
0.440282
0.365283
0.289367
0.213499
0.130248
0.0251233
-0.116253
-0.298245
-0.515092
-0.755766
-1.00194
-1.23184
-1.43045
-1.58843
-1.7013
-1.77132
-1.80455
-1.80872
-1.79118
-1.75872
-1.71656
-1.66904
-1.61927
-1.56948
-1.52109
-1.47474
-1.43059
-1.38827
-1.34708
-1.30599
-1.26377
-1.21903
-1.17045
-1.11891
-1.06901
-1.02196
-0.978394
-0.938785
-0.903197
-0.871668
-0.844232
-0.820917
-0.801781
-0.786972
-0.776763
-0.771507
-0.771446
-0.776273
-0.784368
-0.791645
-0.790083
-0.766201
-0.70012
-0.566406
-0.338645
-0.000330608
-0.19332
0.12137
0.342869
0.480658
0.547548
0.558721
0.52721
0.465201
0.389186
0.311597
0.237439
0.166308
0.0885024
-0.0130607
-0.154747
-0.338799
-0.555802
-0.787876
-1.01779
-1.22832
-1.40539
-1.54129
-1.63406
-1.68655
-1.70475
-1.69604
-1.66765
-1.62626
-1.57719
-1.5246
-1.47135
-1.41925
-1.36932
-1.3219
-1.27693
-1.23397
-1.19231
-1.15096
-1.10874
-1.06422
-1.01677
-0.96901
-0.92342
-0.880464
-0.840348
-0.803171
-0.768829
-0.737191
-0.708122
-0.681504
-0.657274
-0.635473
-0.616277
-0.59997
-0.586808
-0.576692
-0.568567
-0.55949
-0.543374
-0.509638
-0.442445
-0.321827
-0.128486
0.146394
-0.0492205
0.208052
0.388009
0.496761
0.544636
0.543864
0.504673
0.439047
0.365201
0.292324
0.224892
0.161676
0.0919847
-0.00288821
-0.140607
-0.318237
-0.526999
-0.750441
-0.969241
-1.16611
-1.32799
-1.44785
-1.52457
-1.56168
-1.5659
-1.54536
-1.50801
-1.46074
-1.40875
-1.35564
-1.30358
-1.25373
-1.20655
-1.16203
-1.11989
-1.0796
-1.04046
-1.00151
-0.961675
-0.919587
-0.875513
-0.832573
-0.791393
-0.752051
-0.714502
-0.678631
-0.64422
-0.611034
-0.578838
-0.547429
-0.516664
-0.486511
-0.45708
-0.428616
-0.401416
-0.375596
-0.35065
-0.324744
-0.293754
-0.250205
-0.182704
-0.0770755
0.0792387
0.288836
0.0550763
0.255081
0.397413
0.484259
0.522577
0.520843
0.486095
0.429206
0.366407
0.303829
0.245331
0.189711
0.126937
0.0385769
-0.0890388
-0.256072
-0.454426
-0.667739
-0.876185
-1.06164
-1.21049
-1.31551
-1.37629
-1.39787
-1.38879
-1.35862
-1.31594
-1.26737
-1.21732
-1.16835
-1.12169
-1.07774
-1.03645
-0.997506
-0.960469
-0.924788
-0.889785
-0.854649
-0.818365
-0.780179
-0.741235
-0.703127
-0.665953
-0.629605
-0.593912
-0.558657
-0.523578
-0.488398
-0.452844
-0.416672
-0.3797
-0.341846
-0.303168
-0.263879
-0.224306
-0.184739
-0.145131
-0.104613
-0.0608411
-0.00929243
0.057063
0.146763
0.266264
0.413345
0.101962
0.247377
0.357792
0.431301
0.470977
0.481011
0.464694
0.429885
0.387579
0.341242
0.29399
0.245245
0.186353
0.103415
-0.0139726
-0.168302
-0.353984
-0.555915
-0.753835
-0.927808
-1.06251
-1.15057
-1.19331
-1.19857
-1.17732
-1.14029
-1.09591
-1.0498
-1.00505
-0.963028
-0.924016
-0.887774
-0.853851
-0.821737
-0.790926
-0.760894
-0.731078
-0.700857
-0.66947
-0.63668
-0.603625
-0.570736
-0.53792
-0.50501
-0.471802
-0.43807
-0.403558
-0.368
-0.331127
-0.292685
-0.252462
-0.210319
-0.166232
-0.120316
-0.0728255
-0.0240789
0.0257086
0.0766988
0.129782
0.18692
0.251205
0.326038
0.412544
0.50491
0.0698738
0.165
0.2497
0.318671
0.371042
0.406601
0.424503
0.427432
0.418863
0.399142
0.369694
0.330059
0.272663
0.186301
0.0723991
-0.0722728
-0.2455
-0.434948
-0.620184
-0.778891
-0.89423
-0.960139
-0.981305
-0.969045
-0.936301
-0.893994
-0.849568
-0.807156
-0.768456
-0.733712
-0.702457
-0.673985
-0.64759
-0.622654
-0.598657
-0.575141
-0.551693
-0.5279
-0.503379
-0.478135
-0.452577
-0.426708
-0.400391
-0.37346
-0.345734
-0.317013
-0.287074
-0.255673
-0.222547
-0.187417
-0.150002
-0.11004
-0.0673143
-0.0216913
0.0268546
0.0782351
0.13228
0.188806
0.247686
0.30886
0.372126
0.436413
0.498119
0.54849
