0.39036
0.367931
0.335884
0.298502
0.257934
0.21526
0.171196
0.126381
0.0814609
0.0370697
-0.00621254
-0.0479231
-0.0877597
-0.125588
-0.161422
-0.195385
-0.22767
-0.258506
-0.288133
-0.316789
-0.344696
-0.372054
-0.399047
-0.425847
-0.452581
-0.479067
-0.505208
-0.531177
-0.557219
-0.583597
-0.610595
-0.638537
-0.667799
-0.698799
-0.731893
-0.767064
-0.803235
-0.837071
-0.861296
-0.8632
-0.824972
-0.728715
-0.567652
-0.359431
-0.147912
0.0166296
0.107684
0.136179
0.136249
0.12389
0.111665
0.104668
0.102589
0.10297
0.103714
0.103282
0.0988532
0.0889392
0.0733193
0.0516099
0.0234782
-0.0108159
-0.0503602
-0.0983185
0.35608
0.311406
0.264987
0.220532
0.17822
0.136874
0.0953447
0.0530177
0.00982797
-0.0339016
-0.0776506
-0.120873
-0.163124
-0.204118
-0.243741
-0.28202
-0.319086
-0.355134
-0.390384
-0.425068
-0.459409
-0.49359
-0.527772
-0.562082
-0.596438
-0.629998
-0.662648
-0.694673
-0.726367
-0.757991
-0.789767
-0.821878
-0.854462
-0.887564
-0.92098
-0.953889
-0.984139
-1.00715
-1.01459
-0.993665
-0.928506
-0.805929
-0.625217
-0.407422
-0.193862
-0.0289264
0.0644297
0.094651
0.0933827
0.082891
0.0754642
0.0760584
0.083757
0.0957502
0.109652
0.122781
0.130516
0.130511
0.121525
0.10205
0.0705656
0.0261636
-0.0314049
-0.106468
0.294102
0.217698
0.149718
0.0934219
0.0468948
0.00635084
-0.0316478
-0.0693447
-0.107803
-0.147237
-0.187377
-0.227771
-0.267993
-0.307752
-0.346922
-0.385525
-0.423686
-0.461591
-0.499453
-0.537486
-0.575898
-0.614811
-0.654308
-0.694376
-0.734161
-0.772574
-0.809593
-0.845547
-0.880734
-0.915383
-0.949627
-0.983491
-1.01687
-1.04943
-1.08042
-1.10828
-1.12993
-1.13991
-1.12943
-1.08641
-0.997526
-0.853804
-0.658998
-0.435998
-0.223707
-0.060724
0.0330873
0.0663695
0.0674327
0.0590379
0.0557336
0.062228
0.0772111
0.0977944
0.120966
0.142724
0.157212
0.161703
0.154205
0.132311
0.0935252
0.0359594
-0.0415923
-0.14467
0.211803
0.096348
0.00193142
-0.0688509
-0.120361
-0.159391
-0.192082
-0.222682
-0.253547
-0.285641
-0.3191
-0.353682
-0.389069
-0.425031
-0.461473
-0.498423
-0.535996
-0.574341
-0.613613
-0.653966
-0.695541
-0.738306
-0.782154
-0.826713
-0.869916
-0.910993
-0.950079
-0.987455
-1.02337
-1.05801
-1.09143
-1.12355
-1.1541
-1.18249
-1.20757
-1.22725
-1.23788
-1.23348
-1.20527
-1.14203
-1.03257
-0.871269
-0.665703
-0.440524
-0.23283
-0.0761326
0.0139193
0.0498279
0.0526619
0.0469661
0.0477721
0.0593727
0.080621
0.10802
0.13814
0.165031
0.182428
0.187541
0.177767
0.149964
0.100814
0.0276503
-0.071443
-0.203123
0.116822
-0.042048
-0.16515
-0.251045
-0.30703
-0.343274
-0.368923
-0.39051
-0.411909
-0.434985
-0.460352
-0.488006
-0.517729
-0.549322
-0.582683
-0.617801
-0.654714
-0.693468
-0.734087
-0.776602
-0.821035
-0.867087
-0.914315
-0.961123
-1.00532
-1.04638
-1.08447
-1.11982
-1.15268
-1.18326
-1.21167
-1.23788
-1.26163
-1.28224
-1.29844
-1.3078
-1.30633
-1.28763
-1.24286
-1.16097
-1.03276
-0.855387
-0.640905
-0.41599
-0.217228
-0.0717209
0.0122363
0.045845
0.0496636
0.0471409
0.0520114
0.0684868
0.0949728
0.127626
0.162464
0.190923
0.207691
0.210009
0.194756
0.158134
0.0961171
0.00548001
-0.116126
-0.276356
0.0168738
-0.186479
-0.337838
-0.437755
-0.497045
-0.529484
-0.547291
-0.559328
-0.571043
-0.585228
-0.602961
-0.624402
-0.649346
-0.677528
-0.708743
-0.742852
-0.779737
-0.819256
-0.86123
-0.905536
-0.952042
-1.00004
-1.0485
-1.09421
-1.13574
-1.17289
-1.20582
-1.2348
-1.26024
-1.28258
-1.30214
-1.31916
-1.33354
-1.34467
-1.35118
-1.35032
-1.33758
-1.30572
-1.2451
-1.14489
-0.997258
-0.803563
-0.581363
-0.359368
-0.173529
-0.0419888
0.0318168
0.0597794
0.0635644
0.0637952
0.072516
0.0931833
0.123579
0.159644
0.195109
0.22152
0.234478
0.231031
0.20758
0.159702
0.0827932
-0.0266636
-0.171182
-0.359498
-0.0812527
-0.327173
-0.504148
-0.615791
-0.677007
-0.705226
-0.715538
-0.718924
-0.722262
-0.729173
-0.741088
-0.758206
-0.780188
-0.806561
-0.836892
-0.870812
-0.907967
-0.947965
-0.990385
-1.03498
-1.08148
-1.12863
-1.17384
-1.21416
-1.24872
-1.27755
-1.30103
-1.31976
-1.33452
-1.34615
-1.35536
-1.36269
-1.36815
-1.3711
-1.36978
-1.36079
-1.33843
-1.29395
-1.21684
-1.09618
-0.926404
-0.716089
-0.488308
-0.27349
-0.101566
0.0121462
0.0706508
0.0907678
0.0934314
0.0958924
0.108335
0.132492
0.165633
0.203042
0.235391
0.256612
0.262993
0.251313
0.217441
0.156358
0.0630543
-0.0660074
-0.233398
-0.449019
-0.172439
-0.456779
-0.655306
-0.775724
-0.837441
-0.861408
-0.865219
-0.861601
-0.858589
-0.860437
-0.868767
-0.883651
-0.904439
-0.930291
-0.960423
-0.994147
-1.03083
-1.06981
-1.11048
-1.15257
-1.19569
-1.23787
-1.27512
-1.30561
-1.32923
-1.34644
-1.35805
-1.36514
-1.36902
-1.3709
-1.37172
-1.37217
-1.37199
-1.37017
-1.3641
-1.34915
-1.31756
-1.26011
-1.16296
-1.01901
-0.828143
-0.600684
-0.367403
-0.16385
-0.0142941
0.0752521
0.116433
0.128869
0.130947
0.136939
0.153674
0.181294
0.21618
0.252123
0.278473
0.292452
0.290503
0.269019
0.223288
0.147768
0.0372521
-0.111559
-0.301522
-0.542932
-0.253447
-0.57073
-0.786115
-0.91219
-0.972967
-0.992627
-0.990849
-0.981721
-0.974132
-0.972746
-0.979194
-0.993242
-1.01377
-1.03944
-1.06902
-1.10147
-1.1359
-1.17148
-1.20747
-1.24385
-1.28011
-1.31288
-1.33882
-1.35719
-1.36855
-1.37395
-1.3747
-1.37235
-1.36858
-1.36462
-1.36142
-1.35934
-1.35741
-1.35421
-1.34525
-1.32516
-1.28367
-1.21012
-1.0909
-0.918312
-0.697174
-0.453463
-0.224449
-0.0423146
0.0773733
0.140466
0.165777
0.172431
0.176271
0.186961
0.208147
0.238401
0.273113
0.302592
0.321386
0.326842
0.315444
0.283122
0.224577
0.133909
0.00590269
-0.162613
-0.374529
-0.639379
-0.322678
-0.666897
-0.894452
-1.02326
-1.08173
-1.09683
-1.08992
-1.07611
-1.06492
-1.06121
-1.06648
-1.08005
-1.10023
-1.12512
-1.15301
-1.18259
-1.21278
-1.2427
-1.27165
-1.30009
-1.32721
-1.34884
-1.36288
-1.36978
-1.37069
-1.3672
-1.3609
-1.35353
-1.34678
-1.34158
-1.3386
-1.33746
-1.33671
-1.33379
-1.32234
-1.2969
-1.24142
-1.142
-0.988634
-0.778321
-0.529397
-0.278213
-0.0640698
0.0865374
0.171759
0.20957
0.221696
0.225753
0.233016
0.248458
0.2732
0.303859
0.334078
0.354206
0.363814
0.35961
0.337854
0.293864
0.221855
0.115601
-0.0302956
-0.218855
-0.450909
-0.736213
-0.379718
-0.744917
-0.980346
-1.10936
-1.16438
-1.17464
-1.16275
-1.14461
-1.13013
-1.1243
-1.12835
-1.14114
-1.16038
-1.18359
-1.20871
-1.23417
-1.25884
-1.2819
-1.30285
-1.32297
-1.34055
-1.35172
-1.356
-1.35447
-1.3488
-1.34068
-1.33173
-1.32367
-1.31785
-1.31464
-1.31472
-1.31689
-1.31879
-1.31576
-1.29894
-1.25607
-1.17442
-1.04047
-0.844579
-0.59578
-0.325165
-0.0768131
0.109486
0.220173
0.27046
0.285915
0.288718
0.29257
0.303284
0.322034
0.347501
0.375219
0.394374
0.404515
0.404055
0.389583
0.356922
0.300747
0.214822
0.0920383
-0.0726978
-0.279923
-0.529541
-0.831717
-0.424899
-0.805502
-1.04508
-1.17226
-1.22302
-1.22836
-1.21177
-1.18966
-1.1722
-1.1644
-1.16721
-1.17899
-1.19689
-1.21795
-1.23976
-1.26064
-1.27948
-1.29561
-1.3089
-1.32161
-1.3309
-1.33407
-1.33177
-1.32547
-1.31705
-1.30804
-1.29979
-1.29422
-1.29194
-1.29309
-1.29807
-1.3022
-1.3013
-1.28932
-1.25626
-1.18958
-1.07482
-0.896796
-0.654866
-0.370486
-0.0867967
0.1435
0.28934
0.357085
0.375287
0.373222
0.370451
0.374926
0.387578
0.406492
0.428365
0.444512
0.452088
0.451584
0.440756
0.415864
0.371991
0.303389
0.202129
0.0614606
-0.121401
-0.345052
-0.609329
-0.924037
-0.458963
-0.849916
-1.09052
-1.21431
-1.26033
-1.26101
-1.24039
-1.21511
-1.19548
-1.18638
-1.18847
-1.19958
-1.21631
-1.23525
-1.25374
-1.27004
-1.28319
-1.2928
-1.29948
-1.30638
-1.30914
-1.30724
-1.30163
-1.29378
-1.28587
-1.27883
-1.27416
-1.27296
-1.27414
-1.27696
-1.2794
-1.27848
-1.2693
-1.24335
-1.18935
-1.09264
-0.935183
-0.707682
-0.419569
-0.105595
0.174852
0.370503
0.469506
0.496459
0.488519
0.474583
0.468539
0.47233
0.483423
0.497272
0.507494
0.509117
0.504976
0.493715
0.472669
0.437383
0.382151
0.299313
0.181092
0.022784
-0.176154
-0.413189
-0.688624
-1.0114
-0.482842
-0.879644
-1.11873
-1.23798
-1.27911
-1.27569
-1.25211
-1.22505
-1.20468
-1.19565
-1.19813
-1.20939
-1.22544
-1.24248
-1.25773
-1.26959
-1.2774
-1.28107
-1.28269
-1.28552
-1.28448
-1.28063
-1.27468
-1.26797
-1.26126
-1.25537
-1.25107
-1.24877
-1.24842
-1.2487
-1.24715
-1.23983
-1.21945
-1.17586
-1.09544
-0.959354
-0.752607
-0.473183
-0.142127
0.184896
0.441802
0.592039
0.644448
0.637876
0.612235
0.590761
0.580793
0.580467
0.583906
0.584518
0.57684
0.565804
0.55013
0.528775
0.498038
0.452035
0.383668
0.284908
0.149805
-0.0243774
-0.236444
-0.483332
-0.766039
-1.09144
-0.497512
-0.896188
-1.13175
-1.24575
-1.28213
-1.27546
-1.25037
-1.22336
-1.20424
-1.19709
-1.2014
-1.21367
-1.2294
-1.24457
-1.25657
-1.26413
-1.26712
-1.26595
-1.26642
-1.26734
-1.2621
-1.25336
-1.24319
-1.233
-1.2241
-1.21719
-1.21268
-1.2107
-1.21016
-1.20881
-1.20323
-1.18723
-1.15183
-1.08505
-0.969171
-0.786418
-0.526571
-0.196129
0.162061
0.479057
0.696466
0.797368
0.810385
0.781459
0.745244
0.717324
0.70039
0.689248
0.676538
0.655505
0.634126
0.611038
0.584987
0.554724
0.513615
0.455482
0.3726
0.258141
0.107631
-0.0797295
-0.301436
-0.554427
-0.840268
-1.16186
-0.503884
-0.900938
-1.13146
-1.2399
-1.27201
-1.26319
-1.23823
-1.21331
-1.19751
-1.19392
-1.20102
-1.2145
-1.22947
-1.24196
-1.24961
-1.25139
-1.24665
-1.23689
-1.23206
-1.22484
-1.21592
-1.20599
-1.19604
-1.1871
-1.17995
-1.17489
-1.17204
-1.17063
-1.16877
-1.1636
-1.14997
-1.12009
-1.06372
-0.965219
-0.806391
-0.572563
-0.258826
0.108692
0.470024
0.756536
0.924584
0.980952
0.967203
0.925418
0.881402
0.844664
0.81403
0.78324
0.745402
0.709579
0.675554
0.642043
0.60767
0.567248
0.515195
0.444395
0.347407
0.218389
0.0547819
-0.142453
-0.370112
-0.625509
-0.910046
-1.22028
-0.50267
-0.894889
-1.11898
-1.22126
-1.24852
-1.23662
-1.21036
-1.18566
-1.17112
-1.16916
-1.17754
-1.19144
-1.2057
-1.21639
-1.22138
-1.21997
-1.21272
-1.20356
-1.19627
-1.18699
-1.17653
-1.16581
-1.15577
-1.14709
-1.14026
-1.13541
-1.13188
-1.12819
-1.12199
-1.10893
-1.08226
-1.03335
-0.948813
-0.811474
-0.605285
-0.318563
0.0379248
0.419729
0.761325
1.00141
1.12046
1.14444
1.1145
1.0636
1.00965
0.95726
0.904034
0.84534
0.792019
0.74315
0.698779
0.656399
0.613037
0.563406
0.500967
0.417984
0.307622
0.165853
-0.00782297
-0.211229
-0.441135
-0.695506
-0.974355
-1.2636
-0.494514
-0.879061
-1.09593
-1.19245
-1.21591
-1.20233
-1.17645
-1.15393
-1.14292
-1.14513
-1.15745
-1.17423
-1.18971
-1.19981
-1.20247
-1.19751
-1.18597
-1.17377
-1.16305
-1.15099
-1.13851
-1.12653
-1.11568
-1.1064
-1.09895
-1.09274
-1.08651
-1.0784
-1.06472
-1.03959
-0.995728
-0.921846
-0.802437
-0.621977
-0.366087
-0.0343344
0.344901
0.718106
1.01962
1.20852
1.28866
1.29065
1.24838
1.18606
1.11518
1.03803
0.954692
0.880225
0.813709
0.754961
0.701782
0.651885
0.601316
0.543668
0.471072
0.376032
0.253433
0.101454
-0.0787431
-0.284509
-0.512958
-0.762311
-1.03019
-1.29183
-0.479393
-0.853324
-1.0621
-1.15335
-1.1744
-1.16119
-1.13816
-1.12044
-1.11534
-1.12354
-1.14084
-1.16069
-1.17689
-1.18533
-1.18441
-1.17437
-1.15766
-1.14156
-1.12695
-1.11187
-1.0972
-1.0836
-1.07151
-1.06115
-1.05202
-1.04304
-1.03265
-1.01769
-0.993002
-0.952441
-0.886431
-0.781251
-0.622842
-0.396734
-0.0958087
0.264509
0.645341
0.98775
1.23984
1.3845
1.43514
1.41873
1.36183
1.28082
1.18336
1.07381
0.974646
0.887104
0.810791
0.744536
0.685732
0.630942
0.57449
0.508549
0.425198
0.318488
0.185611
0.0266558
-0.156312
-0.360856
-0.584411
-0.824521
-1.07458
-1.30375
-0.457369
-0.817609
-1.01722
-1.10348
-1.12332
-1.11228
-1.09426
-1.08352
-1.08622
-1.10169
-1.1244
-1.14691
-1.16272
-1.16808
-1.16209
-1.14561
-1.12326
-1.10315
-1.08465
-1.06657
-1.04961
-1.03431
-1.02086
-1.00876
-0.997067
-0.984442
-0.968004
-0.943204
-0.904834
-0.844598
-0.750404
-0.609966
-0.409973
-0.140117
0.192975
0.563266
0.924126
1.22316
1.42909
1.53716
1.56148
1.52424
1.44567
1.33614
1.20274
1.07736
0.965445
0.869068
0.786838
0.716751
0.655053
0.596171
0.532905
0.45732
0.362858
0.24585
0.105595
-0.0567085
-0.238916
-0.439212
-0.655062
-0.880896
-1.104
-1.29806
-0.428718
-0.772172
-0.961491
-1.043
-1.06275
-1.05559
-1.04455
-1.04269
-1.05462
-1.07801
-1.10589
-1.13
-1.14391
-1.1446
-1.13215
-1.10812
-1.08037
-1.05629
-1.03415
-1.01326
-0.994283
-0.977506
-0.962418
-0.948171
-0.933551
-0.915799
-0.890786
-0.854047
-0.798176
-0.712429
-0.586282
-0.407904
-0.166017
0.137919
0.487324
0.848404
1.17506
1.43032
1.59533
1.66928
1.66494
1.6
1.4903
1.33991
1.19019
1.05253
0.933268
0.83229
0.747772
0.676084
0.611463
0.54687
0.474896
0.388811
0.284179
0.159516
0.0154714
-0.146513
-0.324734
-0.517785
-0.72217
-0.92873
-1.1178
-1.2749
-0.394154
-0.717859
-0.895816
-0.972862
-0.99372
-0.992122
-0.989857
-0.998394
-1.02043
-1.05165
-1.08363
-1.10756
-1.11754
-1.11172
-1.09113
-1.05974
-1.02795
-1.00016
-0.974847
-0.951777
-0.931365
-0.913218
-0.896572
-0.880237
-0.86148
-0.836443
-0.801162
-0.7488
-0.669671
-0.554841
-0.393822
-0.175502
0.101189
0.425987
0.775753
1.11316
1.40205
1.61604
1.74122
1.77853
1.73919
1.63811
1.48287
1.31363
1.15229
1.008
0.885009
0.782513
0.696932
0.622738
0.552999
0.480509
0.3988
0.302977
0.190655
0.0618669
-0.0823119
-0.240839
-0.412576
-0.595784
-0.783884
-0.964242
-1.11541
-1.23507
-0.355053
-0.656365
-0.822106
-0.895162
-0.9184
-0.923991
-0.932051
-0.952003
-0.984225
-1.02228
-1.05644
-1.07793
-1.082
-1.06833
-1.03913
-1.00117
-0.96611
-0.935396
-0.907957
-0.883651
-0.862297
-0.843292
-0.825426
-0.80593
-0.781131
-0.747319
-0.697964
-0.624206
-0.518427
-0.371201
-0.172032
0.0810462
0.381788
0.714864
1.05133
1.35907
1.61004
1.78171
1.86366
1.85825
1.77681
1.62772
1.447
1.2662
1.09794
0.950025
0.825311
0.721305
0.632926
0.55374
0.476788
0.395608
0.305101
0.202078
0.0856187
-0.0435487
-0.184673
-0.337286
-0.500472
-0.671087
-0.837661
-0.983733
-1.09604
-1.17973
-0.313647
-0.590451
-0.743486
-0.813272
-0.840284
-0.854598
-0.874147
-0.90584
-0.947422
-0.990346
-1.02407
-1.04057
-1.03681
-1.01398
-0.976317
-0.934432
-0.897053
-0.864614
-0.836211
-0.811473
-0.790005
-0.770602
-0.750469
-0.726069
-0.693722
-0.647026
-0.577776
-0.479356
-0.343074
-0.159275
0.0741692
0.353504
0.668803
0.997856
1.31344
1.58903
1.79841
1.92262
1.9549
1.90094
1.76864
1.58665
1.39284
1.20411
1.03149
0.880944
0.753578
0.645887
0.552373
0.466669
0.382367
0.293914
0.197357
0.090686
-0.0262384
-0.152671
-0.288572
-0.433731
-0.586622
-0.740028
-0.879082
-0.987156
-1.06093
-1.1112
-0.273095
-0.524009
-0.664339
-0.73188
-0.764145
-0.788513
-0.820158
-0.86302
-0.912043
-0.956917
-0.987085
-0.996082
-0.983107
-0.950857
-0.906116
-0.862346
-0.824009
-0.791078
-0.762769
-0.738612
-0.717451
-0.69656
-0.672526
-0.641505
-0.597116
-0.531738
-0.439342
-0.311773
-0.140193
0.0772225
0.338525
0.637122
0.956047
1.27262
1.56299
1.80013
1.96036
2.02959
2.00714
1.8993
1.72599
1.52775
1.32441
1.12983
0.952961
0.798269
0.666163
0.553194
0.45412
0.362861
0.273425
0.180832
0.0818216
-0.0249407
-0.139327
-0.260963
-0.390485
-0.527219
-0.66791
-0.798611
-0.903584
-0.973478
-1.01132
-1.03192
-0.237357
-0.461881
-0.590077
-0.656687
-0.695677
-0.731062
-0.774655
-0.827067
-0.880563
-0.923784
-0.947122
-0.946509
-0.92314
-0.881579
-0.832875
-0.788621
-0.750392
-0.718088
-0.690865
-0.667515
-0.645505
-0.621552
-0.591528
-0.549017
-0.486956
-0.399499
-0.278787
-0.116967
0.0877438
0.33429
0.618591
0.926781
1.24048
1.5383
1.79449
1.98281
2.08462
2.09392
2.01451
1.85768
1.66383
1.45319
1.2416
1.04049
0.857689
0.697461
0.560448
0.443501
0.341387
0.247881
0.156965
0.0638543
-0.0343343
-0.138543
-0.248664
-0.364808
-0.487825
-0.615536
-0.739112
-0.841599
-0.910551
-0.943838
-0.949634
-0.944753
-0.210809
-0.409391
-0.526591
-0.593781
-0.640782
-0.687539
-0.741933
-0.801075
-0.855023
-0.892368
-0.905627
-0.893564
-0.8592
-0.809977
-0.760268
-0.716333
-0.679234
-0.648263
-0.622041
-0.598295
-0.573842
-0.544249
-0.503073
-0.443753
-0.360279
-0.244884
-0.0907935
0.103924
0.338987
0.611428
0.910064
1.21898
1.51974
1.78742
1.99568
2.12351
2.1615
2.11087
1.97514
1.79232
1.58152
1.35886
1.13769
0.928683
0.739927
0.576101
0.437819
0.321467
0.221044
0.129661
0.0410125
-0.0495891
-0.144681
-0.244858
-0.350122
-0.460852
-0.577147
-0.694039
-0.795285
-0.865562
-0.899502
-0.899943
-0.878659
-0.852511
-0.197649
-0.371646
-0.479455
-0.548746
-0.604584
-0.66216
-0.724994
-0.786841
-0.836494
-0.863823
-0.86434
-0.839365
-0.794394
-0.740112
-0.690364
-0.647846
-0.612118
-0.582037
-0.555666
-0.529802
-0.499791
-0.459263
-0.401996
-0.321585
-0.2102
-0.0621611
0.124849
0.351216
0.614399
0.904817
1.20876
1.50923
1.78316
2.00437
2.15118
2.21158
2.18598
2.07304
1.90474
1.69865
1.4703
1.23391
1.00257
0.787633
0.597627
0.436737
0.304216
0.194878
0.10137
0.0160283
-0.0676028
-0.153901
-0.244881
-0.340759
-0.441665
-0.547877
-0.657476
-0.757486
-0.831374
-0.869813
-0.871867
-0.844646
-0.801631
-0.757969
-0.201267
-0.352788
-0.453082
-0.525724
-0.590423
-0.657051
-0.724577
-0.784035
-0.824219
-0.837483
-0.822906
-0.784685
-0.729825
-0.673972
-0.625392
-0.583813
-0.54852
-0.518319
-0.489776
-0.458175
-0.417399
-0.361306
-0.282986
-0.174496
-0.0310832
0.150078
0.370075
0.626101
0.90983
1.20878
1.5072
1.78297
2.01149
2.1708
2.24776
2.24096
2.148
1.99401
1.7942
1.56323
1.31584
1.06679
0.830116
0.617391
0.435925
0.287545
0.168804
0.0723935
-0.010301
-0.0873008
-0.164745
-0.246321
-0.333283
-0.425428
-0.522817
-0.624718
-0.723884
-0.802293
-0.847545
-0.85605
-0.83084
-0.781793
-0.722125
-0.663856
-0.22374
-0.355409
-0.450041
-0.526651
-0.599083
-0.671532
-0.738725
-0.79015
-0.815938
-0.812156
-0.781633
-0.729582
-0.667945
-0.612762
-0.564376
-0.5225
-0.487056
-0.454307
-0.419628
-0.377439
-0.321381
-0.244052
-0.137493
0.00250985
0.179314
0.394637
0.645062
0.92302
1.21716
1.51185
1.78627
2.01696
2.18299
2.27047
2.27687
2.19777
2.05462
1.85973
1.62689
1.3713
1.10907
0.856063
0.626027
0.428434
0.267145
0.14025
0.0412622
-0.03886
-0.109274
-0.17764
-0.249221
-0.326659
-0.410297
-0.499546
-0.593979
-0.690651
-0.773279
-0.826768
-0.844828
-0.827295
-0.780632
-0.715738
-0.643828
-0.572856
-0.265612
-0.380245
-0.470678
-0.550878
-0.628454
-0.701983
-0.762883
-0.800335
-0.807566
-0.785328
-0.737716
-0.673188
-0.610841
-0.554703
-0.504942
-0.462836
-0.424233
-0.384771
-0.339768
-0.282398
-0.204864
-0.0994293
0.0381453
0.211711
0.423353
0.669036
0.941561
1.23039
1.51987
1.78985
2.01871
2.18609
2.27841
2.29239
2.22062
2.08329
1.8905
1.65527
1.39333
1.12188
0.858018
0.616664
0.408522
0.238655
0.106327
0.00590819
-0.0713424
-0.135179
-0.19437
-0.255537
-0.322673
-0.397225
-0.478672
-0.566062
-0.657562
-0.742872
-0.804574
-0.83342
-0.826926
-0.78843
-0.726501
-0.651245
-0.570484
-0.487638
-0.325951
-0.426167
-0.513102
-0.595213
-0.673793
-0.742504
-0.790691
-0.809113
-0.79571
-0.753405
-0.688996
-0.619397
-0.554899
-0.496308
-0.446401
-0.400463
-0.354491
-0.305158
-0.245052
-0.166151
-0.0612144
0.0746047
0.245593
0.453793
0.694844
0.961651
1.24422
1.52671
1.78976
2.01327
2.178
2.26995
2.28496
2.21615
2.08025
1.88674
1.64865
1.38205
1.10492
0.835059
0.587872
0.374428
0.200329
0.0655222
-0.0348535
-0.10899
-0.166566
-0.216947
-0.267744
-0.324115
-0.388618
-0.461536
-0.541564
-0.627036
-0.712648
-0.781337
-0.820496
-0.826194
-0.799085
-0.745379
-0.674138
-0.593075
-0.505675
-0.410758
-0.402596
-0.490428
-0.573474
-0.654322
-0.728383
-0.785636
-0.815006
-0.811174
-0.775522
-0.713295
-0.637718
-0.564439
-0.496489
-0.438028
-0.383625
-0.329633
-0.27457
-0.210437
-0.129125
-0.0241797
0.110155
0.27864
0.4829
0.718616
0.978784
1.25375
1.52761
1.78197
1.99812
2.15755
2.24656
2.25856
2.18861
2.05068
1.85443
1.61334
1.34384
1.06415
0.792206
0.543388
0.328664
0.153656
0.0186536
-0.0806296
-0.151735
-0.203912
-0.246541
-0.287784
-0.333668
-0.387754
-0.451252
-0.523489
-0.602511
-0.685253
-0.758306
-0.806953
-0.824573
-0.810054
-0.76732
-0.704313
-0.62901
-0.545522
-0.452522
-0.344483
-0.492512
-0.569085
-0.646526
-0.721547
-0.784688
-0.823687
-0.829721
-0.801244
-0.742712
-0.664849
-0.58239
-0.50474
-0.437313
-0.373815
-0.310834
-0.249037
-0.179992
-0.0955961
0.00953845
0.14222
0.307671
0.506709
0.735921
0.988439
1.25432
1.51863
1.7638
1.97217
2.12605
2.21148
2.21854
2.14562
2.00401
1.80417
1.56032
1.28932
1.00922
0.737697
0.489773
0.276095
0.102088
-0.0318924
-0.129735
-0.198385
-0.246498
-0.283113
-0.31647
-0.353112
-0.397382
-0.451356
-0.515125
-0.587217
-0.664803
-0.73986
-0.796054
-0.824291
-0.821988
-0.791061
-0.738022
-0.671104
-0.595852
-0.512027
-0.413417
-0.290588
-0.592174
-0.657441
-0.726175
-0.789763
-0.835112
-0.850159
-0.829699
-0.776002
-0.69814
-0.607115
-0.519644
-0.443042
-0.370414
-0.298146
-0.229099
-0.154733
-0.0669422
0.0383527
0.16871
0.330044
0.522418
0.743314
0.986867
1.24263
1.4968
1.73338
1.93531
2.08535
2.1691
2.17224
2.09659
1.95144
1.74809
1.50181
1.22983
0.950084
0.679741
0.433429
0.22145
0.0489741
-0.0837297
-0.180367
-0.247434
-0.293009
-0.325624
-0.353269
-0.382603
-0.418445
-0.463555
-0.518747
-0.583221
-0.654739
-0.729031
-0.790998
-0.828351
-0.837219
-0.81782
-0.775027
-0.716852
-0.650467
-0.578062
-0.494774
-0.389735
-0.250132
-0.697865
-0.750435
-0.806189
-0.851929
-0.872869
-0.859672
-0.81122
-0.734143
-0.638575
-0.54087
-0.454297
-0.372552
-0.291181
-0.214705
-0.134902
-0.0435393
0.0616561
0.188705
0.344391
0.528639
0.739495
0.972358
1.21715
1.46116
1.69026
1.88824
2.03789
2.12377
2.1268
2.0508
1.90359
1.69748
1.44874
1.17519
0.89479
0.624539
0.378805
0.167697
-0.003842
-0.135733
-0.231717
-0.298078
-0.342469
-0.372921
-0.397025
-0.421276
-0.450629
-0.488302
-0.535736
-0.592797
-0.658042
-0.728211
-0.793356
-0.838781
-0.85779
-0.849354
-0.816612
-0.766726
-0.707955
-0.645353
-0.577309
-0.494447
-0.381676
-0.223313
-0.805846
-0.843111
-0.880568
-0.90177
-0.893214
-0.849323
-0.773605
-0.675016
-0.567809
-0.470388
-0.379317
-0.289309
-0.205486
-0.120303
-0.0255714
0.0790563
0.201644
0.350052
0.524411
0.72366
0.944511
1.17737
1.41148
1.63464
1.83137
1.98482
2.07823
2.08688
2.015
1.86856
1.66089
1.40936
1.13256
0.848963
0.575966
0.32822
0.115891
-0.0562126
-0.188297
-0.284358
-0.350747
-0.394936
-0.424592
-0.446907
-0.468087
-0.492975
-0.524909
-0.565756
-0.615926
-0.674558
-0.739451
-0.805215
-0.85709
-0.885041
-0.886801
-0.863854
-0.821903
-0.76934
-0.713507
-0.656681
-0.593412
-0.510203
-0.388239
-0.209419
-0.912471
-0.930599
-0.943663
-0.934544
-0.893121
-0.818334
-0.717023
-0.601298
-0.492168
-0.390844
-0.292258
-0.201075
-0.110572
-0.0128915
0.091026
0.208226
0.347719
0.510833
0.696734
0.903965
1.12443
1.34869
1.56687
1.76469
1.92554
2.03218
2.05332
1.99156
1.85047
1.64341
1.38892
1.10666
0.816262
0.53636
0.282672
0.0659389
-0.109028
-0.242801
-0.33986
-0.406908
-0.451517
-0.481205
-0.502865
-0.52239
-0.544425
-0.572204
-0.607674
-0.651714
-0.704018
-0.763177
-0.825971
-0.881771
-0.917814
-0.929181
-0.915953
-0.882123
-0.835241
-0.78381
-0.733412
-0.683298
-0.624462
-0.539819
-0.407351
-0.206899
-1.01417
-1.00816
-0.990883
-0.947223
-0.870916
-0.76648
-0.643798
-0.521481
-0.408477
-0.300517
-0.201558
-0.105678
-0.00528858
0.0979219
0.209603
0.339545
0.489727
0.660657
0.852554
1.05978
1.27406
1.48721
1.6871
1.85787
1.98181
2.02254
1.97826
1.84907
1.64674
1.39013
1.10039
0.799129
0.507316
0.242782
0.0175429
-0.163308
-0.30077
-0.400019
-0.468394
-0.513848
-0.543991
-0.565576
-0.584252
-0.604437
-0.62924
-0.660468
-0.699021
-0.745166
-0.798095
-0.855744
-0.912335
-0.954525
-0.974307
-0.970415
-0.945079
-0.904283
-0.85641
-0.809093
-0.765652
-0.722395
-0.667227
-0.580055
-0.436142
-0.213562
-1.10718
-1.0717
-1.0192
-0.938068
-0.828263
-0.697708
-0.560852
-0.434319
-0.31555
-0.207603
-0.105901
-0.00260027
0.100367
0.206901
0.32744
0.46368
0.617755
0.792552
0.984857
1.18804
1.39527
1.59653
1.77756
1.92071
1.98692
1.96795
1.8591
1.66823
1.41281
1.11505
0.799364
0.490436
0.209575
-0.0289716
-0.219386
-0.363059
-0.466049
-0.536589
-0.583282
-0.61407
-0.635752
-0.65384
-0.672554
-0.694852
-0.722476
-0.756084
-0.795941
-0.842085
-0.893346
-0.946754
-0.992202
-1.01888
-1.02348
-1.00678
-0.972933
-0.929153
-0.883686
-0.842617
-0.806869
-0.770114
-0.717709
-0.627117
-0.471316
-0.226849
-1.18787
-1.11771
-1.02607
-0.907287
-0.766837
-0.61615
-0.472677
-0.340369
-0.221121
-0.112046
-0.00506896
0.0985793
0.201114
0.312787
0.43567
0.571945
0.727448
0.902595
1.09203
1.29093
1.49127
1.68018
1.8421
1.93673
1.94932
1.87015
1.70042
1.45323
1.15006
0.818284
0.487729
0.184973
-0.0721333
-0.276345
-0.429261
-0.537934
-0.611714
-0.660104
-0.691613
-0.713288
-0.730646
-0.747785
-0.767533
-0.791578
-0.820579
-0.854396
-0.893091
-0.936741
-0.983728
-1.02862
-1.05992
-1.07144
-1.06285
-1.03659
-0.998106
-0.954992
-0.914579
-0.881076
-0.853142
-0.822248
-0.771737
-0.677136
-0.509531
-0.244136
-1.25289
-1.1436
-1.01137
-0.857624
-0.690699
-0.527546
-0.378348
-0.244695
-0.125603
-0.0130606
0.0926197
0.193054
0.29748
0.408317
0.527726
0.663165
0.817719
0.989721
1.17636
1.37185
1.56513
1.74134
1.86375
1.91082
1.86906
1.73156
1.5035
1.20214
0.856151
0.501401
0.17182
-0.109193
-0.331815
-0.497434
-0.61409
-0.692419
-0.743043
-0.77527
-0.796616
-0.812784
-0.827868
-0.844616
-0.864681
-0.888759
-0.916755
-0.948085
-0.982991
-1.02171
-1.06196
-1.09488
-1.11147
-1.10982
-1.09112
-1.05904
-1.01966
-0.980175
-0.946573
-0.921171
-0.900685
-0.874846
-0.825467
-0.72658
-0.547726
-0.26299
-1.29907
-1.14797
-0.976496
-0.790182
-0.605481
-0.434636
-0.2823
-0.149177
-0.0278796
0.0822867
0.182941
0.282834
0.383879
0.48835
0.604817
0.737012
0.887169
1.0564
1.24113
1.43292
1.61734
1.76259
1.84284
1.84246
1.74708
1.55147
1.26402
0.910852
0.532918
0.173334
-0.136435
-0.382179
-0.564234
-0.691434
-0.775793
-0.829246
-0.862119
-0.882629
-0.896893
-0.909178
-0.922266
-0.937797
-0.95655
-0.978552
-1.00326
-1.02994
-1.05925
-1.0915
-1.12234
-1.14202
-1.14578
-1.13396
-1.10877
-1.07456
-1.03737
-1.00353
-0.977565
-0.960105
-0.946316
-0.924629
-0.875733
-0.772533
-0.58335
-0.281351
-1.32449
-1.13116
-0.92206
-0.710995
-0.513969
-0.338332
-0.186288
-0.0518734
0.0664374
0.1708
0.269175
0.363631
0.456308
0.555757
0.666593
0.792296
0.938368
1.10528
1.28766
1.4719
1.63239
1.73978
1.77947
1.73189
1.58141
1.32365
0.976229
0.581475
0.192003
-0.149933
-0.423134
-0.625409
-0.765863
-0.857859
-0.914802
-0.948244
-0.967332
-0.97884
-0.987451
-0.996143
-1.00664
-1.01976
-1.03569
-1.05402
-1.07399
-1.09484
-1.11776
-1.14291
-1.16321
-1.17086
-1.16478
-1.14622
-1.11801
-1.08464
-1.05171
-1.02448
-1.00609
-0.995826
-0.987689
-0.96918
-0.920192
-0.812813
-0.614453
-0.297611
-1.32825
-1.09304
-0.851277
-0.623938
-0.418951
-0.242203
-0.0891291
0.0423319
0.154961
0.255929
0.347202
0.432256
0.518145
0.609871
0.711829
0.831561
0.972986
1.13674
1.31062
1.47572
1.6012
1.67418
1.6738
1.57672
1.36471
1.0409
0.642196
0.22807
-0.146633
-0.450512
-0.676523
-0.832983
-0.934358
-0.995605
-1.0297
-1.04694
-1.05496
-1.05909
-1.06276
-1.06789
-1.0754
-1.08551
-1.09801
-1.1122
-1.12713
-1.14215
-1.15899
-1.17653
-1.18662
-1.18504
-1.17233
-1.15019
-1.1217
-1.09117
-1.06347
-1.04284
-1.03129
-1.02706
-1.02332
-1.00696
-0.957317
-0.845952
-0.639671
-0.310599
-1.30965
-1.03589
-0.769852
-0.529874
-0.322368
-0.144634
0.00590904
0.132235
0.240816
0.333393
0.414944
0.491836
0.568275
0.648872
0.742233
0.854777
0.99016
1.14289
1.29955
1.43123
1.52683
1.56654
1.5239
1.36943
1.08872
0.704971
0.277988
-0.125578
-0.461154
-0.71366
-0.888797
-1.00149
-1.06818
-1.10341
-1.1188
-1.12305
-1.1223
-1.12058
-1.12027
-1.12242
-1.12732
-1.1347
-1.14405
-1.1544
-1.16468
-1.17439
-1.18582
-1.19608
-1.19777
-1.18984
-1.17323
-1.14989
-1.12288
-1.09609
-1.07365
-1.05889
-1.05293
-1.05326
-1.05253
-1.03718
-0.98629
-0.871093
-0.658133
-0.31951
-1.26844
-0.961906
-0.680125
-0.433965
-0.224615
-0.0484524
0.0976906
0.219682
0.31907
0.402021
0.474414
0.540277
0.603864
0.673634
0.75703
0.859597
0.981396
1.1157
1.23942
1.34384
1.41143
1.4163
1.32317
1.10155
0.75477
0.333361
-0.0891252
-0.453778
-0.734001
-0.930146
-1.05628
-1.13003
-1.16748
-1.1817
-1.18258
-1.17718
-1.17025
-1.16469
-1.16195
-1.16235
-1.1656
-1.17105
-1.17796
-1.18513
-1.19143
-1.19657
-1.20301
-1.20668
-1.2025
-1.1906
-1.17213
-1.14911
-1.12441
-1.1014
-1.08353
-1.07338
-1.07139
-1.07459
-1.07528
-1.05972
-1.00684
-0.887834
-0.669323
-0.32379
-1.20806
-0.876225
-0.584344
-0.335611
-0.127092
0.0452335
0.186976
0.299453
0.389408
0.462515
0.522178
0.574088
0.625437
0.6833
0.753928
0.84069
0.940995
1.04211
1.13906
1.21831
1.25696
1.21928
1.06436
0.774387
0.381272
-0.0436945
-0.429751
-0.736261
-0.954864
-1.09666
-1.17953
-1.22098
-1.2355
-1.23418
-1.2251
-1.21379
-1.20368
-1.19664
-1.19334
-1.1934
-1.19608
-1.20041
-1.20553
-1.21017
-1.21308
-1.21427
-1.2166
-1.215
-1.20696
-1.19281
-1.17392
-1.15218
-1.12999
-1.11014
-1.09553
-1.08824
-1.08831
-1.09247
-1.09286
-1.07565
-1.0198
-0.896684
-0.673396
-0.323302
-1.12883
-0.782239
-0.48496
-0.236541
-0.0314366
0.136651
0.268733
0.371785
0.451374
0.510002
0.555108
0.5939
0.632514
0.676684
0.7309
0.793548
0.861125
0.934611
1.00667
1.0601
1.06295
0.971015
0.749635
0.406835
0.00062226
-0.393498
-0.721048
-0.961862
-1.12119
-1.21561
-1.26343
-1.28046
-1.27899
-1.26802
-1.2539
-1.24067
-1.23054
-1.22442
-1.22228
-1.22324
-1.22623
-1.23014
-1.23416
-1.23724
-1.23801
-1.23638
-1.2365
-1.22926
-1.21604
-1.19808
-1.17682
-1.15415
-1.13223
-1.11363
-1.10084
-1.09545
-1.09699
-1.10175
-1.10156
-1.08243
-1.02342
-0.896372
-0.669383
-0.317316
-1.03498
-0.681401
-0.383941
-0.1388
0.062317
0.220687
0.343011
0.435345
0.498982
0.542495
0.573821
0.59962
0.625028
0.654325
0.684427
0.716966
0.756889
0.804656
0.851418
0.873142
0.829022
0.675545
0.397963
0.0321609
-0.352165
-0.691079
-0.951255
-1.12905
-1.23747
-1.29452
-1.31693
-1.31815
-1.30816
-1.29391
-1.28
-1.26896
-1.26164
-1.25794
-1.25715
-1.25814
-1.25949
-1.25994
-1.25782
-1.25222
-1.24394
-1.23829
-1.23139
-1.22011
-1.20446
-1.18541
-1.16424
-1.14261
-1.12256
-1.10637
-1.09616
-1.09305
-1.09612
-1.1013
-1.10017
-1.07875
-1.01637
-0.885695
-0.656296
-0.305103
-0.931031
-0.576182
-0.283034
-0.0423004
0.149132
0.296967
0.408174
0.483824
0.531517
0.560622
0.578664
0.592108
0.605335
0.61351
0.618685
0.626143
0.64112
0.663773
0.680923
0.661213
0.561486
0.351384
0.0417729
-0.313977
-0.650886
-0.924395
-1.11984
-1.24398
-1.31266
-1.34263
-1.34791
-1.33918
-1.32397
-1.30721
-1.29197
-1.27985
-1.27093
-1.26485
-1.26115
-1.25919
-1.25806
-1.2567
-1.25427
-1.24946
-1.24164
-1.23443
-1.22421
-1.21007
-1.19244
-1.17233
-1.15097
-1.12991
-1.11098
-1.09617
-1.08721
-1.08486
-1.08786
-1.09194
-1.08859
-1.06394
-0.997735
-0.863704
-0.633322
-0.286043
-0.820887
-0.470554
-0.18294
0.0478477
0.227663
0.363699
0.458187
0.516915
0.549518
0.564757
0.57107
0.57488
0.571477
0.560921
0.546187
0.532451
0.524876
0.520621
0.501083
0.431743
0.277203
0.0279262
-0.285021
-0.605533
-0.883426
-1.0932
-1.23297
-1.31421
-1.35233
-1.36153
-1.35314
-1.33574
-1.31543
-1.29599
-1.27987
-1.26877
-1.2623
-1.25958
-1.25961
-1.26091
-1.26188
-1.26121
-1.25784
-1.25077
-1.2406
-1.22956
-1.2155
-1.19821
-1.17833
-1.15683
-1.13485
-1.11377
-1.09517
-1.08069
-1.07175
-1.06875
-1.07027
-1.0719
-1.06518
-1.03647
-0.966143
-0.829262
-0.599598
-0.259522
-0.706873
-0.364801
-0.0885914
0.129287
0.296149
0.415396
0.491974
0.535312
0.553671
0.557114
0.55536
0.546872
0.529718
0.505114
0.474912
0.443906
0.414663
0.379874
0.317684
0.197626
-0.000255995
-0.265699
-0.55859
-0.830974
-1.04964
-1.20348
-1.29773
-1.34516
-1.35973
-1.35361
-1.33642
-1.31548
-1.2964
-1.28098
-1.27035
-1.26484
-1.26317
-1.26424
-1.26674
-1.26911
-1.26972
-1.26721
-1.26059
-1.24926
-1.23511
-1.21952
-1.20135
-1.18078
-1.15849
-1.13539
-1.11247
-1.09089
-1.07194
-1.05698
-1.04707
-1.04237
-1.04126
-1.03934
-1.02828
-0.994834
-0.92027
-0.781296
-0.554357
-0.225032
-0.591264
-0.263763
-0.00250578
0.200334
0.349803
0.450397
0.510947
0.540367
0.546859
0.542317
0.531605
0.511835
0.485283
0.450634
0.409353
0.363755
0.312233
0.243856
0.138047
-0.0252924
-0.249002
-0.509932
-0.768871
-0.990409
-1.15574
-1.26328
-1.32197
-1.3447
-1.34415
-1.33221
-1.3155
-1.29869
-1.28495
-1.27512
-1.26968
-1.26833
-1.26972
-1.27251
-1.27519
-1.27619
-1.27394
-1.26729
-1.25547
-1.23878
-1.21972
-1.19934
-1.17708
-1.15329
-1.12863
-1.10388
-1.07986
-1.05752
-1.03785
-1.0219
-1.01041
-1.00326
-0.998719
-0.992386
-0.976225
-0.937592
-0.858911
-0.718912
-0.497049
-0.182265
-0.478256
-0.169836
0.0730532
0.257175
0.38689
0.46994
0.516997
0.5349
0.532148
0.519684
0.499168
0.472826
0.43994
0.399183
0.350176
0.291266
0.216719
0.114651
-0.0296479
-0.223171
-0.454983
-0.6969
-0.916273
-1.09022
-1.21081
-1.28273
-1.31735
-1.32828
-1.32422
-1.31329
-1.30012
-1.28802
-1.27903
-1.27358
-1.27161
-1.27239
-1.27449
-1.27642
-1.27667
-1.27377
-1.26645
-1.25381
-1.23556
-1.213
-1.18879
-1.1638
-1.13776
-1.11108
-1.08432
-1.05812
-1.03312
-1.01001
-0.989532
-0.972385
-0.958988
-0.948975
-0.940464
-0.929164
-0.907432
-0.863455
-0.781133
-0.641572
-0.427504
-0.131258
-0.370779
-0.0856245
0.135444
0.297777
0.408698
0.477617
0.512727
0.521113
0.510747
0.49038
0.462469
0.431387
0.394904
0.350941
0.296113
0.224436
0.127438
-0.0045355
-0.177497
-0.386233
-0.611393
-0.825786
-1.00556
-1.13896
-1.2272
-1.27862
-1.3025
-1.30897
-1.30486
-1.29611
-1.28634
-1.27792
-1.27207
-1.26885
-1.2678
-1.26794
-1.26783
-1.26607
-1.26131
-1.25234
-1.23828
-1.21866
-1.19379
-1.16599
-1.13727
-1.10846
-1.07946
-1.05061
-1.02237
-0.995207
-0.969561
-0.945886
-0.924638
-0.906205
-0.890693
-0.8775
-0.864664
-0.848074
-0.820627
-0.771561
-0.686543
-0.549356
-0.346171
-0.0725626
-0.270951
-0.0136017
0.183165
0.324736
0.418884
0.47487
0.499806
0.499797
0.481961
0.454243
0.422087
0.388105
0.350248
0.304947
0.245551
0.162521
0.0466396
-0.107096
-0.295607
-0.50492
-0.712701
-0.897102
-1.04519
-1.15247
-1.22236
-1.26255
-1.28093
-1.28545
-1.28194
-1.27493
-1.2672
-1.26038
-1.25513
-1.25126
-1.24811
-1.24468
-1.23972
-1.23207
-1.2207
-1.20476
-1.18378
-1.15767
-1.12732
-1.09563
-1.06381
-1.03255
-1.00178
-0.971771
-0.942825
-0.915231
-0.889236
-0.865066
-0.842918
-0.822905
-0.804877
-0.788067
-0.770531
-0.748457
-0.715443
-0.66198
-0.575736
-0.443345
-0.254413
-0.00746996
-0.180677
0.0465155
0.218582
0.340419
0.41915
0.463538
0.479628
0.472835
0.449225
0.416058
0.381521
0.346783
0.309604
0.264749
0.203033
0.112853
-0.0142287
-0.178162
-0.368955
-0.568944
-0.759266
-0.922809
-1.05113
-1.14256
-1.20122
-1.23432
-1.24917
-1.25237
-1.24879
-1.242
-1.23413
-1.22633
-1.21895
-1.21172
-1.20405
-1.19508
-1.18389
-1.16967
-1.15171
-1.12953
-1.10291
-1.07208
-1.03877
-1.00517
-0.972063
-0.939898
-0.908626
-0.878382
-0.849317
-0.821547
-0.79514
-0.77013
-0.746516
-0.724212
-0.702911
-0.681796
-0.659074
-0.631381
-0.593185
-0.53641
-0.45086
-0.326049
-0.154815
0.0617963
-0.0998656
0.0961363
0.243731
0.346747
0.412024
0.446768
0.456455
0.445932
0.419254
0.384318
0.350498
0.318112
0.284376
0.242612
0.182207
0.0908472
-0.039058
-0.204004
-0.392113
-0.58499
-0.764259
-0.914838
-1.03029
-1.11103
-1.16202
-1.19013
-1.20203
-1.20339
-1.19841
-1.19002
-1.17998
-1.16918
-1.15789
-1.14595
-1.13293
-1.11825
-1.10134
-1.08168
-1.0588
-1.03243
-1.0025
-0.969461
-0.93561
-0.902048
-0.86924
-0.837424
-0.806514
-0.77652
-0.747449
-0.71927
-0.691912
-0.665281
-0.639254
-0.613651
-0.588126
-0.561943
-0.533594
-0.500308
-0.457568
-0.398859
-0.316176
-0.201787
-0.0513972
0.131979
-0.0310627
0.133286
0.257437
0.343897
0.398611
0.427317
0.43438
0.423602
0.398144
0.366718
0.337507
0.310827
0.283071
0.246334
0.189554
0.100818
-0.0272834
-0.190492
-0.376301
-0.564376
-0.735718
-0.877206
-0.983903
-1.05729
-1.10261
-1.12648
-1.13513
-1.13376
-1.12618
-1.11499
-1.10177
-1.08733
-1.07199
-1.05572
-1.03828
-1.01936
-0.998625
-0.975701
-0.950301
-0.922224
-0.89142
-0.85875
-0.826141
-0.79398
-0.762473
-0.731676
-0.701453
-0.671708
-0.642335
-0.613201
-0.584152
-0.555036
-0.525698
-0.495961
-0.465547
-0.433902
-0.399897
-0.361444
-0.315124
-0.25604
-0.17834
-0.0768284
0.0503801
0.198874
0.0182704
0.151082
0.253423
0.326176
0.373824
0.400542
0.409376
0.40298
0.383777
0.360198
0.33914
0.320667
0.300297
0.269184
0.216574
0.132362
0.00955034
-0.149697
-0.330899
-0.513603
-0.678792
-0.813931
-0.914491
-0.982236
-1.02252
-1.04194
-1.04669
-1.04183
-1.03106
-1.01685
-1.00067
-0.983314
-0.965126
-0.946162
-0.9263
-0.905372
-0.883144
-0.859327
-0.833696
-0.806036
-0.776373
-0.745922
-0.715637
-0.685616
-0.65588
-0.626356
-0.596864
-0.567236
-0.537297
-0.506861
-0.475753
-0.44382
-0.410941
-0.377008
-0.341867
-0.305187
-0.266243
-0.223634
-0.175036
-0.11713
-0.0461097
0.0409564
0.143992
0.257686
0.0410005
0.143261
0.225761
0.287626
0.331576
0.360153
0.375043
0.377709
0.36969
0.358089
0.34841
0.340309
0.328613
0.303729
0.255371
0.17673
0.0613098
-0.0901087
-0.264132
-0.440788
-0.600755
-0.730953
-0.82637
-0.888662
-0.923404
-0.93754
-0.937565
-0.928705
-0.914663
-0.897841
-0.879614
-0.86068
-0.841334
-0.821605
-0.801399
-0.780568
-0.758899
-0.736153
-0.712106
-0.686545
-0.659561
-0.632317
-0.605035
-0.577657
-0.550091
-0.522191
-0.493755
-0.464582
-0.434469
-0.403223
-0.370675
-0.336701
-0.301227
-0.264217
-0.225627
-0.185325
-0.142941
-0.0976934
-0.0482646
0.0071976
0.0706302
0.142978
0.222592
0.303642
0.0320921
0.105716
0.170522
0.22409
0.267361
0.301312
0.326308
0.342574
0.350546
0.355185
0.360276
0.364975
0.363683
0.346234
0.302173
0.227417
0.120819
-0.0205968
-0.185742
-0.355587
-0.51021
-0.635264
-0.724825
-0.780452
-0.808231
-0.815777
-0.810116
-0.796735
-0.779388
-0.760373
-0.740908
-0.721531
-0.702387
-0.683398
-0.664407
-0.645218
-0.625604
-0.605347
-0.584241
-0.562117
-0.539168
-0.515971
-0.492475
-0.468549
-0.444048
-0.418799
-0.392599
-0.365239
-0.336514
-0.306226
-0.274207
-0.240329
-0.204516
-0.16674
-0.126998
-0.0852719
-0.0414509
0.00473205
0.0537253
0.106083
0.162088
0.220968
0.279812
0.332543
-0.0162219
0.0306426
0.0794896
0.126886
0.172174
0.214899
0.254098
0.288625
0.317779
0.343962
0.368432
0.389891
0.40267
0.396302
0.358848
0.284457
0.183674
0.0510448
-0.105092
-0.267199
-0.414907
-0.532626
-0.613807
-0.660326
-0.679087
-0.678495
-0.666097
-0.647588
-0.62671
-0.605604
-0.585276
-0.566053
-0.547884
-0.53054
-0.513759
-0.497276
-0.480839
-0.464243
-0.447314
-0.429939
-0.412217
-0.394231
-0.375845
-0.356906
-0.337251
-0.316704
-0.295065
-0.27212
-0.247645
-0.221412
-0.193196
-0.162792
-0.130033
-0.0947884
-0.0569826
-0.0165943
0.0263494
0.0717507
0.119372
0.168703
0.218634
0.266938
0.309634
0.340486
