0.558756
0.490264
0.408492
0.322379
0.238209
0.159741
0.0887679
0.0257445
-0.0296784
-0.0782553
-0.120886
-0.158466
-0.191815
-0.221647
-0.248574
-0.273109
-0.295684
-0.316658
-0.336333
-0.354963
-0.372761
-0.389906
-0.406554
-0.422837
-0.43888
-0.454702
-0.469954
-0.484589
-0.498733
-0.512482
-0.525889
-0.538961
-0.551646
-0.563827
-0.5753
-0.585762
-0.594782
-0.601764
-0.605887
-0.606016
-0.600562
-0.587316
-0.563253
-0.524379
-0.465765
-0.381914
-0.267699
-0.119799
0.0616236
0.267457
0.469189
0.641035
0.772778
0.858666
0.898172
0.896674
0.8648
0.813793
0.745853
0.665465
0.577507
0.486402
0.395826
0.310024
0.590392
0.49184
0.387561
0.285395
0.190254
0.104515
0.0287293
-0.0376521
-0.0957171
-0.146716
-0.191849
-0.232174
-0.268573
-0.30177
-0.332349
-0.360783
-0.387459
-0.412696
-0.436758
-0.459867
-0.482205
-0.503922
-0.525142
-0.545962
-0.566466
-0.586319
-0.604748
-0.621765
-0.637616
-0.652469
-0.666411
-0.679449
-0.691515
-0.702456
-0.712031
-0.719903
-0.72562
-0.728581
-0.727977
-0.722702
-0.711219
-0.691398
-0.660348
-0.614317
-0.548785
-0.458899
-0.340436
-0.191185
-0.0121363
0.189477
0.39401
0.58043
0.735906
0.850634
0.920612
0.949363
0.948354
0.925139
0.877963
0.810609
0.726782
0.628599
0.516126
0.389271
0.596181
0.46412
0.335257
0.216237
0.110397
0.0184887
-0.0603895
-0.127967
-0.186209
-0.23697
-0.281841
-0.32211
-0.358783
-0.392642
-0.424286
-0.454184
-0.482704
-0.510139
-0.536725
-0.562649
-0.588052
-0.613034
-0.63766
-0.661962
-0.685939
-0.70859
-0.728989
-0.747322
-0.763935
-0.779054
-0.7928
-0.805196
-0.816173
-0.825577
-0.833165
-0.838613
-0.84149
-0.841221
-0.837026
-0.827813
-0.812036
-0.787536
-0.751376
-0.699781
-0.628262
-0.532144
-0.407518
-0.252682
-0.0694483
0.133707
0.340223
0.531691
0.695507
0.821736
0.906524
0.954085
0.977773
0.980565
0.954672
0.900873
0.82006
0.711306
0.571703
0.399185
0.578846
0.412343
0.259173
0.124363
0.00934709
-0.0869597
-0.167043
-0.233878
-0.290348
-0.338939
-0.381654
-0.420032
-0.45523
-0.488106
-0.519299
-0.549283
-0.578416
-0.606966
-0.635128
-0.663031
-0.690743
-0.718274
-0.74559
-0.772617
-0.799179
-0.823397
-0.84463
-0.863279
-0.879735
-0.894263
-0.907013
-0.918039
-0.927307
-0.934703
-0.940038
-0.943052
-0.943375
-0.940471
-0.933564
-0.921503
-0.902598
-0.874471
-0.833884
-0.776763
-0.698358
-0.593968
-0.459943
-0.295318
-0.103465
0.105462
0.315188
0.508194
0.672807
0.800886
0.890401
0.948037
0.989915
1.01261
1.00211
0.955366
0.87037
0.744015
0.57207
0.352427
0.54183
0.341645
0.165816
0.0172759
-0.104762
-0.203404
-0.282793
-0.347166
-0.400311
-0.445331
-0.484632
-0.520007
-0.552762
-0.583836
-0.613904
-0.64344
-0.672776
-0.702125
-0.731606
-0.761242
-0.790973
-0.820659
-0.850118
-0.879137
-0.90697
-0.931435
-0.95233
-0.970171
-0.985376
-0.998245
-1.00897
-1.01769
-1.02446
-1.02925
-1.032
-1.03255
-1.03059
-1.02559
-1.01669
-1.00253
-0.981087
-0.949519
-0.904062
-0.840149
-0.752673
-0.636977
-0.490014
-0.312165
-0.108945
0.10896
0.322793
0.515648
0.676848
0.800293
0.886562
0.946541
0.998771
1.03179
1.02702
0.977713
0.87993
0.729934
0.523536
0.259015
0.489552
0.257558
0.061452
-0.0983494
-0.225119
-0.324104
-0.401127
-0.461665
-0.510367
-0.550922
-0.586115
-0.617978
-0.647955
-0.677058
-0.705975
-0.735157
-0.764866
-0.79521
-0.826161
-0.857571
-0.889171
-0.920605
-0.951495
-0.98145
-1.00878
-1.03192
-1.05104
-1.06668
-1.0793
-1.08924
-1.09682
-1.10229
-1.10587
-1.10769
-1.10782
-1.10619
-1.10249
-1.09606
-1.08579
-1.0699
-1.04579
-1.01001
-0.958107
-0.884971
-0.785289
-0.654699
-0.491392
-0.297578
-0.0799871
0.147878
0.365072
0.555272
0.708586
0.82074
0.896303
0.951744
1.00452
1.03698
1.02735
0.966223
0.84908
0.672788
0.433477
0.128613
0.426853
0.165562
-0.0481573
-0.216756
-0.346164
-0.443814
-0.517187
-0.572941
-0.616536
-0.6522
-0.683069
-0.711391
-0.738733
-0.766153
-0.794324
-0.823617
-0.854161
-0.885876
-0.918503
-0.951627
-0.984695
-1.01707
-1.04817
-1.07738
-1.10217
-1.12216
-1.1378
-1.14965
-1.15826
-1.16412
-1.16771
-1.16947
-1.16978
-1.16893
-1.16707
-1.16409
-1.1595
-1.15233
-1.14101
-1.12311
-1.09534
-1.05347
-0.992388
-0.906557
-0.790828
-0.641479
-0.458732
-0.245192
-0.0119193
0.223644
0.440289
0.622272
0.760615
0.853758
0.912426
0.958091
1.00254
1.02409
0.999994
0.919971
0.779461
0.576642
0.308708
-0.0292308
0.358377
0.0706284
-0.158061
-0.333239
-0.463564
-0.558632
-0.627511
-0.677964
-0.716201
-0.746943
-0.773644
-0.798745
-0.823908
-0.850199
-0.878218
-0.908186
-0.940002
-0.973292
-1.00747
-1.04177
-1.0753
-1.10711
-1.1365
-1.16222
-1.18249
-1.19761
-1.20822
-1.21504
-1.21877
-1.2201
-1.21971
-1.21824
-1.21616
-1.21377
-1.21115
-1.20796
-1.20331
-1.19572
-1.18297
-1.16183
-1.12828
-1.07728
-1.00323
-0.900385
-0.764414
-0.59211
-0.383678
-0.149625
0.0959078
0.332705
0.540462
0.70495
0.819178
0.88652
0.925
0.957595
0.986097
0.987817
0.940406
0.83669
0.674149
0.450362
0.160635
-0.202685
0.288151
-0.0230846
-0.26427
-0.444156
-0.574101
-0.665773
-0.729723
-0.774734
-0.807697
-0.833784
-0.856732
-0.879145
-0.902736
-0.928523
-0.956949
-0.987978
-1.02116
-1.05574
-1.0907
-1.12491
-1.15713
-1.18622
-1.21151
-1.23122
-1.24524
-1.25421
-1.25898
-1.26045
-1.2595
-1.257
-1.2538
-1.25056
-1.24768
-1.24528
-1.24322
-1.24068
-1.23617
-1.2276
-1.21196
-1.18519
-1.1426
-1.07829
-0.986615
-0.861303
-0.695767
-0.49437
-0.261316
-0.0111647
0.237746
0.464726
0.651929
0.788089
0.870077
0.90845
0.926431
0.943
0.947664
0.923682
0.852003
0.727247
0.547123
0.307707
0.00199791
-0.380689
0.219372
-0.112337
-0.363759
-0.546827
-0.675477
-0.763308
-0.822226
-0.861936
-0.889947
-0.911834
-0.931586
-0.951921
-0.974547
-1.00034
-1.02948
-1.06155
-1.09565
-1.13055
-1.16486
-1.19708
-1.22575
-1.24975
-1.26853
-1.2809
-1.28803
-1.29074
-1.29011
-1.28719
-1.28296
-1.27834
-1.27419
-1.27101
-1.26893
-1.26772
-1.26688
-1.26496
-1.25973
-1.24848
-1.22732
-1.19135
-1.13505
-1.05011
-0.929625
-0.772411
-0.575793
-0.346292
-0.0943786
0.16146
0.400702
0.604398
0.758986
0.857531
0.903242
0.91377
0.910746
0.906129
0.886674
0.838066
0.745102
0.603469
0.409929
0.158844
-0.158739
-0.55621
0.154387
-0.194773
-0.454369
-0.639373
-0.766112
-0.849926
-0.903934
-0.938663
-0.962172
-0.980397
-0.997532
-1.01636
-1.03848
-1.06454
-1.09432
-1.12692
-1.16093
-1.19469
-1.22651
-1.25468
-1.27771
-1.29487
-1.3058
-1.31114
-1.31212
-1.30985
-1.3055
-1.30014
-1.29467
-1.28991
-1.28659
-1.28489
-1.28451
-1.28479
-1.28481
-1.28233
-1.27432
-1.25737
-1.22611
-1.17095
-1.08902
-0.974454
-0.822199
-0.631798
-0.405597
-0.154366
0.105699
0.353117
0.567783
0.735205
0.847284
0.903319
0.914331
0.899793
0.877932
0.850684
0.808975
0.738863
0.62843
0.473529
0.269722
0.00999225
-0.316237
-0.724527
0.0947821
-0.26881
-0.534665
-0.720558
-0.844958
-0.924739
-0.974077
-1.00422
-1.0237
-1.03879
-1.05383
-1.07158
-1.09346
-1.11976
-1.14976
-1.18203
-1.21473
-1.24592
-1.27377
-1.29652
-1.31285
-1.32277
-1.32648
-1.32615
-1.32276
-1.31756
-1.31165
-1.30591
-1.301
-1.29757
-1.29613
-1.29639
-1.29754
-1.29844
-1.29761
-1.29149
-1.27279
-1.23928
-1.18638
-1.10709
-0.99659
-0.850003
-0.664674
-0.443109
-0.192932
0.069656
0.323595
0.546558
0.722451
0.843154
0.907239
0.92206
0.903422
0.869209
0.829723
0.781705
0.720467
0.632476
0.508098
0.342893
0.131414
-0.134408
-0.466517
-0.881689
0.0415149
-0.333488
-0.603781
-0.789629
-0.911355
-0.987145
-1.03207
-1.05801
-1.07392
-1.08634
-1.09971
-1.11672
-1.13851
-1.16489
-1.19465
-1.22587
-1.2564
-1.28421
-1.30739
-1.32415
-1.33349
-1.33682
-1.33578
-1.33193
-1.32642
-1.32048
-1.31496
-1.31039
-1.30707
-1.30539
-1.30559
-1.30675
-1.30633
-1.30006
-1.28881
-1.26879
-1.23485
-1.1825
-1.10628
-0.999799
-0.858451
-0.678861
-0.461556
-0.213484
0.0512121
0.310756
0.541348
0.723908
0.849531
0.917579
0.934511
0.914333
0.873785
0.822953
0.765643
0.701806
0.624455
0.522315
0.387247
0.214421
-0.00235401
-0.272046
-0.607502
-1.02454
-0.0049432
-0.38833
-0.661287
-0.846198
-0.96493
-1.03675
-1.07749
-1.09957
-1.11233
-1.12256
-1.13474
-1.15142
-1.17336
-1.1999
-1.22931
-1.2593
-1.28761
-1.31219
-1.33096
-1.34203
-1.34527
-1.34405
-1.34049
-1.33523
-1.32938
-1.3241
-1.31968
-1.31598
-1.31163
-1.30472
-1.29824
-1.29126
-1.282
-1.26781
-1.24618
-1.21275
-1.16207
-1.08883
-0.987055
-0.850902
-0.676729
-0.464096
-0.21827
0.0474216
0.312102
0.550157
0.739676
0.869073
0.938317
0.954699
0.932283
0.887237
0.830199
0.764719
0.69267
0.615773
0.525456
0.412289
0.269126
0.0907847
-0.129535
-0.401646
-0.738528
-1.14874
-0.0444859
-0.433221
-0.707078
-0.89015
-1.00553
-1.07335
-1.1101
-1.12867
-1.13881
-1.14748
-1.15921
-1.1763
-1.1991
-1.22641
-1.25599
-1.28531
-1.3121
-1.334
-1.34854
-1.35362
-1.35195
-1.34927
-1.34491
-1.33781
-1.32552
-1.3116
-1.29818
-1.28573
-1.27435
-1.26384
-1.25395
-1.24313
-1.22891
-1.20788
-1.17615
-1.1284
-1.05863
-0.960919
-0.829609
-0.660297
-0.452079
-0.209181
0.0566317
0.325074
0.570123
0.767061
0.901092
0.970585
0.984234
0.957027
0.905897
0.844001
0.77332
0.694252
0.612663
0.525456
0.425214
0.303859
0.154905
-0.0271336
-0.249658
-0.523052
-0.858878
-1.2526
-0.0772772
-0.468315
-0.741292
-0.921585
-1.0332
-1.09698
-1.12997
-1.14554
-1.15382
-1.16197
-1.17442
-1.19311
-1.21784
-1.24673
-1.27705
-1.30607
-1.33132
-1.34955
-1.35717
-1.3506
-1.3368
-1.31967
-1.30156
-1.28368
-1.26687
-1.2516
-1.23817
-1.22652
-1.21627
-1.20658
-1.19616
-1.18262
-1.16263
-1.132
-1.08584
-1.01841
-0.923557
-0.795708
-0.630541
-0.426483
-0.187073
0.0771705
0.347371
0.597607
0.801697
0.94167
1.01324
1.02427
0.990983
0.93235
0.863869
0.788083
0.704298
0.6171
0.528375
0.433522
0.326046
0.198891
0.0460337
-0.138326
-0.362194
-0.635795
-0.963606
-1.33399
-0.103684
-0.493965
-0.764248
-0.940773
-1.04819
-1.10791
-1.1375
-1.15082
-1.1583
-1.1671
-1.1813
-1.20209
-1.22815
-1.25633
-1.28285
-1.30384
-1.31712
-1.32124
-1.31453
-1.29947
-1.28146
-1.26285
-1.24429
-1.22655
-1.21032
-1.19584
-1.18307
-1.17163
-1.16064
-1.14871
-1.13375
-1.11267
-1.08145
-1.03518
-0.968402
-0.875147
-0.749734
-0.587866
-0.387866
-0.15258
0.108386
0.377589
0.630244
0.839603
0.985731
1.06151
1.07288
1.03502
0.968583
0.891204
0.809223
0.720421
0.627812
0.536013
0.442189
0.341955
0.229459
0.098419
-0.0569087
-0.242723
-0.467428
-0.739566
-1.04998
-1.38697
-0.124232
-0.510675
-0.776389
-0.948094
-1.05086
-1.10654
-1.13315
-1.14481
-1.15179
-1.16044
-1.17364
-1.19216
-1.21496
-1.23954
-1.26265
-1.28064
-1.28999
-1.2882
-1.27342
-1.25142
-1.23008
-1.20931
-1.18948
-1.1711
-1.15445
-1.13944
-1.12565
-1.11221
-1.09772
-1.08015
-1.05667
-1.02351
-0.975973
-0.908668
-0.815866
-0.69206
-0.532965
-0.336913
-0.106504
0.149458
0.414727
0.666103
0.877673
1.0286
1.10976
1.12475
1.08644
1.01419
0.927137
0.836912
0.741532
0.642765
0.547299
0.452708
0.355775
0.25217
0.136512
0.00310123
-0.153731
-0.340597
-0.565592
-0.82914
-1.11511
-1.41476
-0.139566
-0.518993
-0.777962
-0.943335
-1.04037
-1.09112
-1.11381
-1.12268
-1.12818
-1.13693
-1.15185
-1.17275
-1.19744
-1.2225
-1.24406
-1.25821
-1.26136
-1.25065
-1.227
-1.19993
-1.17529
-1.15208
-1.13049
-1.11068
-1.09256
-1.07561
-1.05896
-1.0412
-1.02038
-0.993779
-0.957854
-0.908172
-0.839551
-0.746417
-0.623524
-0.466815
-0.274747
-0.0498747
0.199383
0.457826
0.703954
0.913553
1.06639
1.15246
1.17323
1.13885
1.06538
0.971141
0.871525
0.767239
0.660941
0.56068
0.464334
0.36881
0.270551
0.16523
0.0478737
-0.0868085
-0.244588
-0.432214
-0.655814
-0.901377
-1.1549
-1.41713
-0.150167
-0.518703
-0.768048
-0.925338
-1.01608
-1.06259
-1.08322
-1.0922
-1.09963
-1.11154
-1.13008
-1.15419
-1.18069
-1.2054
-1.22387
-1.23199
-1.22617
-1.20392
-1.17141
-1.14049
-1.11255
-1.08665
-1.06277
-1.0407
-1.01995
-0.999556
-0.978126
-0.953707
-0.923685
-0.884643
-0.832369
-0.761929
-0.667999
-0.545607
-0.391008
-0.203008
0.0157091
0.256839
0.505843
0.743039
0.946312
1.09719
1.18621
1.21348
1.1863
1.11682
1.02019
0.91189
0.79747
0.682155
0.575546
0.476131
0.380784
0.2859
0.18764
0.0817232
-0.0364426
-0.171951
-0.330741
-0.518958
-0.732398
-0.952379
-1.17138
-1.3968
-0.156893
-0.511529
-0.749649
-0.898482
-0.983567
-1.02719
-1.04757
-1.05857
-1.06966
-1.08598
-1.1087
-1.13572
-1.16286
-1.18517
-1.19781
-1.1966
-1.17818
-1.14401
-1.10529
-1.0705
-1.03912
-1.01022
-0.983473
-0.958324
-0.933816
-0.908504
-0.880421
-0.846975
-0.804827
-0.749904
-0.677501
-0.582548
-0.46045
-0.307838
-0.123986
0.0880325
0.319873
0.557352
0.782392
0.975471
1.1205
1.20946
1.24246
1.22427
1.16275
1.06847
0.955437
0.83107
0.706277
0.591745
0.487707
0.391169
0.298303
0.205163
0.107745
0.00194121
-0.116482
-0.252551
-0.411843
-0.597991
-0.792685
-0.981235
-1.16571
-1.35615
-0.161081
-0.499316
-0.725077
-0.865378
-0.945504
-0.987451
-1.00903
-1.02347
-1.03934
-1.06066
-1.08736
-1.11611
-1.14177
-1.1588
-1.16232
-1.14848
-1.11503
-1.07
-1.02693
-0.98855
-0.95383
-0.921824
-0.891886
-0.863033
-0.833799
-0.802166
-0.765503
-0.72048
-0.663091
-0.588803
-0.492793
-0.370879
-0.22018
-0.040534
0.164377
0.386025
0.610498
0.820925
1.0005
1.13629
1.22204
1.2587
1.24969
1.19899
1.11163
0.998205
0.865992
0.732433
0.609475
0.4992
0.399868
0.307543
0.218004
0.127113
0.0308335
-0.0746568
-0.193407
-0.330545
-0.490508
-0.663055
-0.83077
-0.987977
-1.13947
-1.29765
-0.164049
-0.483664
-0.696144
-0.827968
-0.903882
-0.945311
-0.969373
-0.988382
-1.0097
-1.03591
-1.06543
-1.09365
-1.11462
-1.12261
-1.11309
-1.083
-1.03561
-0.984226
-0.937508
-0.895931
-0.858219
-0.823262
-0.790004
-0.756919
-0.721932
-0.682327
-0.634716
-0.575096
-0.499057
-0.402003
-0.280183
-0.131287
0.0442043
0.241823
0.452602
0.662914
0.857173
1.02108
1.14511
1.22565
1.26403
1.26303
1.22381
1.14613
1.0364
0.898792
0.759353
0.628583
0.511307
0.40739
0.313884
0.226358
0.140377
0.0517109
-0.0435783
-0.148924
-0.268335
-0.406494
-0.560236
-0.711623
-0.849757
-0.975649
-1.09592
-1.2245
-0.167113
-0.466145
-0.664622
-0.788179
-0.860719
-0.902793
-0.930498
-0.954872
-0.981713
-1.01187
-1.04211
-1.0667
-1.0793
-1.07462
-1.04909
-1.00168
-0.943346
-0.888598
-0.839542
-0.795759
-0.755787
-0.718242
-0.681496
-0.643384
-0.601081
-0.551104
-0.489411
-0.411673
-0.313524
-0.19164
-0.0443655
0.127081
0.317429
0.517152
0.71269
0.889802
1.03697
1.14775
1.22149
1.26039
1.26566
1.23669
1.16872
1.06211
0.925681
0.784471
0.648437
0.52418
0.41445
0.317803
0.230536
0.147909
0.0653367
-0.0214364
-0.116058
-0.221492
-0.341561
-0.478882
-0.617164
-0.741406
-0.85015
-0.946141
-1.03765
-1.13944
-0.171665
-0.448451
-0.632438
-0.748119
-0.818228
-0.862086
-0.894371
-0.924422
-0.956093
-0.988258
-1.01613
-1.03323
-1.0335
-1.0126
-0.968493
-0.907479
-0.844906
-0.788367
-0.738084
-0.692958
-0.651243
-0.611009
-0.56996
-0.525115
-0.472874
-0.40914
-0.329632
-0.230233
-0.108055
0.0378711
0.205481
0.388611
0.57724
0.758028
0.917755
1.04791
1.1454
1.21171
1.25032
1.26137
1.24063
1.1812
1.07602
0.945316
0.806186
0.667876
0.537977
0.421637
0.320192
0.231131
0.15011
0.0721114
-0.00756392
-0.0931049
-0.187689
-0.293991
-0.415281
-0.541449
-0.656218
-0.753476
-0.83398
-0.902203
-0.967717
-1.0453
-0.179198
-0.432441
-0.601725
-0.710106
-0.778803
-0.825483
-0.862937
-0.898351
-0.933306
-0.964681
-0.986503
-0.992287
-0.976954
-0.937741
-0.876628
-0.807638
-0.744169
-0.687672
-0.637328
-0.591505
-0.547935
-0.504077
-0.456767
-0.402268
-0.336422
-0.254994
-0.154125
-0.0313938
0.113446
0.277507
0.453667
0.631344
0.79759
0.940594
1.05415
1.13882
1.19843
1.23607
1.2517
1.23856
1.18597
1.08205
0.958927
0.824317
0.685996
0.552144
0.429534
0.321947
0.22921
0.147764
0.0726647
-0.00134193
-0.0789978
-0.164263
-0.259571
-0.36722
-0.483284
-0.591106
-0.680517
-0.75099
-0.804657
-0.847422
-0.889565
-0.945031
-0.191297
-0.420133
-0.574806
-0.676644
-0.744943
-0.795233
-0.837901
-0.87755
-0.913324
-0.940381
-0.952261
-0.943262
-0.909886
-0.851568
-0.779048
-0.708887
-0.646276
-0.590733
-0.54065
-0.493683
-0.447003
-0.397186
-0.340344
-0.272254
-0.188724
-0.0861705
0.0373625
0.181345
0.341996
0.511399
0.67846
0.830564
0.957693
1.05619
1.12883
1.18219
1.21905
1.2368
1.22713
1.17602
1.08295
0.967832
0.838657
0.701978
0.56575
0.437845
0.323846
0.225793
0.14196
0.0678535
-0.00194255
-0.0728115
-0.149403
-0.235175
-0.33141
-0.439042
-0.542677
-0.627349
-0.69172
-0.736602
-0.765489
-0.785381
-0.806627
-0.841502
-0.209598
-0.413665
-0.554151
-0.650332
-0.719134
-0.7734
-0.820591
-0.862411
-0.895673
-0.91441
-0.912546
-0.885856
-0.832833
-0.759608
-0.683313
-0.614579
-0.553767
-0.499289
-0.44869
-0.399001
-0.346515
-0.287164
-0.216656
-0.130834
-0.0264174
0.0980755
0.24139
0.398796
0.561613
0.718444
0.857256
0.969535
1.05459
1.11745
1.16522
1.20168
1.22165
1.21479
1.16368
1.08031
0.974091
0.850505
0.716194
0.578844
0.446671
0.32656
0.222337
0.134164
0.0589177
-0.00862259
-0.074191
-0.143175
-0.219998
-0.307381
-0.405316
-0.504795
-0.589068
-0.651343
-0.692055
-0.713369
-0.720068
-0.719831
-0.722396
-0.737572
-0.235727
-0.415219
-0.542263
-0.63372
-0.703635
-0.761606
-0.811729
-0.85273
-0.879547
-0.885985
-0.867242
-0.821175
-0.749299
-0.667504
-0.592792
-0.526524
-0.467396
-0.412859
-0.359806
-0.304341
-0.242212
-0.169055
-0.0807329
0.0257267
0.151288
0.293992
0.448263
0.604621
0.751547
0.877884
0.976907
1.04988
1.10453
1.14811
1.1833
1.20495
1.19879
1.15245
1.077
0.978365
0.860409
0.728752
0.591109
0.455777
0.330242
0.219678
0.125923
0.0474371
-0.0199793
-0.0820223
-0.144571
-0.212892
-0.291023
-0.38041
-0.476389
-0.562799
-0.626386
-0.666767
-0.685296
-0.685308
-0.67256
-0.654839
-0.640508
-0.636175
-0.271218
-0.42691
-0.54153
-0.629097
-0.700223
-0.760734
-0.811102
-0.847317
-0.863223
-0.853334
-0.814694
-0.747593
-0.663661
-0.582148
-0.509743
-0.445283
-0.386195
-0.329208
-0.27024
-0.204893
-0.128725
-0.0376275
0.0710728
0.197845
0.340021
0.491241
0.641444
0.778971
0.893747
0.981123
1.04445
1.09244
1.13347
1.1686
1.19126
1.18264
1.14305
1.07504
0.982745
0.869585
0.740693
0.603257
0.465601
0.335464
0.218788
0.118753
0.0353503
-0.0342988
-0.0951342
-0.153109
-0.214081
-0.283034
-0.363393
-0.454475
-0.542606
-0.611477
-0.655575
-0.675759
-0.674419
-0.655986
-0.626833
-0.594234
-0.564411
-0.540151
-0.317406
-0.450626
-0.554012
-0.638237
-0.709937
-0.770775
-0.817635
-0.844396
-0.844841
-0.815056
-0.754304
-0.670149
-0.582309
-0.50327
-0.432917
-0.368634
-0.307055
-0.243957
-0.174813
-0.0951308
-0.000828111
0.11042
0.238623
0.38044
0.528746
0.673026
0.801772
0.905866
0.982955
1.03841
1.08169
1.12051
1.15597
1.17709
1.17015
1.13615
1.0745
0.987749
0.878596
0.752134
0.615306
0.476076
0.342236
0.220091
0.113685
0.0243076
-0.0495317
-0.111636
-0.167355
-0.222694
-0.283357
-0.353965
-0.437132
-0.526101
-0.602626
-0.65385
-0.679613
-0.681516
-0.662932
-0.629165
-0.586729
-0.541689
-0.497363
-0.452241
-0.375308
-0.487841
-0.581168
-0.662069
-0.732738
-0.790537
-0.829192
-0.841483
-0.822267
-0.76984
-0.687173
-0.593405
-0.507569
-0.430725
-0.360576
-0.293658
-0.225682
-0.152014
-0.0681471
0.0299554
0.144266
0.274283
0.416094
0.561861
0.700674
0.821381
0.916227
0.984632
1.0339
1.07437
1.11273
1.14856
1.16572
1.16185
1.13308
1.07654
0.994245
0.888553
0.764154
0.627931
0.487643
0.350843
0.223966
0.111525
0.0157206
-0.0637177
-0.129339
-0.1855
-0.237724
-0.291945
-0.353585
-0.426723
-0.512372
-0.594271
-0.655908
-0.690968
-0.700343
-0.686495
-0.653769
-0.608076
-0.555547
-0.500329
-0.442159
-0.374901
-0.445507
-0.539412
-0.623587
-0.70036
-0.767176
-0.817315
-0.84221
-0.834794
-0.791811
-0.714239
-0.617361
-0.523933
-0.439793
-0.362913
-0.289799
-0.216076
-0.137029
-0.0481387
0.0545475
0.172652
0.3052
0.447605
0.591429
0.725395
0.838811
0.925488
0.98688
1.03147
1.06998
1.10873
1.14225
1.15885
1.15757
1.1335
1.08121
1.00231
0.899311
0.776766
0.641202
0.500217
0.361166
0.230357
0.112523
0.010413
-0.0753302
-0.146127
-0.205187
-0.257107
-0.307375
-0.361682
-0.424998
-0.500815
-0.586053
-0.658703
-0.705337
-0.725395
-0.720307
-0.693364
-0.649732
-0.595558
-0.536009
-0.472624
-0.400987
-0.31016
-0.528032
-0.605377
-0.680744
-0.751537
-0.810462
-0.847361
-0.852645
-0.820614
-0.750356
-0.6529
-0.552134
-0.460221
-0.376037
-0.296037
-0.21581
-0.130554
-0.0357642
0.0724274
0.195272
0.331298
0.475252
0.617875
0.747976
0.855229
0.935084
0.991021
1.03287
1.07092
1.11072
1.14081
1.15764
1.15841
1.13811
1.08922
1.01282
0.911644
0.790369
0.655375
0.513894
0.373075
0.239066
0.116578
0.00865809
-0.0834651
-0.160343
-0.224149
-0.278412
-0.32773
-0.377422
-0.432908
-0.49876
-0.577831
-0.657137
-0.717565
-0.750967
-0.758012
-0.740921
-0.703905
-0.652797
-0.593586
-0.529911
-0.460107
-0.375206
-0.259417
-0.622258
-0.684768
-0.750784
-0.812546
-0.858421
-0.875963
-0.856103
-0.795383
-0.699343
-0.591835
-0.492025
-0.400141
-0.312778
-0.225443
-0.133272
-0.0317476
0.0828619
0.211556
0.352224
0.498988
0.641734
0.768904
0.871294
0.945712
0.997553
1.0379
1.07692
1.11635
1.1449
1.16215
1.16475
1.14707
1.10053
1.0258
0.925718
0.805141
0.670403
0.52853
0.386317
0.24971
0.123319
0.0102675
-0.0878658
-0.171046
-0.240648
-0.299256
-0.350449
-0.398656
-0.448913
-0.506204
-0.574473
-0.654888
-0.72618
-0.773775
-0.794858
-0.790539
-0.763803
-0.719688
-0.664416
-0.603369
-0.538113
-0.463326
-0.365252
-0.223308
-0.726858
-0.775504
-0.83042
-0.878822
-0.905652
-0.897788
-0.84824
-0.756747
-0.643121
-0.535268
-0.435286
-0.340149
-0.245261
-0.14562
-0.0366678
0.0852248
0.220845
0.367569
0.518613
0.66303
0.788691
0.887163
0.957466
1.00669
1.04687
1.08804
1.12622
1.15458
1.17233
1.17649
1.16067
1.11526
1.04121
0.941457
0.820986
0.686145
0.543784
0.400444
0.261747
0.132138
0.0147042
-0.0888234
-0.178035
-0.253753
-0.317846
-0.373019
-0.42269
-0.470974
-0.522507
-0.581794
-0.652444
-0.730222
-0.791726
-0.827431
-0.837526
-0.823709
-0.789801
-0.741542
-0.685229
-0.625186
-0.560461
-0.481795
-0.370589
-0.20162
-0.839797
-0.874458
-0.9152
-0.94477
-0.945974
-0.906718
-0.822989
-0.708018
-0.590878
-0.481856
-0.378264
-0.275322
-0.167747
-0.0508048
0.079103
0.222713
0.376846
0.533937
0.681797
0.807525
0.903729
0.970922
1.0187
1.05994
1.10438
1.14253
1.17117
1.18927
1.1941
1.17901
1.1337
1.05916
0.958821
0.837765
0.702356
0.559308
0.414911
0.274514
0.142284
0.0211882
-0.0870142
-0.181707
-0.263342
-0.333291
-0.393635
-0.446967
-0.496374
-0.545569
-0.598791
-0.660088
-0.732655
-0.803311
-0.853537
-0.878496
-0.879093
-0.857782
-0.819223
-0.769669
-0.715129
-0.658456
-0.595874
-0.514091
-0.389781
-0.193312
-0.958354
-0.97757
-0.999826
-1.00445
-0.973771
-0.89843
-0.784251
-0.658199
-0.539245
-0.426537
-0.315116
-0.199287
-0.0739919
0.0644737
0.216944
0.379864
0.544741
0.698161
0.82611
0.92146
0.986796
1.03372
1.07684
1.12535
1.16457
1.19413
1.21276
1.21763
1.20174
1.15529
1.07929
0.977383
0.855012
0.718526
0.574529
0.429072
0.28722
0.15287
0.0287691
-0.0833839
-0.182883
-0.269941
-0.345587
-0.411483
-0.469683
-0.522473
-0.572488
-0.622975
-0.677684
-0.740074
-0.812386
-0.873937
-0.912559
-0.927437
-0.919832
-0.892937
-0.852112
-0.803826
-0.753413
-0.7019
-0.64252
-0.558034
-0.420651
-0.196637
-1.07915
-1.08004
-1.07866
-1.05231
-0.984889
-0.873147
-0.7376
-0.607959
-0.485044
-0.364447
-0.239973
-0.10601
0.0414443
0.203473
0.376426
0.55101
0.712411
0.844914
0.941016
1.00555
1.05246
1.09762
1.14891
1.19052
1.22184
1.24128
1.24605
1.22817
1.17923
1.1007
0.996403
0.871974
0.733906
0.588671
0.442107
0.298982
0.162902
0.0363754
-0.0790494
-0.182658
-0.274517
-0.355404
-0.426692
-0.490109
-0.547471
-0.600592
-0.651545
-0.703067
-0.758427
-0.820924
-0.888851
-0.939819
-0.967687
-0.973581
-0.959322
-0.928854
-0.888057
-0.843291
-0.798848
-0.75368
-0.698018
-0.61092
-0.460515
-0.209341
-1.19835
-1.17656
-1.14541
-1.08201
-0.974444
-0.833357
-0.690387
-0.555316
-0.424065
-0.290113
-0.147014
0.00988049
0.182095
0.366204
0.552421
0.724603
0.864569
0.96359
1.02823
1.07559
1.12314
1.17767
1.22177
1.25445
1.27423
1.27823
1.25718
1.2045
1.1223
1.01475
0.887627
0.74749
0.600755
0.453023
0.308777
0.171306
0.0428462
-0.0752349
-0.182288
-0.278297
-0.363849
-0.44008
-0.508504
-0.570716
-0.628092
-0.681816
-0.733365
-0.78506
-0.839895
-0.901368
-0.96045
-0.999838
-1.01793
-1.01616
-0.996994
-0.965028
-0.926405
-0.887027
-0.849841
-0.811603
-0.759673
-0.669771
-0.506428
-0.228895
-1.31195
-1.26242
-1.19565
-1.09055
-0.946886
-0.788585
-0.638881
-0.495129
-0.350459
-0.19756
-0.0307814
0.15217
0.34845
0.548142
0.734066
0.885274
0.990103
1.05605
1.10419
1.15417
1.2128
1.25929
1.29255
1.31141
1.3134
1.28751
1.22983
1.14285
1.03115
0.900698
0.758083
0.609621
0.460694
0.31547
0.176914
0.0469646
-0.0732256
-0.183109
-0.282639
-0.372252
-0.45287
-0.525816
-0.592567
-0.654366
-0.711952
-0.765788
-0.816834
-0.867146
-0.919563
-0.977875
-1.02589
-1.05383
-1.06302
-1.05494
-1.03263
-1.00112
-0.966492
-0.933864
-0.904624
-0.873322
-0.824695
-0.731572
-0.555429
-0.252732
-1.4156
-1.33314
-1.22644
-1.07985
-0.906076
-0.73878
-0.579895
-0.422713
-0.258973
-0.0817503
0.112396
0.321691
0.536548
0.739147
0.90605
1.02098
1.09061
1.13965
1.19161
1.25484
1.30349
1.33644
1.35276
1.3509
1.31812
1.25388
1.16096
1.04421
0.909812
0.764354
0.614003
0.463888
0.317851
0.178505
0.0474772
-0.0743223
-0.186474
-0.288935
-0.382022
-0.466453
-0.543341
-0.614046
-0.679806
-0.741279
-0.798406
-0.850967
-0.899641
-0.946508
-0.994755
-1.0465
-1.08278
-1.10068
-1.10242
-1.08972
-1.06611
-1.03682
-1.00761
-0.982536
-0.96134
-0.936475
-0.89037
-0.793456
-0.60473
-0.278429
-1.50526
-1.3843
-1.23287
-1.0506
-0.860494
-0.682388
-0.509753
-0.333454
-0.144946
0.0608512
0.28373
0.515107
0.737056
0.924308
1.05492
1.13176
1.18278
1.23606
1.3017
1.35265
1.38461
1.39728
1.38867
1.34756
1.27543
1.17541
1.0527
0.9137
0.765032
0.612657
0.461395
0.314723
0.17488
0.043157
-0.0797899
-0.193692
-0.298534
-0.394534
-0.482215
-0.562458
-0.636454
-0.705424
-0.770125
-0.830418
-0.885427
-0.934544
-0.978658
-1.02035
-1.06373
-1.1054
-1.13042
-1.1401
-1.13614
-1.12063
-1.09748
-1.07188
-1.04898
-1.0317
-1.01811
-0.998766
-0.954157
-0.852811
-0.651835
-0.303827
-1.57775
-1.41504
-1.22112
-1.00784
-0.806105
-0.614465
-0.423222
-0.22232
-0.00450942
0.232062
0.480752
0.724075
0.935687
1.08878
1.17828
1.233
1.28693
1.35307
1.40619
1.43607
1.44374
1.42509
1.37427
1.29319
1.18507
1.05553
0.911294
0.759025
0.604487
0.452125
0.304997
0.164937
0.0328796
-0.090788
-0.20596
-0.312663
-0.411041
-0.501426
-0.584451
-0.661078
-0.732436
-0.79939
-0.861985
-0.91922
-0.969693
-1.01301
-1.05078
-1.08623
-1.12446
-1.15499
-1.17038
-1.17337
-1.16526
-1.1485
-1.12714
-1.10614
-1.08987
-1.08003
-1.07313
-1.05808
-1.0138
-0.907386
-0.69463
-0.327118
-1.62894
-1.41985
-1.19028
-0.957856
-0.741739
-0.531721
-0.316307
-0.0858155
0.164327
0.43012
0.696016
0.935068
1.11643
1.22639
1.28798
1.34202
1.40666
1.46186
1.48876
1.49029
1.46017
1.39791
1.30632
1.18909
1.05193
0.901843
0.745591
0.588723
0.435281
0.287849
0.147815
0.0157419
-0.108263
-0.224264
-0.332345
-0.432581
-0.525134
-0.610378
-0.689
-0.761949
-0.83012
-0.893818
-0.95229
-1.00393
-1.04744
-1.0833
-1.11406
-1.14339
-1.17538
-1.19574
-1.20381
-1.20172
-1.19091
-1.17414
-1.15546
-1.13939
-1.12948
-1.12622
-1.12474
-1.11256
-1.06738
-0.955318
-0.7314
-0.346844
-1.65777
-1.40424
-1.14353
-0.896247
-0.662513
-0.429337
-0.184902
0.0787038
0.360673
0.648606
0.916813
1.13116
1.26896
1.3435
1.39754
1.45813
1.51452
1.53799
1.53269
1.49136
1.41749
1.31436
1.18689
1.04139
0.88497
0.724402
0.565034
0.410488
0.262844
0.123018
-0.00881651
-0.132837
-0.249281
-0.358291
-0.459891
-0.554079
-0.640976
-0.720971
-0.794763
-0.863186
-0.92676
-0.985162
-1.03706
-1.08084
-1.11607
-1.14443
-1.16907
-1.19374
-1.21778
-1.22989
-1.23247
-1.22663
-1.21426
-1.19833
-1.18269
-1.17135
-1.167
-1.16906
-1.17145
-1.16057
-1.11326
-0.995072
-0.760763
-0.36185
-1.66106
-1.37037
-1.08437
-0.820424
-0.564846
-0.303866
-0.0265579
0.270579
0.578627
0.8752
1.12529
1.29796
1.39284
1.44867
1.50191
1.55807
1.57772
1.56334
1.51298
1.42946
1.3157
1.17789
1.02365
0.860642
0.69558
0.533593
0.377896
0.230069
0.0905484
-0.0408816
-0.164679
-0.281249
-0.390796
-0.493296
-0.588598
-0.67658
-0.757334
-0.831277
-0.899105
-0.961486
-1.01856
-1.06956
-1.1131
-1.14825
-1.17578
-1.1982
-1.21826
-1.23962
-1.25537
-1.26122
-1.25927
-1.25039
-1.23704
-1.22214
-1.20926
-1.20182
-1.20174
-1.20745
-1.2119
-1.20067
-1.15003
-1.02532
-0.781565
-0.371204
-1.63709
-1.31601
-1.01214
-0.727707
-0.44588
-0.153278
0.157937
0.48398
0.805951
1.09097
1.30337
1.42796
1.49127
1.53493
1.57725
1.5963
1.57732
1.52114
1.43018
1.30808
1.16122
0.998669
0.829153
0.65966
0.495074
0.338217
0.190199
0.0510038
-0.0799534
-0.20339
-0.319863
-0.429628
-0.532617
-0.628541
-0.717058
-0.797978
-0.871444
-0.937985
-0.998357
-1.05313
-1.10224
-1.14484
-1.18003
-1.20785
-1.22995
-1.24862
-1.26532
-1.28196
-1.29103
-1.29207
-1.28625
-1.27402
-1.25876
-1.24363
-1.23197
-1.22673
-1.22904
-1.2365
-1.24129
-1.22841
-1.17385
-1.04306
-0.791747
-0.373725
-1.59315
-1.24374
-0.922613
-0.614811
-0.303701
0.0214327
0.362563
0.706552
1.02303
1.27501
1.43727
1.51893
1.55686
1.5823
1.59413
1.57105
1.51305
1.41765
1.28925
1.13552
0.966147
0.790946
0.617485
0.450578
0.292684
0.144498
0.00560653
-0.124892
-0.247932
-0.364191
-0.473952
-0.5771
-0.673218
-0.76177
-0.842326
-0.914786
-0.979536
-1.0374
-1.08933
-1.13596
-1.17717
-1.21239
-1.24135
-1.26476
-1.2843
-1.30114
-1.31521
-1.3236
-1.32102
-1.31139
-1.2973
-1.28071
-1.26366
-1.24877
-1.23888
-1.23626
-1.24127
-1.25066
-1.25587
-1.24142
-1.18325
-1.04732
-0.790545
-0.368729
-1.5271
-1.15657
-0.815488
-0.481635
-0.140488
0.213611
0.574582
0.9182
1.20701
1.40973
1.52048
1.56402
1.57609
1.57887
1.54925
1.48715
1.38938
1.25727
1.09912
0.925404
0.746334
0.570035
0.401483
0.242923
0.0947182
-0.0438546
-0.17394
-0.296623
-0.41265
-0.5223
-0.62539
-0.721383
-0.809579
-0.889357
-0.960447
-1.02313
-1.07834
-1.12735
-1.17143
-1.21117
-1.24634
-1.27631
-1.30081
-1.32021
-1.33089
-1.33509
-1.33522
-1.33274
-1.32228
-1.30735
-1.28996
-1.27187
-1.25498
-1.2416
-1.23413
-1.23423
-1.24158
-1.25224
-1.25717
-1.24061
-1.17868
-1.03817
-0.777699
-0.35574
-1.43885
-1.0527
-0.69022
-0.330362
0.0371845
0.410958
0.77481
1.09587
1.3385
1.48611
1.54973
1.56168
1.54793
1.51117
1.4444
1.34413
1.21101
1.05139
0.876081
0.695614
0.518278
0.349261
0.190762
0.0429316
-0.0951653
-0.224826
-0.347211
-0.463065
-0.57261
-0.675567
-0.771275
-0.858899
-0.937684
-1.00727
-1.06791
-1.12062
-1.16697
-1.20846
-1.24603
-1.27948
-1.30843
-1.32814
-1.34046
-1.34761
-1.34973
-1.34667
-1.33988
-1.32872
-1.31226
-1.29335
-1.27361
-1.25462
-1.23808
-1.22597
-1.22021
-1.22193
-1.23025
-1.2408
-1.24422
-1.22476
-1.15889
-1.01448
-0.752274
-0.334025
-1.33157
-0.931609
-0.548737
-0.166791
0.218307
0.596417
0.942378
1.22112
1.40751
1.50332
1.53113
1.51239
1.46559
1.39026
1.28576
1.15149
0.992623
0.818391
0.639161
0.463088
0.29531
0.138037
-0.00867446
-0.145881
-0.274946
-0.397024
-0.512785
-0.622331
-0.725239
-0.82071
-0.90778
-0.985631
-1.05384
-1.11273
-1.16326
-1.20702
-1.24537
-1.27968
-1.30752
-1.32803
-1.34363
-1.35438
-1.36035
-1.36198
-1.35834
-1.34828
-1.33327
-1.3147
-1.29301
-1.27055
-1.24867
-1.22873
-1.21219
-1.20066
-1.1956
-1.19764
-1.20549
-1.21452
-1.2153
-1.19223
-1.12238
-0.974965
-0.713262
-0.302842
-1.20704
-0.795392
-0.396099
-9.01122e-05
0.388868
0.752171
1.06086
1.28549
1.41961
1.47304
1.46413
1.41312
1.32752
1.21723
1.08156
0.924556
0.753748
0.578162
0.405625
0.241029
0.0864872
-0.0579965
-0.193556
-0.321582
-0.443173
-0.558866
-0.668572
-0.771672
-0.867179
-0.954018
-1.03128
-1.09859
-1.15612
-1.2048
-1.24585
-1.28043
-1.30561
-1.32533
-1.3415
-1.35417
-1.3638
-1.36986
-1.37133
-1.36723
-1.35597
-1.33699
-1.31425
-1.28912
-1.26275
-1.237
-1.21302
-1.19191
-1.17488
-1.16318
-1.15783
-1.15904
-1.16518
-1.17148
-1.16861
-1.14137
-1.06767
-0.918374
-0.659703
-0.261512
-1.06725
-0.647759
-0.239285
0.15889
0.535038
0.865185
1.12388
1.29733
1.38584
1.39806
1.351
1.26237
1.14527
1.00789
0.852613
0.685973
0.515484
0.348048
0.188246
0.0379345
-0.103021
-0.235872
-0.36209
-0.482747
-0.598238
-0.708252
-0.811898
-0.907956
-0.995184
-1.07254
-1.13959
-1.1962
-1.24363
-1.2796
-1.30485
-1.3239
-1.33857
-1.35062
-1.36111
-1.36952
-1.3751
-1.37644
-1.37182
-1.3598
-1.3389
-1.31038
-1.28044
-1.24947
-1.21883
-1.18997
-1.16382
-1.14127
-1.12327
-1.11071
-1.10424
-1.10367
-1.10711
-1.10973
-1.10243
-1.07064
-0.993404
-0.843597
-0.590804
-0.20951
-0.914701
-0.493565
-0.086028
0.29986
0.646588
0.932961
1.14265
1.26906
1.31227
1.2828
1.19943
1.07764
0.937699
0.784016
0.621284
0.456084
0.294247
0.139899
-0.00527588
-0.141636
-0.27065
-0.394023
-0.512976
-0.627881
-0.738226
-0.842808
-0.940116
-1.0285
-1.10685
-1.17405
-1.23068
-1.27189
-1.30127
-1.32212
-1.33654
-1.3474
-1.35636
-1.3643
-1.37112
-1.37542
-1.37565
-1.36994
-1.35645
-1.33383
-1.30185
-1.26519
-1.22874
-1.19267
-1.15822
-1.12649
-1.09818
-1.07401
-1.05464
-1.04069
-1.03242
-1.02932
-1.02928
-1.02749
-1.01524
-0.978747
-0.898525
-0.74987
-0.506121
-0.146614
-0.752573
-0.338363
0.0557878
0.415398
0.723659
0.965247
1.12788
1.2074
1.20709
1.13868
1.02161
0.879745
0.727178
0.56788
0.407062
0.250073
0.100604
-0.0396857
-0.171204
-0.295662
-0.415162
-0.53138
-0.644972
-0.755405
-0.861229
-0.960325
-1.05066
-1.13042
-1.1979
-1.24871
-1.28648
-1.31324
-1.3312
-1.34321
-1.35144
-1.35791
-1.36333
-1.3675
-1.36938
-1.36717
-1.35913
-1.34349
-1.31886
-1.28435
-1.24198
-1.19865
-1.15682
-1.11663
-1.07904
-1.04484
-1.01455
-0.988669
-0.967638
-0.951769
-0.941038
-0.934666
-0.930411
-0.923599
-0.906018
-0.864927
-0.782586
-0.637089
-0.405852
-0.0731193
-0.58513
-0.188293
0.180887
0.505471
0.772466
0.96819
1.08411
1.1194
1.07997
0.979597
0.839959
0.688598
0.532562
0.375678
0.222403
0.076433
-0.0603782
-0.188067
-0.308261
-0.423393
-0.535853
-0.647092
-0.756966
-0.863702
-0.964686
-1.05717
-1.13698
-1.20053
-1.25032
-1.28744
-1.31368
-1.33123
-1.34242
-1.34952
-1.35393
-1.35656
-1.35733
-1.35538
-1.34938
-1.33765
-1.31859
-1.29103
-1.25401
-1.20821
-1.15893
-1.11072
-1.06506
-1.02197
-0.982123
-0.946008
-0.913955
-0.886259
-0.863141
-0.844677
-0.830621
-0.820036
-0.810683
-0.798167
-0.774963
-0.729575
-0.646288
-0.506282
-0.291232
0.00986004
-0.417772
-0.0484516
0.286964
0.571545
0.793622
0.94328
1.01579
1.01337
0.943642
0.820351
0.671782
0.519645
0.367135
0.217406
0.0738099
-0.061307
-0.187223
-0.304819
-0.416299
-0.524569
-0.632224
-0.740079
-0.84663
-0.948607
-1.04045
-1.11787
-1.18214
-1.23343
-1.27256
-1.30081
-1.3201
-1.33236
-1.33927
-1.34222
-1.34191
-1.33858
-1.33176
-1.32052
-1.30379
-1.28037
-1.24936
-1.21011
-1.16214
-1.10865
-1.05557
-1.00479
-0.957149
-0.912549
-0.871354
-0.833805
-0.80005
-0.770203
-0.744312
-0.722293
-0.703778
-0.687806
-0.672295
-0.653311
-0.624215
-0.574985
-0.492167
-0.360208
-0.165008
0.100046
-0.257097
0.0755454
0.369701
0.609242
0.785443
0.892266
0.928291
0.89718
0.806839
0.673694
0.528098
0.38223
0.237968
0.0975645
-0.0365213
-0.162594
-0.280191
-0.390265
-0.495204
-0.598362
-0.702327
-0.80647
-0.906252
-0.995002
-1.07325
-1.14033
-1.19563
-1.2392
-1.27193
-1.295
-1.3098
-1.31766
-1.31963
-1.31653
-1.30875
-1.29638
-1.27914
-1.2566
-1.22817
-1.19338
-1.15182
-1.1031
-1.0483
-0.992374
-0.938401
-0.887271
-0.839302
-0.794305
-0.752383
-0.713573
-0.677875
-0.645273
-0.61571
-0.589032
-0.564863
-0.542342
-0.519693
-0.493601
-0.458508
-0.406073
-0.32529
-0.203921
-0.0318633
0.193687
-0.111435
0.175761
0.422378
0.614742
0.747424
0.817676
0.826258
0.777753
0.680103
0.550431
0.415729
0.281366
0.148113
0.017459
-0.108509
-0.227873
-0.339479
-0.443659
-0.542967
-0.641803
-0.742005
-0.83585
-0.922733
-1.00248
-1.07348
-1.13434
-1.18435
-1.2234
-1.25195
-1.27067
-1.28045
-1.28216
-1.2766
-1.26455
-1.24663
-1.22331
-1.19493
-1.16164
-1.12346
-1.08034
-1.03193
-0.978145
-0.921802
-0.866948
-0.814509
-0.76475
-0.717657
-0.672964
-0.630589
-0.590438
-0.552419
-0.516453
-0.482455
-0.450288
-0.419659
-0.389905
-0.35965
-0.326311
-0.285531
-0.230794
-0.153637
-0.0450715
0.101386
0.285429
0.00922793
0.243696
0.439429
0.585783
0.68021
0.722411
0.714607
0.661447
0.569203
0.454435
0.337195
0.218466
0.0980801
-0.0229156
-0.142148
-0.256548
-0.363447
-0.462452
-0.557487
-0.652606
-0.7418
-0.826537
-0.906936
-0.981419
-1.04801
-1.10502
-1.15135
-1.18639
-1.21007
-1.22264
-1.22478
-1.21741
-1.20172
-1.17898
-1.15041
-1.11709
-1.07981
-1.03913
-0.995256
-0.948142
-0.897371
-0.843643
-0.790249
-0.738819
-0.689509
-0.642225
-0.596761
-0.55281
-0.510189
-0.46874
-0.428337
-0.388896
-0.350362
-0.312669
-0.275652
-0.238891
-0.201445
-0.161488
-0.115903
-0.0600247
0.0120807
0.106334
0.226056
0.368529
0.0944314
0.271863
0.416868
0.521495
0.585246
0.609361
0.596625
0.55066
0.475544
0.385371
0.291363
0.192314
0.0871423
-0.0233869
-0.136196
-0.246527
-0.350086
-0.446654
-0.540651
-0.627852
-0.710634
-0.790577
-0.866821
-0.937413
-1.00017
-1.05307
-1.09448
-1.12325
-1.139
-1.14208
-1.1336
-1.11522
-1.08888
-1.05652
-1.01985
-0.98022
-0.938517
-0.895252
-0.850522
-0.803985
-0.755356
-0.705989
-0.657968
-0.611539
-0.566514
-0.522631
-0.479605
-0.43713
-0.394987
-0.353001
-0.311047
-0.269057
-0.227016
-0.184924
-0.142741
-0.100269
-0.0569738
-0.0117466
0.0373489
0.0931954
0.159327
0.238853
0.332407
0.435504
0.133751
0.253663
0.351595
0.42134
0.463367
0.479438
0.472054
0.44338
0.395705
0.337355
0.272642
0.198742
0.113364
0.0165162
-0.0884678
-0.195666
-0.299976
-0.401194
-0.493498
-0.578281
-0.658799
-0.73539
-0.807162
-0.87248
-0.929172
-0.974841
-1.0074
-1.02561
-1.02947
-1.02021
-0.999957
-0.971302
-0.936803
-0.898667
-0.858579
-0.817662
-0.776529
-0.735388
-0.694093
-0.652204
-0.609669
-0.567646
-0.526728
-0.486741
-0.447373
-0.408313
-0.369265
-0.329941
-0.290113
-0.249595
-0.208249
-0.165992
-0.122796
-0.0786706
-0.0336306
0.012371
0.0595381
0.108353
0.159685
0.214783
0.274977
0.34085
0.410761
0.479009
0.114421
0.17981
0.236866
0.279947
0.309313
0.326225
0.332233
0.328336
0.315186
0.294945
0.266963
0.227023
0.170881
0.0961111
0.00389143
-0.101105
-0.214817
-0.325695
-0.424666
-0.513025
-0.592253
-0.663686
-0.727811
-0.783762
-0.829455
-0.862385
-0.88069
-0.883948
-0.873374
-0.851455
-0.821283
-0.785913
-0.747909
-0.709149
-0.670828
-0.633557
-0.597519
-0.562608
-0.528508
-0.494834
-0.461577
-0.429072
-0.39724
-0.365778
-0.334359
-0.302674
-0.270429
-0.237341
-0.203152
-0.167625
-0.130548
-0.0917429
-0.0510731
-0.00844796
0.0361793
0.0828227
0.131482
0.182159
0.234837
0.289363
0.345135
0.400475
0.45166
0.491927
