0.324244
0.303658
0.269532
0.227664
0.181938
0.135182
0.089319
0.0455491
0.00453387
-0.033444
-0.0683497
-0.100299
-0.129489
-0.156156
-0.180541
-0.202878
-0.223376
-0.242215
-0.259546
-0.275489
-0.290128
-0.303509
-0.315632
-0.326443
-0.335787
-0.343387
-0.349282
-0.353647
-0.356596
-0.35818
-0.358385
-0.357154
-0.354381
-0.349927
-0.343622
-0.335262
-0.324592
-0.311303
-0.295043
-0.275407
-0.251928
-0.224066
-0.191158
-0.152428
-0.107162
-0.0541156
0.00744779
0.0771734
0.155782
0.233333
0.306861
0.374247
0.4335
0.482903
0.521174
0.547646
0.56228
0.563779
0.551354
0.525329
0.486473
0.435919
0.375243
0.306635
0.379237
0.340203
0.291862
0.238516
0.183552
0.129349
0.0774245
0.0286266
-0.0166743
-0.0584221
-0.0967499
-0.131893
-0.164129
-0.19375
-0.221032
-0.246229
-0.269558
-0.291202
-0.311305
-0.329976
-0.347282
-0.363242
-0.377823
-0.390903
-0.402173
-0.410945
-0.417327
-0.421646
-0.42412
-0.424869
-0.423938
-0.421311
-0.416927
-0.410688
-0.402455
-0.392051
-0.379237
-0.363742
-0.345234
-0.32333
-0.297601
-0.267537
-0.232504
-0.191774
-0.144604
-0.0899793
-0.0275506
0.0437095
0.123865
0.207055
0.289788
0.370012
0.445179
0.51255
0.569553
0.614262
0.64574
0.660172
0.655082
0.630429
0.587108
0.526471
0.449921
0.35841
0.42553
0.366525
0.302444
0.236905
0.172624
0.111373
0.0541316
0.00129743
-0.0471252
-0.091366
-0.131775
-0.168746
-0.202676
-0.233937
-0.262863
-0.289743
-0.314813
-0.338263
-0.360233
-0.380819
-0.400065
-0.417962
-0.434425
-0.449242
-0.461864
-0.471187
-0.47753
-0.481364
-0.483008
-0.482664
-0.480442
-0.476377
-0.470457
-0.462619
-0.452754
-0.440701
-0.426248
-0.409145
-0.389066
-0.36567
-0.338484
-0.307001
-0.270546
-0.228329
-0.179572
-0.123268
-0.0593226
0.0141319
0.0961817
0.183251
0.27157
0.359284
0.443626
0.521358
0.589229
0.644708
0.686756
0.710172
0.711237
0.689114
0.644009
0.576524
0.487107
0.375558
0.463399
0.38346
0.303254
0.225624
0.152487
0.0848815
0.0231628
-0.0327868
-0.0833682
-0.129123
-0.170636
-0.208479
-0.243176
-0.275194
-0.304933
-0.332722
-0.358821
-0.383423
-0.406667
-0.428627
-0.449323
-0.468701
-0.486606
-0.502699
-0.516053
-0.5254
-0.531308
-0.534362
-0.534971
-0.533414
-0.52987
-0.524427
-0.517115
-0.507905
-0.496697
-0.483359
-0.46768
-0.449417
-0.428265
-0.403846
-0.375659
-0.34315
-0.305469
-0.261857
-0.211327
-0.152981
-0.0866235
-0.0103751
0.0744045
0.165025
0.257556
0.350139
0.439775
0.522863
0.595725
0.655698
0.702347
0.730246
0.735171
0.715335
0.669615
0.597107
0.496857
0.367785
0.492564
0.391696
0.295738
0.206649
0.125441
0.0523408
-0.0129823
-0.0711912
-0.123108
-0.169594
-0.211472
-0.24949
-0.284305
-0.316479
-0.346475
-0.374663
-0.401319
-0.426644
-0.450763
-0.473721
-0.495506
-0.515999
-0.534944
-0.551841
-0.565262
-0.574179
-0.579351
-0.581437
-0.580919
-0.578134
-0.573325
-0.566624
-0.558093
-0.547725
-0.535433
-0.5211
-0.50451
-0.485427
-0.463492
-0.438308
-0.409302
-0.375756
-0.336812
-0.291439
-0.238771
-0.177682
-0.108183
-0.0283237
0.0601155
0.154395
0.250544
0.346394
0.438606
0.523176
0.596223
0.655442
0.701523
0.729615
0.7356
0.716838
0.670593
0.594027
0.484556
0.340344
0.513172
0.392114
0.281314
0.181739
0.0934261
0.0157412
-0.0523508
-0.112065
-0.164643
-0.211256
-0.252959
-0.290671
-0.325175
-0.35712
-0.387027
-0.415297
-0.442222
-0.468
-0.492731
-0.516426
-0.539017
-0.560294
-0.579872
-0.597053
-0.609905
-0.617996
-0.622207
-0.623224
-0.621567
-0.617616
-0.611652
-0.603838
-0.594263
-0.58293
-0.569766
-0.554646
-0.537353
-0.517612
-0.495027
-0.469123
-0.439167
-0.404388
-0.363677
-0.316122
-0.260525
-0.195947
-0.122251
-0.0382198
0.054693
0.152684
0.25195
0.34978
0.442274
0.525014
0.594233
0.648516
0.689875
0.71459
0.71888
0.699465
0.652052
0.571765
0.454318
0.297104
0.525736
0.385759
0.261378
0.152485
0.0580999
-0.0232818
-0.0933931
-0.153985
-0.2067
-0.253006
-0.294172
-0.331278
-0.36522
-0.396723
-0.426354
-0.454541
-0.481583
-0.507664
-0.532845
-0.557084
-0.580227
-0.601953
-0.621722
-0.638591
-0.65028
-0.657237
-0.66034
-0.660255
-0.657507
-0.652483
-0.645493
-0.636719
-0.626258
-0.614122
-0.600228
-0.58445
-0.566535
-0.546155
-0.522842
-0.495977
-0.464775
-0.428193
-0.385198
-0.334524
-0.275252
-0.206178
-0.127434
-0.0386816
0.0591829
0.160659
0.262349
0.36072
0.451157
0.529101
0.591326
0.63773
0.671192
0.689743
0.689942
0.668069
0.618495
0.534418
0.409894
0.241457
0.531007
0.373742
0.237251
0.120291
0.0208563
-0.0634067
-0.134899
-0.195875
-0.248351
-0.294065
-0.334487
-0.370836
-0.404107
-0.435086
-0.46438
-0.49243
-0.519537
-0.545857
-0.571388
-0.596009
-0.619452
-0.641247
-0.660683
-0.67653
-0.686577
-0.692189
-0.694096
-0.692923
-0.689153
-0.683172
-0.675289
-0.66568
-0.654473
-0.641645
-0.627112
-0.610689
-0.59209
-0.570932
-0.546611
-0.518378
-0.485234
-0.446183
-0.399958
-0.345387
-0.281225
-0.206828
-0.122436
-0.027535
0.0744092
0.178831
0.281751
0.378717
0.464635
0.535167
0.588143
0.625265
0.649049
0.659239
0.653323
0.627352
0.574505
0.486229
0.355006
0.176447
0.529864
0.357162
0.210127
0.086354
-0.0171646
-0.10359
-0.175943
-0.23694
-0.288932
-0.333904
-0.373498
-0.409058
-0.441656
-0.472129
-0.501112
-0.529056
-0.55625
-0.582798
-0.608614
-0.63346
-0.656915
-0.678335
-0.696792
-0.710585
-0.718866
-0.723006
-0.72368
-0.721431
-0.716721
-0.709912
-0.701259
-0.690952
-0.679055
-0.665592
-0.650418
-0.633276
-0.613794
-0.591465
-0.565661
-0.535396
-0.499603
-0.457096
-0.406692
-0.347028
-0.276941
-0.196376
-0.1048
-0.00469117
0.100767
0.207007
0.309196
0.402437
0.481372
0.542267
0.585137
0.612369
0.625032
0.625615
0.61218
0.58083
0.523563
0.430301
0.292236
0.104255
0.523218
0.337045
0.181049
0.0516707
-0.0550532
-0.143029
-0.215839
-0.276608
-0.327987
-0.372172
-0.410956
-0.44578
-0.477781
-0.507837
-0.536608
-0.564548
-0.591908
-0.618712
-0.644741
-0.669595
-0.692681
-0.713143
-0.729859
-0.740939
-0.747192
-0.749745
-0.749142
-0.745848
-0.740262
-0.73271
-0.723433
-0.71251
-0.699991
-0.6858
-0.66984
-0.651762
-0.63106
-0.607037
-0.578962
-0.54582
-0.506468
-0.459328
-0.403546
-0.337526
-0.259554
-0.171301
-0.0739639
0.0304128
0.138281
0.24429
0.343378
0.430045
0.499307
0.549524
0.581592
0.596705
0.596908
0.5878
0.567174
0.530105
0.467564
0.368532
0.223523
0.0268357
0.511949
0.314313
0.150907
0.0170536
-0.0920933
-0.181113
-0.254078
-0.314474
-0.365203
-0.408642
-0.446703
-0.480908
-0.51245
-0.542246
-0.570971
-0.599058
-0.626681
-0.653747
-0.679859
-0.704388
-0.726509
-0.745263
-0.759433
-0.767298
-0.771373
-0.772254
-0.770398
-0.766133
-0.759739
-0.751508
-0.741625
-0.730153
-0.716973
-0.701896
-0.684793
-0.665308
-0.642804
-0.616394
-0.585016
-0.54787
-0.503395
-0.449636
-0.385463
-0.311221
-0.226272
-0.131774
-0.0296157
0.0776381
0.185752
0.28909
0.381939
0.458652
0.516235
0.55376
0.572374
0.574508
0.563416
0.545727
0.518327
0.475465
0.407259
0.302201
0.150495
-0.0541402
0.496856
0.289755
0.120425
-0.0168592
-0.127743
-0.217393
-0.290304
-0.350261
-0.400375
-0.443165
-0.48064
-0.514392
-0.545667
-0.575411
-0.604295
-0.632684
-0.660635
-0.687881
-0.713828
-0.737546
-0.757979
-0.773924
-0.784182
-0.789265
-0.791164
-0.790381
-0.787311
-0.782163
-0.775094
-0.76612
-0.755543
-0.74333
-0.72923
-0.712996
-0.694031
-0.672186
-0.646873
-0.616465
-0.578644
-0.533715
-0.481393
-0.420164
-0.349301
-0.26829
-0.177265
-0.0777587
0.0276702
0.135458
0.241067
0.338435
0.421069
0.484684
0.527676
0.551055
0.555808
0.544626
0.524023
0.498872
0.465404
0.416961
0.343073
0.232142
0.0742743
-0.137476
0.478629
0.264022
0.0901793
-0.0495818
-0.161604
-0.251551
-0.324266
-0.383773
-0.433348
-0.475622
-0.512685
-0.546194
-0.577436
-0.607366
-0.6366
-0.665405
-0.693657
-0.720872
-0.746191
-0.768483
-0.786314
-0.798385
-0.804291
-0.806651
-0.806487
-0.804008
-0.799713
-0.793712
-0.7858
-0.775959
-0.764106
-0.750398
-0.734598
-0.715555
-0.691332
-0.662783
-0.630452
-0.593042
-0.54952
-0.498976
-0.440544
-0.373058
-0.296127
-0.209421
-0.113659
-0.0109964
0.0952693
0.200762
0.300311
0.387066
0.456009
0.50403
0.531555
0.540542
0.530926
0.507282
0.47883
0.447417
0.408622
0.354915
0.275545
0.159127
-0.00422551
-0.222248
0.457838
0.237629
0.0606077
-0.0807509
-0.19338
-0.283346
-0.355767
-0.41485
-0.463991
-0.505909
-0.542765
-0.576263
-0.607716
-0.638042
-0.667763
-0.696986
-0.725391
-0.752198
-0.776231
-0.796062
-0.809982
-0.817249
-0.819138
-0.819011
-0.816733
-0.812452
-0.806559
-0.798875
-0.789089
-0.776673
-0.758553
-0.738369
-0.715956
-0.69076
-0.662258
-0.629926
-0.593418
-0.551428
-0.503126
-0.447392
-0.383475
-0.310592
-0.228557
-0.137563
-0.0387374
0.0647311
0.168949
0.268605
0.357757
0.430569
0.482901
0.513557
0.526028
0.519986
0.496831
0.462956
0.428351
0.391926
0.348516
0.289904
0.205387
0.0840152
-0.0840742
-0.307547
0.434944
0.210978
0.0320475
-0.110094
-0.222853
-0.312607
-0.384669
-0.443369
-0.492192
-0.533923
-0.570775
-0.604483
-0.636343
-0.667198
-0.697421
-0.726903
-0.755069
-0.780861
-0.80277
-0.818884
-0.827372
-0.828844
-0.827241
-0.823909
-0.81832
-0.809548
-0.796302
-0.781332
-0.764671
-0.746164
-0.725318
-0.702526
-0.677458
-0.649524
-0.6182
-0.582748
-0.542581
-0.496542
-0.443672
-0.383034
-0.314077
-0.236427
-0.150182
-0.0563281
0.0435678
0.145253
0.244015
0.334095
0.409733
0.465333
0.498708
0.512292
0.508985
0.488187
0.453001
0.412505
0.373499
0.333254
0.28587
0.22274
0.133525
0.00784089
-0.164185
-0.392269
0.4103
0.184359
0.00472177
-0.137441
-0.249894
-0.339225
-0.410868
-0.469227
-0.517834
-0.559519
-0.596528
-0.630588
-0.662925
-0.694261
-0.724771
-0.754071
-0.781193
-0.804693
-0.822567
-0.832835
-0.834012
-0.828365
-0.817575
-0.805287
-0.791705
-0.776998
-0.760941
-0.74359
-0.724809
-0.704387
-0.681905
-0.657335
-0.630202
-0.599882
-0.565744
-0.526887
-0.48276
-0.43214
-0.374287
-0.308572
-0.234748
-0.152818
-0.0635686
0.0315794
0.12993
0.226934
0.316696
0.393525
0.451881
0.488265
0.501941
0.499241
0.48064
0.446521
0.402051
0.357744
0.315856
0.27272
0.22184
0.154563
0.0611565
-0.0681386
-0.243242
-0.474928
0.384152
0.157956
-0.0212385
-0.1627
-0.27443
-0.363129
-0.434276
-0.492301
-0.540751
-0.58246
-0.619674
-0.654047
-0.686671
-0.718063
-0.74807
-0.775936
-0.800285
-0.818736
-0.827694
-0.825238
-0.814215
-0.800307
-0.785762
-0.770549
-0.754588
-0.737878
-0.720169
-0.701236
-0.680901
-0.65884
-0.634565
-0.607807
-0.578015
-0.544538
-0.506629
-0.463507
-0.414504
-0.358576
-0.29543
-0.224679
-0.146441
-0.0613311
0.0293083
0.123322
0.217315
0.305837
0.383004
0.442646
0.480761
0.49545
0.491629
0.47348
0.440884
0.395884
0.346572
0.300391
0.256836
0.211467
0.157446
0.0863997
-0.0106203
-0.142738
-0.31989
-0.553566
0.356653
0.131858
-0.0457868
-0.185845
-0.296429
-0.384261
-0.454792
-0.512428
-0.560692
-0.602364
-0.639623
-0.673968
-0.706218
-0.736581
-0.764275
-0.787002
-0.803382
-0.812529
-0.812339
-0.802043
-0.784877
-0.767717
-0.75054
-0.733105
-0.715196
-0.696678
-0.677197
-0.656461
-0.634178
-0.609917
-0.583104
-0.553333
-0.520005
-0.482392
-0.439857
-0.391632
-0.337044
-0.275625
-0.207343
-0.132021
-0.0505825
0.0361289
0.125826
0.215762
0.301686
0.377831
0.438009
0.477354
0.493973
0.487816
0.468188
0.435907
0.39163
0.339421
0.288839
0.242196
0.197783
0.150573
0.0936794
0.0192758
-0.080702
-0.214726
-0.392542
-0.624709
0.327875
0.106082
-0.0689377
-0.20689
-0.315877
-0.402553
-0.472276
-0.529365
-0.577273
-0.61862
-0.655425
-0.68886
-0.718606
-0.744881
-0.767699
-0.785623
-0.796702
-0.798982
-0.790489
-0.772531
-0.75213
-0.732286
-0.712742
-0.693172
-0.673254
-0.652728
-0.631193
-0.608244
-0.583472
-0.55634
-0.526222
-0.492635
-0.454897
-0.412382
-0.364523
-0.310557
-0.250285
-0.183696
-0.110684
-0.0321457
0.0510124
0.136858
0.222744
0.304743
0.378637
0.437988
0.47748
0.494137
0.487593
0.465187
0.431542
0.387203
0.334381
0.280758
0.230658
0.184532
0.139731
0.0908895
0.0313596
-0.045932
-0.148103
-0.282893
-0.459172
-0.679975
0.297827
0.0805802
-0.0907562
-0.225881
-0.33277
-0.417921
-0.486522
-0.54272
-0.589796
-0.629543
-0.663992
-0.694831
-0.722379
-0.746381
-0.765879
-0.779239
-0.784351
-0.778917
-0.762289
-0.73878
-0.715746
-0.69352
-0.671745
-0.65003
-0.627957
-0.605186
-0.581232
-0.555579
-0.527705
-0.497009
-0.462853
-0.424658
-0.38181
-0.33381
-0.280083
-0.220307
-0.154828
-0.0834491
-0.00715504
0.0730427
0.15545
0.237495
0.315502
0.385762
0.442876
0.481485
0.498075
0.491674
0.465678
0.429345
0.383749
0.33027
0.274964
0.222339
0.173797
0.128668
0.0836096
0.0331943
-0.0287421
-0.10838
-0.211831
-0.34585
-0.519484
-0.726232
0.266467
0.0552547
-0.11135
-0.242888
-0.347084
-0.430178
-0.496803
-0.55071
-0.595602
-0.633836
-0.667201
-0.696765
-0.722618
-0.744128
-0.759987
-0.768167
-0.766206
-0.751934
-0.727401
-0.700908
-0.675498
-0.651022
-0.627036
-0.603071
-0.578634
-0.553294
-0.526469
-0.497549
-0.465935
-0.431011
-0.392102
-0.348659
-0.300214
-0.246293
-0.186661
-0.121675
-0.0514321
0.0232949
0.101095
0.180646
0.259078
0.333338
0.399643
0.453023
0.489265
0.504289
0.497334
0.46929
0.429365
0.381435
0.326639
0.270392
0.216334
0.165931
0.119481
0.075437
0.0300298
-0.0219673
-0.0860382
-0.167367
-0.270952
-0.403158
-0.567953
-0.757279
0.233706
0.0299594
-0.13086
-0.257969
-0.358351
-0.438066
-0.502077
-0.554273
-0.59789
-0.635138
-0.667534
-0.695812
-0.719661
-0.737983
-0.749087
-0.750725
-0.740152
-0.717262
-0.687767
-0.658849
-0.631244
-0.604564
-0.578295
-0.551888
-0.524786
-0.496455
-0.466234
-0.433445
-0.397474
-0.357684
-0.313441
-0.264341
-0.209973
-0.150128
-0.0852702
-0.0156291
0.0580239
0.134067
0.211236
0.286599
0.357237
0.41964
0.469045
0.501584
0.513977
0.505029
0.47588
0.431974
0.380791
0.323807
0.266745
0.211915
0.160433
0.112828
0.0685356
0.0253551
-0.0206323
-0.074223
-0.140074
-0.222284
-0.324954
-0.45466
-0.606343
-0.775963
0.199424
0.00451162
-0.149328
-0.270687
-0.366698
-0.443184
-0.504856
-0.555429
-0.597851
-0.634101
-0.665353
-0.691918
-0.713096
-0.727438
-0.732907
-0.726876
-0.706716
-0.67577
-0.643608
-0.612595
-0.582886
-0.553975
-0.525265
-0.496155
-0.466012
-0.434215
-0.400049
-0.362834
-0.321948
-0.27678
-0.226865
-0.171883
-0.111626
-0.046567
0.0228326
0.0958852
0.170676
0.245986
0.318741
0.386168
0.444711
0.490127
0.518474
0.527003
0.515278
0.485049
0.437523
0.381991
0.322462
0.264325
0.208828
0.156763
0.108483
0.063761
0.0213419
-0.0213847
-0.068227
-0.123367
-0.190528
-0.272787
-0.37556
-0.498468
-0.633819
-0.78211
0.163469
-0.0212414
-0.167004
-0.282183
-0.373566
-0.446673
-0.505943
-0.554838
-0.595973
-0.631016
-0.660773
-0.685057
-0.702657
-0.711669
-0.709724
-0.693977
-0.664956
-0.629932
-0.595493
-0.562441
-0.530587
-0.499296
-0.467911
-0.435765
-0.402164
-0.366423
-0.327825
-0.285705
-0.239462
-0.188642
-0.132915
-0.0721234
-0.0066692
0.0628129
0.135594
0.209608
0.28355
0.354221
0.418845
0.473913
0.51533
0.539502
0.543839
0.528246
0.494541
0.444965
0.38496
0.32341
0.263769
0.207359
0.154741
0.106085
0.0611194
0.0189832
-0.0220855
-0.0648574
-0.112803
-0.169356
-0.237299
-0.319917
-0.420616
-0.531787
-0.649974
-0.776102
0.125676
-0.0476697
-0.184649
-0.293172
-0.379626
-0.449176
-0.505921
-0.552995
-0.592644
-0.62612
-0.653734
-0.674834
-0.687729
-0.690207
-0.679543
-0.653743
-0.617105
-0.579795
-0.543524
-0.508575
-0.474543
-0.440725
-0.406413
-0.370899
-0.333448
-0.293354
-0.249921
-0.202523
-0.150694
-0.0941368
-0.0326996
0.0332698
0.103059
0.175866
0.249498
0.322511
0.391599
0.453904
0.505832
0.543575
0.563526
0.563698
0.544155
0.506693
0.453398
0.390693
0.327342
0.265887
0.208089
0.154606
0.1055
0.0603968
0.0184698
-0.0216505
-0.0620272
-0.105351
-0.154575
-0.212329
-0.280794
-0.364326
-0.458257
-0.555577
-0.655888
-0.759462
0.0858828
-0.0751731
-0.202741
-0.304195
-0.385455
-0.451264
-0.505318
-0.550344
-0.588143
-0.619511
-0.644288
-0.661117
-0.667919
-0.662069
-0.640759
-0.605904
-0.566023
-0.526729
-0.488663
-0.451728
-0.415355
-0.37878
-0.341265
-0.302061
-0.260411
-0.21562
-0.167039
-0.114159
-0.0566832
0.00548147
0.0720859
0.142348
0.215401
0.289022
0.361505
0.429442
0.489894
0.539152
0.573431
0.589521
0.585576
0.561916
0.520258
0.463257
0.399798
0.334742
0.27142
0.211754
0.156883
0.106948
0.0615249
0.0197338
-0.0197299
-0.0585879
-0.0989837
-0.143318
-0.193913
-0.252699
-0.323399
-0.404706
-0.48824
-0.570749
-0.652555
-0.73345
0.043936
-0.104064
-0.221705
-0.315748
-0.391583
-0.453454
-0.504589
-0.547254
-0.582727
-0.611233
-0.631975
-0.643205
-0.642361
-0.626486
-0.59487
-0.553693
-0.511871
-0.471026
-0.431296
-0.392354
-0.353522
-0.314015
-0.273064
-0.229892
-0.183756
-0.134002
-0.0800775
-0.0216521
0.041332
0.108658
0.179559
0.253038
0.326937
0.399259
0.466456
0.525503
0.572541
0.60373
0.616087
0.608195
0.5808
0.5347
0.476217
0.411832
0.345724
0.280607
0.218974
0.162223
0.110923
0.0647419
0.02279
-0.0162625
-0.0540743
-0.0925292
-0.133639
-0.179358
-0.231369
-0.291975
-0.363693
-0.438705
-0.510484
-0.577825
-0.640882
-0.69926
-0.000274539
-0.134625
-0.241943
-0.328309
-0.398502
-0.456217
-0.504134
-0.54397
-0.576439
-0.601151
-0.616809
-0.621006
-0.61085
-0.583595
-0.543088
-0.499387
-0.456086
-0.413804
-0.372376
-0.331304
-0.289846
-0.247188
-0.202535
-0.155116
-0.104228
-0.0492893
0.0100769
0.0739288
0.142072
0.213742
0.287838
0.362264
0.434724
0.501596
0.559647
0.604917
0.633422
0.642583
0.630988
0.600221
0.551522
0.491965
0.426696
0.359819
0.293542
0.230049
0.171254
0.118081
0.0705681
0.0279359
-0.0111291
-0.0483036
-0.0854366
-0.124374
-0.166819
-0.214202
-0.267819
-0.331351
-0.400658
-0.466776
-0.526035
-0.577889
-0.622146
-0.658252
-0.0468085
-0.167089
-0.263805
-0.342283
-0.40663
-0.459913
-0.504222
-0.540688
-0.569293
-0.588969
-0.597849
-0.593119
-0.571653
-0.534356
-0.489357
-0.444025
-0.399458
-0.35576
-0.312544
-0.269191
-0.224897
-0.17883
-0.130194
-0.0782417
-0.022344
0.0379284
0.102658
0.171673
0.24423
0.319112
0.394303
0.467167
0.534048
0.591461
0.635358
0.661591
0.667796
0.653366
0.61876
0.569614
0.509817
0.443936
0.376751
0.309811
0.244984
0.184257
0.128991
0.0796189
0.0356793
-0.00401239
-0.0411023
-0.0774637
-0.114948
-0.155184
-0.199456
-0.248711
-0.305267
-0.369734
-0.433306
-0.489315
-0.5357
-0.571921
-0.597514
-0.611664
-0.0956589
-0.20163
-0.28758
-0.358009
-0.416295
-0.464832
-0.505022
-0.537276
-0.560893
-0.574209
-0.574829
-0.559616
-0.526543
-0.481271
-0.43456
-0.388178
-0.342518
-0.297389
-0.252261
-0.206416
-0.159022
-0.109242
-0.0562904
0.000499367
0.0616226
0.127221
0.197123
0.270641
0.346472
0.422621
0.49618
0.563375
0.6205
0.663256
0.68777
0.691447
0.674611
0.637988
0.588238
0.529064
0.463313
0.396177
0.329114
0.263459
0.201174
0.143878
0.0923669
0.046562
0.00555434
-0.0321613
-0.0684196
-0.105109
-0.143906
-0.186096
-0.232524
-0.284083
-0.343773
-0.406089
-0.461869
-0.507122
-0.540418
-0.56102
-0.568194
-0.560741
-0.146757
-0.238353
-0.31347
-0.375725
-0.42771
-0.471071
-0.506482
-0.533615
-0.55099
-0.556297
-0.546711
-0.519087
-0.476451
-0.428486
-0.380498
-0.33307
-0.286158
-0.239347
-0.191984
-0.143288
-0.092399
-0.0384786
0.0191729
0.0811032
0.147554
0.21835
0.292866
0.369775
0.447055
0.521573
0.589417
0.646569
0.68866
0.711715
0.71384
0.694764
0.657183
0.607524
0.548877
0.484171
0.417613
0.350868
0.284961
0.221606
0.162553
0.108917
0.0609225
0.0180091
-0.0210801
-0.058026
-0.09467
-0.132739
-0.173608
-0.218179
-0.266974
-0.321628
-0.38221
-0.439507
-0.486512
-0.520763
-0.54095
-0.546136
-0.535255
-0.506602
-0.199945
-0.277253
-0.341555
-0.395529
-0.440931
-0.478613
-0.50837
-0.529058
-0.538586
-0.534143
-0.512498
-0.473659
-0.425378
-0.376104
-0.327209
-0.278736
-0.230379
-0.181579
-0.131602
-0.0796167
-0.0247484
0.0337563
0.0964783
0.163764
0.235453
0.310989
0.389057
0.467616
0.543324
0.612107
0.669721
0.71146
0.733854
0.734628
0.713873
0.676098
0.626882
0.56928
0.505871
0.44051
0.374512
0.308804
0.244907
0.184517
0.128942
0.0787151
0.0335342
-0.00754546
-0.045968
-0.0834052
-0.121529
-0.161781
-0.205191
-0.252326
-0.303686
-0.361602
-0.420217
-0.470373
-0.507941
-0.531021
-0.538195
-0.528282
-0.499779
-0.450373
-0.254974
-0.318221
-0.371796
-0.417386
-0.455831
-0.487085
-0.510112
-0.523057
-0.523247
-0.50752
-0.473
-0.424981
-0.374968
-0.324847
-0.275042
-0.225296
-0.175138
-0.123909
-0.0708096
-0.0149836
0.0443842
0.107925
0.176031
0.248633
0.3252
0.404475
0.484433
0.561539
0.631604
0.690067
0.732091
0.754171
0.754121
0.732532
0.694867
0.646338
0.589995
0.528249
0.464417
0.39958
0.334411
0.270364
0.209059
0.151858
0.0994945
0.0519378
0.00847355
-0.0320554
-0.0710834
-0.110099
-0.150488
-0.193371
-0.239474
-0.289148
-0.343073
-0.401824
-0.455967
-0.498285
-0.526316
-0.53834
-0.532824
-0.508293
-0.46271
-0.393074
-0.311498
-0.361028
-0.403997
-0.441044
-0.472047
-0.496059
-0.511122
-0.514651
-0.503419
-0.474125
-0.42924
-0.378111
-0.326687
-0.275479
-0.224353
-0.172828
-0.120299
-0.0660146
-0.0091431
0.051145
0.115563
0.184529
0.258066
0.335691
0.416224
0.497645
0.576322
0.647997
0.707697
0.750597
0.77269
0.772578
0.750732
0.713517
0.66588
0.610929
0.551
0.488973
0.425493
0.361164
0.297268
0.235381
0.176865
0.122569
0.0726487
0.026636
-0.0164042
-0.0576327
-0.0982984
-0.139602
-0.182624
-0.228215
-0.276896
-0.328913
-0.385366
-0.441952
-0.489609
-0.523602
-0.542089
-0.543297
-0.525553
-0.486996
-0.424966
-0.335701
-0.369077
-0.405294
-0.437787
-0.46609
-0.488985
-0.504565
-0.510173
-0.502608
-0.478183
-0.436532
-0.384993
-0.332303
-0.279752
-0.227271
-0.174432
-0.120606
-0.0650918
-0.0070996
0.054196
0.119544
0.189425
0.263936
0.342645
0.424473
0.507415
0.587821
0.661344
0.722809
0.767001
0.789827
0.790032
0.76841
0.731939
0.685469
0.632052
0.573942
0.513775
0.451727
0.388363
0.324866
0.262672
0.203116
0.14709
0.0949096
0.046294
0.000548796
-0.0432613
-0.0861251
-0.129015
-0.172844
-0.21846
-0.266552
-0.317506
-0.371491
-0.428836
-0.480961
-0.521118
-0.546605
-0.555672
-0.54645
-0.51706
-0.465168
-0.387411
-0.279204
-0.427172
-0.45054
-0.47263
-0.491772
-0.505734
-0.511794
-0.50659
-0.486541
-0.447894
-0.396175
-0.342271
-0.28821
-0.234259
-0.180013
-0.124851
-0.0680421
-0.00883126
0.0535847
0.119959
0.19083
0.266354
0.346193
0.429329
0.51383
0.596086
0.671652
0.735306
0.781313
0.805366
0.806463
0.785432
0.749887
0.704747
0.652918
0.596722
0.538326
0.477659
0.415293
0.352321
0.29005
0.2297
0.172162
0.11784
0.0666565
0.0181256
-0.0284446
-0.0738209
-0.118743
-0.163929
-0.210098
-0.257987
-0.30821
-0.360983
-0.416269
-0.471414
-0.517563
-0.550102
-0.567271
-0.567287
-0.548206
-0.507894
-0.443471
-0.35081
-0.224439
-0.485163
-0.49609
-0.507762
-0.517312
-0.521429
-0.51649
-0.498452
-0.463503
-0.413487
-0.357557
-0.301518
-0.245705
-0.189788
-0.133099
-0.0748818
-0.0143377
0.0493166
0.116838
0.188798
0.265392
0.346402
0.430856
0.516921
0.601109
0.67889
0.745027
0.793383
0.819253
0.821533
0.801639
0.767097
0.723264
0.673124
0.618814
0.561964
0.502539
0.441142
0.37877
0.316584
0.255666
0.196836
0.140548
0.0868723
0.0355738
-0.0138134
-0.0618218
-0.108995
-0.155864
-0.203
-0.251069
-0.300802
-0.352716
-0.406682
-0.462316
-0.512775
-0.551884
-0.576773
-0.585868
-0.577298
-0.54903
-0.498607
-0.422537
-0.315866
-0.172189
-0.542347
-0.541235
-0.542323
-0.541505
-0.534583
-0.517232
-0.484841
-0.436393
-0.378268
-0.319809
-0.261763
-0.203845
-0.145388
-0.0855752
-0.0235778
0.0414299
0.110207
0.18335
0.261088
0.343301
0.429078
0.516706
0.602812
0.682955
0.751737
0.802858
0.831241
0.835088
0.816646
0.783409
0.740788
0.692164
0.63952
0.58391
0.525507
0.46498
0.403252
0.341294
0.280012
0.220125
0.16209
0.106102
0.05213
-1.73214e-05
-0.0506511
-0.100114
-0.148785
-0.197105
-0.245643
-0.295126
-0.346299
-0.3994
-0.453729
-0.507543
-0.551964
-0.583781
-0.601213
-0.602603
-0.586028
-0.549336
-0.489686
-0.402908
-0.283169
-0.123123
-0.597974
-0.584993
-0.575204
-0.563406
-0.544548
-0.513387
-0.465637
-0.405913
-0.344131
-0.28314
-0.222658
-0.161995
-0.100278
-0.0365963
0.0299212
0.100078
0.174489
0.253447
0.336897
0.423978
0.513149
0.601112
0.683654
0.755289
0.80941
0.840772
0.846853
0.830215
0.798368
0.757206
0.709631
0.658183
0.603399
0.545714
0.485893
0.424788
0.363177
0.301737
0.241044
0.181533
0.123492
0.0670751
0.0123249
-0.0408105
-0.0924852
-0.142926
-0.192471
-0.24161
-0.291027
-0.341558
-0.393818
-0.447496
-0.501154
-0.550215
-0.588148
-0.613008
-0.623397
-0.617614
-0.593739
-0.549475
-0.481525
-0.384996
-0.253184
-0.0777632
-0.651186
-0.626536
-0.605448
-0.581523
-0.548951
-0.502313
-0.44181
-0.375662
-0.310624
-0.246779
-0.183289
-0.119203
-0.0535043
0.0147698
0.0864635
0.162249
0.242485
0.327196
0.415569
0.506215
0.595979
0.68079
0.755303
0.812746
0.847078
0.856204
0.841905
0.811426
0.771456
0.724909
0.674046
0.619598
0.562315
0.503025
0.442482
0.381289
0.319883
0.258655
0.197984
0.138228
0.0797009
0.0226509
-0.0327561
-0.0864612
-0.138549
-0.18925
-0.238989
-0.288411
-0.33838
-0.389751
-0.442739
-0.49617
-0.547978
-0.590622
-0.621748
-0.639882
-0.6436
-0.631194
-0.600759
-0.549782
-0.474427
-0.369126
-0.226217
-0.0364592
-0.701145
-0.664721
-0.631745
-0.594955
-0.548105
-0.486374
-0.414756
-0.344845
-0.276671
-0.209619
-0.142578
-0.0744241
-0.00408095
0.0693792
0.146673
0.228254
0.314225
0.403879
0.495871
0.58734
0.674291
0.751463
0.812421
0.850274
0.862708
0.851384
0.822388
0.783311
0.737168
0.686247
0.631631
0.574448
0.51555
0.455546
0.394817
0.333614
0.272127
0.210653
0.149586
0.089369
0.0304261
-0.0268925
-0.0823545
-0.135887
-0.187616
-0.237888
-0.287305
-0.336731
-0.387168
-0.439262
-0.492457
-0.544657
-0.592452
-0.628337
-0.652808
-0.664519
-0.66199
-0.643567
-0.607334
-0.550443
-0.46861
-0.355456
-0.202375
0.000637402
-0.747061
-0.698715
-0.653135
-0.60221
-0.539376
-0.465076
-0.387811
-0.313852
-0.241972
-0.171062
-0.0997688
-0.0268674
0.0487079
0.127754
0.210797
0.298046
0.38894
0.482196
0.575138
0.664087
0.74373
0.807771
0.849724
0.865641
0.858006
0.830652
0.792004
0.745687
0.694124
0.638899
0.58145
0.522788
0.463316
0.40315
0.342297
0.280822
0.218917
0.156984
0.0955568
0.0351982
-0.0235912
-0.0804398
-0.135149
-0.18773
-0.238444
-0.28782
-0.336692
-0.386141
-0.437139
-0.489756
-0.542418
-0.592127
-0.633359
-0.662941
-0.68119
-0.686884
-0.678624
-0.654857
-0.61357
-0.551597
-0.464145
-0.343918
-0.181595
0.0335681
-0.787871
-0.727326
-0.668631
-0.603217
-0.525499
-0.440181
-0.358783
-0.280942
-0.205092
-0.129853
-0.053784
0.0243364
0.105453
0.190158
0.27877
0.370832
0.465276
0.559497
0.65004
0.732059
0.798919
0.844618
0.864512
0.861234
0.835366
0.796682
0.749631
0.696967
0.640863
0.582979
0.524361
0.46539
0.405878
0.34557
0.284355
0.222382
0.160032
0.0978943
0.0366292
-0.023152
-0.0809685
-0.136524
-0.189739
-0.240779
-0.290087
-0.338418
-0.386851
-0.436577
-0.48822
-0.540912
-0.591987
-0.637953
-0.671685
-0.694925
-0.707121
-0.707105
-0.693617
-0.665133
-0.619502
-0.553242
-0.460838
-0.334318
-0.163567
0.0626179
-0.822964
-0.749787
-0.676977
-0.595685
-0.505611
-0.41418
-0.328201
-0.245951
-0.16554
-0.0853998
-0.00407218
0.0795655
0.16625
0.256408
0.349689
0.445151
0.540555
0.63237
0.716146
0.785787
0.834828
0.858843
0.859124
0.835547
0.796304
0.748143
0.69417
0.637067
0.578741
0.520191
0.461669
0.402889
0.34331
0.282635
0.220924
0.158578
0.096204
0.034525
-0.025773
-0.0841338
-0.140188
-0.193784
-0.245011
-0.294217
-0.342054
-0.389518
-0.437883
-0.488201
-0.540353
-0.592343
-0.640592
-0.680505
-0.707107
-0.724112
-0.730445
-0.725086
-0.70688
-0.674302
-0.625022
-0.555122
-0.458368
-0.326209
-0.147747
0.0882584
-0.851476
-0.765531
-0.678408
-0.582172
-0.480841
-0.384766
-0.294353
-0.207494
-0.122198
-0.0368412
0.0499098
0.138991
0.23094
0.325607
0.422068
0.518376
0.611365
0.696438
0.768142
0.820149
0.847872
0.851132
0.82944
0.790148
0.740813
0.68557
0.627494
0.568749
0.510356
0.45239
0.39438
0.33569
0.275809
0.21469
0.152705
0.0905078
0.0288475
-0.0315422
-0.0900571
-0.146279
-0.200005
-0.251261
-0.300316
-0.347715
-0.394328
-0.441376
-0.490148
-0.541193
-0.593351
-0.643399
-0.687052
-0.718719
-0.738992
-0.749956
-0.750725
-0.740451
-0.718076
-0.682071
-0.629731
-0.556765
-0.456118
-0.318663
-0.13332
0.111295
-0.872308
-0.772776
-0.670475
-0.562043
-0.453272
-0.352411
-0.257247
-0.16545
-0.0749826
0.0156854
0.107732
0.201865
0.298091
0.395718
0.492807
0.586599
0.672913
0.746206
0.800557
0.831388
0.837827
0.817511
0.77785
0.72754
0.671236
0.612403
0.553331
0.495158
0.437873
0.380795
0.323113
0.264245
0.204003
0.142706
0.0810103
0.0197113
-0.0404318
-0.0987829
-0.154894
-0.208527
-0.259662
-0.308504
-0.355506
-0.401409
-0.447296
-0.494492
-0.544002
-0.595491
-0.646526
-0.692967
-0.730384
-0.753148
-0.766886
-0.771788
-0.767217
-0.752398
-0.726379
-0.687491
-0.632482
-0.55662
-0.45228
-0.309738
-0.118318
0.133157
-0.885216
-0.772038
-0.65497
-0.535652
-0.421664
-0.316056
-0.215996
-0.119117
-0.0234718
0.072299
0.169195
0.267327
0.366273
0.464349
0.558747
0.645781
0.720292
0.776414
0.809468
0.817686
0.799932
0.759962
0.708812
0.65165
0.592287
0.533099
0.475208
0.418649
0.362634
0.306147
0.248457
0.189325
0.128975
0.068045
0.00734826
-0.0523134
-0.110281
-0.166083
-0.219458
-0.270354
-0.318928
-0.365556
-0.410868
-0.455797
-0.501553
-0.549316
-0.599436
-0.650443
-0.698738
-0.739428
-0.767694
-0.78263
-0.789936
-0.78895
-0.779444
-0.760501
-0.731267
-0.689712
-0.631372
-0.55221
-0.444426
-0.298025
-0.101935
0.154623
-0.889497
-0.763064
-0.632853
-0.50371
-0.385354
-0.275104
-0.170171
-0.0682863
0.0322482
0.132638
0.233303
0.333852
0.433077
0.528344
0.615955
0.691243
0.748613
0.783361
0.791775
0.777298
0.737359
0.68564
0.627862
0.568046
0.50883
0.451307
0.395461
0.340514
0.285342
0.229017
0.17116
0.111956
0.0519816
-0.00794421
-0.0669924
-0.124461
-0.179853
-0.232884
-0.283479
-0.331758
-0.378037
-0.422855
-0.467008
-0.511545
-0.557598
-0.605909
-0.6559
-0.704804
-0.748
-0.780686
-0.798726
-0.806827
-0.807958
-0.801166
-0.786933
-0.762709
-0.729059
-0.68414
-0.623924
-0.542712
-0.432412
-0.28292
-0.08341
0.176331
-0.883728
-0.743284
-0.602742
-0.467854
-0.344805
-0.229772
-0.119993
-0.0133879
0.0915031
0.195474
0.298306
0.398954
0.49525
0.583737
0.659734
0.718065
0.754202
0.762933
0.748878
0.711018
0.659125
0.601038
0.540958
0.481622
0.424385
0.369199
0.315228
0.261328
0.206449
0.150016
0.092081
0.0331885
-0.025873
-0.084248
-0.141196
-0.196174
-0.248867
-0.299172
-0.34718
-0.393162
-0.437579
-0.481113
-0.524655
-0.569194
-0.615546
-0.663758
-0.712163
-0.756879
-0.792877
-0.816192
-0.823983
-0.825159
-0.818055
-0.802911
-0.782149
-0.754615
-0.718875
-0.67228
-0.610525
-0.527588
-0.415202
-0.263439
-0.061838
0.198998
-0.868441
-0.715113
-0.565691
-0.426586
-0.299235
-0.179761
-0.0655945
0.045027
0.153175
0.259105
0.361829
0.459461
0.548948
0.625754
0.684942
0.72146
0.731814
0.719197
0.683203
0.631329
0.572902
0.512525
0.452988
0.395715
0.340907
0.28771
0.2349
0.181359
0.126366
0.0697801
0.0120232
-0.0461379
-0.103848
-0.160323
-0.214968
-0.267417
-0.317531
-0.365365
-0.411148
-0.45528
-0.498342
-0.541081
-0.584328
-0.628809
-0.674857
-0.72172
-0.766454
-0.804265
-0.829932
-0.840675
-0.836302
-0.826036
-0.811395
-0.792397
-0.768686
-0.738998
-0.701595
-0.653573
-0.590471
-0.506017
-0.392031
-0.238812
-0.0365782
0.223183
-0.843552
-0.679413
-0.52223
-0.379902
-0.248818
-0.125522
-0.00778948
0.105674
0.215445
0.321091
0.42068
0.511519
0.589537
0.649796
0.686833
0.699368
0.689168
0.656163
0.604288
0.545455
0.484521
0.424519
0.366918
0.312001
0.259138
0.207082
0.154605
0.100865
0.0455571
-0.0110771
-0.0683732
-0.125481
-0.181591
-0.236048
-0.288428
-0.338532
-0.386367
-0.432117
-0.476119
-0.518865
-0.560969
-0.603111
-0.645875
-0.689587
-0.733946
-0.777162
-0.814799
-0.840796
-0.848348
-0.842336
-0.830607
-0.815291
-0.796638
-0.774531
-0.748333
-0.716694
-0.677667
-0.628214
-0.563694
-0.47785
-0.362577
-0.20874
-0.00728919
0.249176
-0.807789
-0.635319
-0.473882
-0.328652
-0.194427
-0.0681391
0.0519528
0.166624
0.27579
0.378161
0.470938
0.550531
0.612541
0.65073
0.666478
0.659319
0.63015
0.579402
0.520287
0.458737
0.39796
0.339662
0.284213
0.231093
0.179239
0.12738
0.0745329
0.0202348
-0.0354412
-0.0919871
-0.148627
-0.204536
-0.259014
-0.311561
-0.36191
-0.410001
-0.455952
-0.50003
-0.542633
-0.584254
-0.625422
-0.666581
-0.707947
-0.749094
-0.78869
-0.821479
-0.842932
-0.852019
-0.847767
-0.834009
-0.816998
-0.797373
-0.775188
-0.750177
-0.721555
-0.687883
-0.647112
-0.596018
-0.529996
-0.442736
-0.326562
-0.172914
0.0262411
0.277193
-0.762009
-0.583674
-0.420406
-0.273184
-0.136874
-0.00893246
0.111767
0.22535
0.330922
0.426226
0.507761
0.571258
0.612441
0.63235
0.629956
0.604532
0.55729
0.498472
0.436547
0.374981
0.315675
0.259278
0.205407
0.153116
0.101261
0.0487908
-0.00492393
-0.0599826
-0.116032
-0.17242
-0.228362
-0.283123
-0.336136
-0.387047
-0.43571
-0.482158
-0.526569
-0.569233
-0.610534
-0.650822
-0.690399
-0.72897
-0.765741
-0.796667
-0.822944
-0.843223
-0.853746
-0.85155
-0.837229
-0.81787
-0.796249
-0.772717
-0.747219
-0.719373
-0.688274
-0.652458
-0.609704
-0.556813
-0.489074
-0.400491
-0.283779
-0.131271
0.0640539
0.307238
-0.70775
-0.525722
-0.362363
-0.214487
-0.077609
0.0500928
0.169019
0.278481
0.376766
0.460856
0.526143
0.571516
0.596413
0.59974
0.580555
0.53872
0.480876
0.418951
0.356798
0.296479
0.238852
0.18382
0.130589
0.0781116
0.0254001
-0.0282689
-0.0831695
-0.139114
-0.195578
-0.25186
-0.307229
-0.361059
-0.412904
-0.462512
-0.509807
-0.554855
-0.597828
-0.638973
-0.678411
-0.71594
-0.749772
-0.778008
-0.802818
-0.824445
-0.842194
-0.853101
-0.853001
-0.840147
-0.818537
-0.794319
-0.768552
-0.741407
-0.71274
-0.682069
-0.648444
-0.610269
-0.565368
-0.510384
-0.440861
-0.351029
-0.234335
-0.0839735
0.105884
0.339077
-0.646068
-0.462939
-0.301109
-0.154241
-0.0188356
0.106091
0.220126
0.321736
0.40843
0.476906
0.527206
0.557866
0.567869
0.556014
0.521748
0.46752
0.40625
0.344018
0.283015
0.224263
0.167887
0.113377
0.0598265
0.0063096
-0.0478876
-0.10315
-0.159455
-0.216419
-0.27343
-0.329791
-0.384841
-0.43804
-0.489017
-0.537571
-0.583609
-0.627209
-0.668179
-0.70636
-0.738412
-0.765387
-0.788775
-0.809017
-0.826491
-0.840708
-0.8503
-0.851685
-0.840918
-0.818668
-0.791952
-0.763514
-0.734009
-0.703497
-0.671747
-0.638231
-0.601915
-0.561264
-0.513913
-0.456721
-0.385344
-0.294594
-0.178574
-0.0315484
0.15115
0.372172
-0.577161
-0.397167
-0.238523
-0.0947817
0.0365094
0.155432
0.260896
0.350357
0.423218
0.478809
0.515857
0.533116
0.529714
0.504623
0.457774
0.398456
0.336848
0.275749
0.216288
0.158774
0.102916
0.0480566
-0.00661732
-0.0618019
-0.117916
-0.175052
-0.232966
-0.291148
-0.348939
-0.40566
-0.460685
-0.513517
-0.563779
-0.611193
-0.655402
-0.695011
-0.727698
-0.755245
-0.778485
-0.798047
-0.814637
-0.828368
-0.839035
-0.845755
-0.846809
-0.838252
-0.817613
-0.788881
-0.757904
-0.7257
-0.692727
-0.658972
-0.624175
-0.587706
-0.548603
-0.505227
-0.455364
-0.395874
-0.322893
-0.231695
-0.117268
0.0250894
0.198886
0.405619
-0.503655
-0.329761
-0.176717
-0.0389302
0.0849162
0.194138
0.287557
0.365324
0.426255
0.469669
0.494608
0.500062
0.485097
0.448916
0.394644
0.334883
0.274546
0.215126
0.157044
0.100195
0.0441189
-0.0117991
-0.0681813
-0.125466
-0.18381
-0.243077
-0.302858
-0.362547
-0.421435
-0.478817
-0.534053
-0.586414
-0.63545
-0.677686
-0.713067
-0.742927
-0.7677
-0.788182
-0.804969
-0.818421
-0.828914
-0.836284
-0.840032
-0.838991
-0.83133
-0.813082
-0.784203
-0.751078
-0.716398
-0.680763
-0.644513
-0.607617
-0.56976
-0.530371
-0.488365
-0.442256
-0.389869
-0.32838
-0.254214
-0.163357
-0.0516541
0.0845788
0.247672
0.438147
-0.427931
-0.263018
-0.11848
0.0101559
0.123337
0.221191
0.303455
0.369759
0.419254
0.451521
0.465856
0.46142
0.437307
0.392994
0.336965
0.278757
0.220442
0.162733
0.105646
0.0488925
-0.00798688
-0.0654706
-0.123962
-0.183671
-0.244545
-0.306269
-0.368287
-0.429862
-0.490213
-0.54827
-0.602679
-0.649411
-0.689319
-0.723134
-0.751284
-0.774526
-0.793212
-0.807868
-0.818924
-0.826614
-0.831099
-0.832064
-0.828743
-0.81983
-0.803412
-0.776579
-0.742157
-0.705366
-0.667364
-0.628554
-0.58923
-0.549307
-0.508537
-0.466272
-0.421536
-0.372834
-0.318254
-0.255233
-0.180657
-0.0911842
0.0165154
0.145013
0.29569
0.468058
-0.352531
-0.199576
-0.0665066
0.0503391
0.152235
0.238674
0.309526
0.364664
0.403595
0.426142
0.43179
0.419611
0.38862
0.340802
0.286547
0.230951
0.17499
0.118908
0.0625207
0.00549931
-0.0525315
-0.111887
-0.172772
-0.235214
-0.299006
-0.363673
-0.428493
-0.49227
-0.552652
-0.605176
-0.650944
-0.690281
-0.723674
-0.751516
-0.774056
-0.791834
-0.805175
-0.814495
-0.820135
-0.822237
-0.820801
-0.815284
-0.804842
-0.788129
-0.763397
-0.729605
-0.691435
-0.651566
-0.610662
-0.56906
-0.526976
-0.484391
-0.440974
-0.39618
-0.349049
-0.29826
-0.242055
-0.17824
-0.104288
-0.0173787
0.0848273
0.204062
0.340636
0.493383
-0.279947
-0.141597
-0.0219259
0.0823446
0.171937
0.246495
0.306093
0.350845
0.380549
0.395137
0.394149
0.376782
0.342226
0.294829
0.243998
0.191708
0.138372
0.0839739
0.0282441
-0.0291284
-0.0884275
-0.149827
-0.213381
-0.27902
-0.346445
-0.414726
-0.481284
-0.54035
-0.59287
-0.639012
-0.679148
-0.713275
-0.74163
-0.764513
-0.782165
-0.795036
-0.803438
-0.807703
-0.808055
-0.804556
-0.797078
-0.785014
-0.767511
-0.743279
-0.711547
-0.673316
-0.63233
-0.590011
-0.54681
-0.502963
-0.458732
-0.414017
-0.36856
-0.321802
-0.272936
-0.220773
-0.163773
-0.100174
-0.0278805
0.0550616
0.150406
0.25885
0.379972
0.511899
-0.212361
-0.0905889
0.0142756
0.104803
0.18155
0.244341
0.293413
0.329028
0.351152
0.359797
0.354575
0.334599
0.299569
0.255938
0.20951
0.161097
0.110771
0.0583549
0.00351706
-0.0540678
-0.114649
-0.178329
-0.245079
-0.314711
-0.386063
-0.452044
-0.511517
-0.564953
-0.612614
-0.654252
-0.689966
-0.719725
-0.743699
-0.762158
-0.775342
-0.783622
-0.787272
-0.786559
-0.781636
-0.772524
-0.75901
-0.740561
-0.716486
-0.685751
-0.649012
-0.6083
-0.565567
-0.521765
-0.477172
-0.432043
-0.38653
-0.340607
-0.293959
-0.246137
-0.196406
-0.143773
-0.0870204
-0.0246379
0.0447864
0.122637
0.209769
0.306268
0.410923
0.521359
-0.152256
-0.0487938
0.0399983
0.11619
0.1802
0.231948
0.271723
0.29983
0.316308
0.321177
0.314014
0.294053
0.262049
0.223928
0.18285
0.139085
0.0924846
0.0427135
-0.0106946
-0.0681873
-0.130064
-0.196348
-0.266614
-0.339217
-0.405564
-0.465926
-0.520892
-0.570266
-0.61398
-0.651733
-0.683519
-0.70931
-0.729254
-0.743563
-0.752462
-0.756254
-0.755181
-0.749451
-0.739222
-0.724552
-0.705325
-0.681211
-0.651753
-0.616649
-0.577687
-0.536153
-0.493106
-0.449163
-0.404562
-0.35943
-0.313938
-0.267983
-0.22133
-0.173533
-0.124
-0.0719472
-0.0163915
0.0436881
0.109281
0.181069
0.259203
0.343007
0.430751
0.519707
-0.102852
-0.0191111
0.0529664
0.114943
0.166993
0.208968
0.241072
0.263539
0.276401
0.279647
0.272955
0.255828
0.229513
0.19833
0.16381
0.125926
0.084323
0.0384306
-0.0124879
-0.069155
-0.132012
-0.200797
-0.273971
-0.341556
-0.403245
-0.459612
-0.510762
-0.556399
-0.596364
-0.630379
-0.658392
-0.680357
-0.696368
-0.70658
-0.711176
-0.710438
-0.704627
-0.694003
-0.678822
-0.659274
-0.635468
-0.607358
-0.574834
-0.538363
-0.499862
-0.459596
-0.418162
-0.375999
-0.333191
-0.289833
-0.245984
-0.201549
-0.156289
-0.1098
-0.0616505
-0.0111811
0.0422245
0.0992379
0.160322
0.225553
0.294463
0.365723
0.437022
0.504953
-0.0687408
-0.00565606
0.049689
0.098192
0.139567
0.173407
0.199706
0.218566
0.229975
0.23394
0.230288
0.218827
0.200649
0.178249
0.152282
0.122515
0.0883431
0.0488427
0.00279192
-0.0511605
-0.114028
-0.185447
-0.25598
-0.320166
-0.378376
-0.431008
-0.478232
-0.519914
-0.555963
-0.586144
-0.610348
-0.628465
-0.640519
-0.646614
-0.64696
-0.641896
-0.631801
-0.617095
-0.598225
-0.575609
-0.549595
-0.520427
-0.488378
-0.454159
-0.419018
-0.382669
-0.345438
-0.307521
-0.268917
-0.229577
-0.189497
-0.148515
-0.106381
-0.0627571
-0.0172544
0.0305484
0.0810283
0.134513
0.19095
0.249898
0.310336
0.370276
0.426667
0.474723
