-1.1464
-1.18775
-1.19417
-1.18091
-1.15591
-1.1277
-1.08266
-1.02379
-0.949003
-0.855043
-0.737156
-0.5885
-0.400452
-0.166316
0.105788
0.394041
0.684689
0.967574
1.23148
1.46558
1.66262
1.82188
1.949
2.05518
2.15235
2.23717
2.28747
2.30398
2.28072
2.21183
2.09787
1.94329
1.75012
1.50881
1.24857
1.01689
0.815654
0.644198
0.500431
0.381509
0.283935
0.203754
0.136934
0.079766
0.0291214
-0.0174747
-0.0619114
-0.105604
-0.149226
-0.192068
-0.233918
-0.275776
-0.318561
-0.362834
-0.408698
-0.455692
-0.502645
-0.547423
-0.586543
-0.614625
-0.623781
-0.603184
-0.539296
-0.417282
-1.24229
-1.29403
-1.30346
-1.28464
-1.24691
-1.20476
-1.14246
-1.06783
-0.980334
-0.878056
-0.757971
-0.616069
-0.447743
-0.247726
-0.0211032
0.228386
0.503841
0.806638
1.13596
1.48772
1.85458
2.22655
2.5927
2.94585
3.27842
3.55308
3.68746
3.67781
3.52483
3.24849
2.88665
2.47823
2.05046
1.62061
1.26
0.968395
0.737732
0.557352
0.416694
0.306327
0.218235
0.145848
0.083988
0.0287351
-0.0227883
-0.0726758
-0.122495
-0.17343
-0.225094
-0.274361
-0.320391
-0.364968
-0.409491
-0.454804
-0.50108
-0.547728
-0.593252
-0.634998
-0.668707
-0.687859
-0.682835
-0.640175
-0.542454
-0.369869
-1.31018
-1.35533
-1.36017
-1.33317
-1.28262
-1.22898
-1.15245
-1.06473
-0.966986
-0.85795
-0.735403
-0.596955
-0.439258
-0.259462
-0.0587682
0.166389
0.427619
0.734194
1.09333
1.5088
1.97742
2.48728
3.0197
3.5538
4.06612
4.49409
4.72779
4.71998
4.45072
3.96284
3.34609
2.67972
2.04327
1.51037
1.0962
0.785296
0.557688
0.392837
0.272691
0.18284
0.112514
0.0540409
0.00215218
-0.0466863
-0.0948425
-0.143971
-0.195347
-0.249854
-0.304317
-0.353535
-0.397452
-0.438544
-0.47881
-0.519547
-0.561225
-0.603404
-0.644615
-0.682105
-0.711316
-0.725013
-0.71202
-0.655809
-0.533895
-0.320054
-1.36126
-1.388
-1.38168
-1.34416
-1.28183
-1.21932
-1.12967
-1.02891
-0.920543
-0.803986
-0.678409
-0.54241
-0.393492
-0.228933
-0.0462459
0.160802
0.407195
0.706839
1.07286
1.51373
2.02893
2.60445
3.21368
3.8195
4.38172
4.83125
5.09674
5.08884
4.7441
4.09785
3.29144
2.48676
1.78502
1.23249
0.823861
0.534869
0.3368
0.202816
0.111053
0.0452731
-0.00577858
-0.0495092
-0.0906128
-0.132011
-0.175556
-0.222529
-0.273938
-0.329964
-0.383343
-0.427892
-0.465506
-0.499311
-0.531949
-0.56528
-0.600229
-0.636725
-0.6736
-0.708303
-0.736252
-0.749608
-0.735365
-0.673128
-0.534139
-0.284507
-1.40077
-1.40181
-1.38005
-1.33088
-1.25753
-1.18509
-1.08134
-0.966593
-0.847259
-0.724526
-0.598412
-0.468144
-0.33131
-0.184272
-0.0210751
0.164107
0.386688
0.663825
1.01258
1.44595
1.96657
2.55976
3.1896
3.80146
4.34229
4.72822
4.93945
4.87761
4.45431
3.73113
2.87871
2.06434
1.38759
0.876957
0.516568
0.275086
0.119333
0.0207246
-0.0426455
-0.0862479
-0.120335
-0.151366
-0.183255
-0.218337
-0.258045
-0.303357
-0.354985
-0.410705
-0.459735
-0.497123
-0.526456
-0.551499
-0.575545
-0.601053
-0.629474
-0.661211
-0.695525
-0.73019
-0.760637
-0.77828
-0.767904
-0.70468
-0.552877
-0.270098
-1.432
-1.40409
-1.36515
-1.30354
-1.21661
-1.13026
-1.01213
-0.88435
-0.756961
-0.631883
-0.509504
-0.388542
-0.266551
-0.13814
0.00226347
0.162904
0.357927
0.605792
0.925927
1.33437
1.83477
2.40908
3.01571
3.59816
4.0893
4.4371
4.59836
4.44526
3.92584
3.1485
2.30374
1.54648
0.949136
0.518054
0.227227
0.0418348
-0.0708279
-0.137162
-0.176607
-0.202528
-0.223602
-0.245196
-0.270503
-0.301387
-0.338965
-0.383978
-0.436725
-0.490258
-0.532631
-0.562048
-0.582807
-0.599344
-0.615588
-0.634561
-0.658215
-0.687407
-0.721799
-0.759415
-0.795538
-0.8206
-0.816967
-0.755268
-0.592643
-0.277794
-1.45771
-1.40103
-1.34457
-1.26785
-1.16235
-1.06083
-0.930496
-0.792823
-0.66056
-0.535932
-0.418774
-0.306888
-0.196847
-0.0824828
0.0420874
0.185385
0.361273
0.58726
0.881535
1.25846
1.72062
2.25012
2.80926
3.35004
3.78393
4.08009
4.14086
3.85227
3.235
2.44867
1.67486
1.02685
0.540073
0.202374
-0.0167876
-0.15017
-0.226158
-0.266884
-0.288415
-0.301749
-0.31402
-0.329639
-0.351211
-0.380223
-0.417525
-0.463577
-0.517761
-0.567842
-0.602628
-0.623985
-0.636809
-0.646131
-0.656408
-0.671105
-0.692549
-0.721923
-0.759124
-0.802201
-0.846023
-0.879857
-0.883715
-0.824013
-0.651118
-0.304839
-1.48281
-1.39856
-1.32249
-1.22575
-1.0987
-0.983266
-0.844129
-0.698882
-0.563097
-0.438616
-0.324559
-0.218117
-0.115365
-0.00983008
0.105243
0.238485
0.402873
0.614358
0.889074
1.23917
1.66547
2.15113
2.66307
3.13436
3.49873
3.68389
3.57807
3.14031
2.47261
1.74443
1.09074
0.573937
0.200322
-0.0511072
-0.209029
-0.300712
-0.348893
-0.371209
-0.380573
-0.385936
-0.393175
-0.405955
-0.426426
-0.455767
-0.494569
-0.542952
-0.597404
-0.642231
-0.66954
-0.683612
-0.689915
-0.693988
-0.700685
-0.713758
-0.735743
-0.767939
-0.810215
-0.860337
-0.912504
-0.954779
-0.96514
-0.90648
-0.723157
-0.346412
-1.50913
-1.39819
-1.29894
-1.17882
-1.03144
-0.899503
-0.755247
-0.603798
-0.464689
-0.339718
-0.227249
-0.123716
-0.0244371
0.0777562
0.190364
0.32223
0.48566
0.694887
0.963648
1.30142
1.70659
2.16149
2.61779
3.00028
3.23862
3.23573
2.93766
2.39762
1.75081
1.12877
0.609166
0.215317
-0.0619027
-0.244295
-0.355474
-0.416613
-0.445287
-0.455378
-0.457299
-0.458431
-0.4637
-0.476192
-0.497681
-0.529078
-0.570732
-0.622303
-0.675027
-0.713246
-0.733816
-0.74186
-0.743419
-0.744447
-0.750052
-0.7641
-0.789117
-0.826259
-0.875051
-0.932667
-0.992461
-1.04142
-1.05602
-0.996576
-0.802467
-0.396914
-1.53614
-1.39793
-1.2726
-1.12876
-0.963197
-0.808189
-0.665626
-0.510346
-0.368362
-0.242
-0.128906
-0.0246999
0.0762726
0.18211
0.301151
0.442807
0.618793
0.841335
1.12145
1.46473
1.86372
2.28137
2.64727
2.89307
2.93179
2.71382
2.27318
1.7109
1.1399
0.638364
0.239915
-0.053914
-0.257232
-0.388697
-0.466419
-0.506379
-0.522132
-0.524761
-0.522858
-0.522653
-0.528351
-0.542553
-0.566668
-0.601321
-0.646539
-0.70105
-0.750721
-0.78208
-0.796558
-0.79988
-0.798521
-0.798679
-0.805523
-0.822821
-0.852842
-0.896295
-0.952044
-1.01643
-1.08193
-1.13474
-1.15052
-1.08804
-0.882868
-0.45092
-1.5621
-1.3957
-1.24386
-1.07714
-0.895331
-0.714967
-0.582449
-0.422238
-0.27617
-0.146371
-0.0294416
0.0801295
0.189291
0.307382
0.443658
0.608357
0.812127
1.06435
1.37208
1.73198
2.10825
2.44169
2.66755
2.70875
2.52458
2.14418
1.64919
1.13086
0.658381
0.267464
-0.0335524
-0.252121
-0.401865
-0.49729
-0.551852
-0.577622
-0.585282
-0.58395
-0.580934
-0.581623
-0.58964
-0.607137
-0.635148
-0.67399
-0.723276
-0.779035
-0.823909
-0.848936
-0.85844
-0.858628
-0.85627
-0.857645
-0.867794
-0.890161
-0.926489
-0.976736
-1.03885
-1.10823
-1.17658
-1.22973
-1.24326
-1.1754
-0.959107
-0.503823
-1.58472
-1.38976
-1.21141
-1.02314
-0.825258
-0.624206
-0.502442
-0.336766
-0.185793
-0.0503674
0.0741432
0.194704
0.319838
0.4603
0.626098
0.828031
1.07408
1.36858
1.70911
2.05218
2.35063
2.54421
2.56581
2.3859
2.03529
1.58497
1.11062
0.669279
0.29312
-0.0072014
-0.234709
-0.398836
-0.510701
-0.581041
-0.619809
-0.636337
-0.639345
-0.636617
-0.634543
-0.637852
-0.649639
-0.671594
-0.704375
-0.748004
-0.801568
-0.855977
-0.894852
-0.91466
-0.920609
-0.919354
-0.917855
-0.922318
-0.937457
-0.966145
-1.00931
-1.06592
-1.13286
-1.20459
-1.27236
-1.32206
-1.3299
-1.25449
-1.02727
-0.552158
-1.6012
-1.37735
-1.17303
-0.964625
-0.752494
-0.538332
-0.422541
-0.251938
-0.0946014
0.0495481
0.186557
0.325201
0.47569
0.650015
0.85821
1.11
1.40678
1.74179
2.06233
2.32989
2.48868
2.48181
2.29095
1.95116
1.5279
1.08603
0.672603
0.313922
0.0197772
-0.2109
-0.384705
-0.510051
-0.595278
-0.648179
-0.676254
-0.687005
-0.687864
-0.685702
-0.686219
-0.693553
-0.710254
-0.73749
-0.775534
-0.824036
-0.881125
-0.932706
-0.965589
-0.980991
-0.984654
-0.983514
-0.984539
-0.993652
-1.015
-1.0506
-1.10033
-1.16199
-1.23138
-1.30227
-1.36575
-1.4083
-1.40732
-1.32253
-1.08481
-0.593647
-1.60798
-1.35529
-1.12628
-0.900028
-0.676422
-0.458418
-0.339656
-0.164344
0.00167579
0.158976
0.31498
0.480486
0.667042
0.886876
1.14804
1.45429
1.78235
2.0898
2.33495
2.46424
2.43002
2.22427
1.88642
1.47923
1.06051
0.669881
0.328402
0.0434657
-0.185858
-0.364739
-0.499776
-0.597483
-0.663845
-0.704553
-0.725485
-0.732976
-0.733629
-0.73367
-0.738207
-0.750789
-0.773359
-0.806527
-0.850217
-0.903601
-0.962171
-1.00927
-1.03693
-1.0491
-1.05191
-1.05244
-1.05748
-1.07246
-1.10068
-1.14308
-1.19826
-1.26285
-1.33176
-1.39832
-1.45391
-1.48598
-1.47355
-1.37799
-1.13041
-0.627042
-1.60148
-1.32127
-1.07013
-0.828381
-0.595977
-0.378729
-0.24874
-0.0689311
0.10929
0.28573
0.468731
0.670855
0.903629
1.17676
1.4915
1.81588
2.11254
2.33944
2.44483
2.38848
2.17026
1.83261
1.43626
1.03451
0.662072
0.336028
0.0614128
-0.163527
-0.343603
-0.484467
-0.591457
-0.669251
-0.722086
-0.75426
-0.770639
-0.776857
-0.77898
-0.782712
-0.792568
-0.811436
-0.840574
-0.880068
-0.929553
-0.98757
-1.04486
-1.0866
-1.11021
-1.12046
-1.12383
-1.12743
-1.1377
-1.15928
-1.19439
-1.24266
-1.30141
-1.3662
-1.43133
-1.49012
-1.53454
-1.55338
-1.5275
-1.42025
-1.16362
-0.651865
-1.57976
-1.27395
-1.00279
-0.747043
-0.506498
-0.289771
-0.144982
0.0364924
0.234165
0.437748
0.656356
0.903158
1.18643
1.50037
1.81809
2.10541
2.31882
2.40826
2.33899
2.11549
1.78119
1.39493
1.00709
0.649499
0.336837
0.0724028
-0.146498
-0.324916
-0.468217
-0.581152
-0.667616
-0.730848
-0.773908
-0.800244
-0.814152
-0.820867
-0.826073
-0.834959
-0.851363
-0.877398
-0.913569
-0.959531
-1.01456
-1.07607
-1.13042
-1.1669
-1.1872
-1.19656
-1.20167
-1.20945
-1.22571
-1.25404
-1.29531
-1.34776
-1.40754
-1.46941
-1.52743
-1.57526
-1.60581
-1.60935
-1.56868
-1.44928
-1.18461
-0.668137
-1.54121
-1.21121
-0.920734
-0.651086
-0.401962
-0.183126
-0.0235384
0.163419
0.38136
0.619661
0.87914
1.16449
1.46859
1.77498
2.05275
2.25751
2.34016
2.2689
2.04972
1.72493
1.35109
0.976653
0.632097
0.331097
0.0761221
-0.136146
-0.311114
-0.454239
-0.570127
-0.66233
-0.73354
-0.786014
-0.822103
-0.844798
-0.858124
-0.8671
-0.877053
-0.892565
-0.916663
-0.950584
-0.994112
-1.04662
-1.10684
-1.16889
-1.21848
-1.25046
-1.26838
-1.27792
-1.28581
-1.29857
-1.32109
-1.35564
-1.40161
-1.45591
-1.51376
-1.56949
-1.6173
-1.65151
-1.66616
-1.65306
-1.59692
-1.46537
-1.19378
-0.676148
-1.48383
-1.13043
-0.820799
-0.537029
-0.278099
-0.0533735
0.124991
0.323549
0.553162
0.808652
1.08634
1.38037
1.67567
1.94454
2.14498
2.22996
2.16842
1.9646
1.65742
1.30058
0.941154
0.609366
0.319036
0.0727278
-0.132947
-0.303565
-0.444755
-0.561224
-0.656498
-0.733087
-0.792844
-0.837439
-0.868863
-0.889932
-0.904587
-0.917684
-0.934096
-0.957618
-0.990312
-1.03246
-1.08328
-1.14188
-1.20609
-1.26574
-1.3097
-1.33761
-1.35379
-1.36423
-1.37559
-1.39365
-1.42208
-1.46162
-1.51021
-1.56362
-1.61648
-1.66308
-1.69807
-1.71667
-1.71415
-1.6838
-1.61213
-1.46887
-1.19166
-0.676296
-1.40582
-1.03024
-0.702723
-0.406389
-0.13916
0.0913095
0.285676
0.494277
0.729435
0.987608
1.26123
1.53681
1.78993
1.98367
2.07473
2.03154
1.85335
1.57272
1.23904
0.89796
0.580146
0.300465
0.0623874
-0.136933
-0.302878
-0.441113
-0.556488
-0.652674
-0.732241
-0.796952
-0.848167
-0.887276
-0.916159
-0.937636
-0.955651
-0.974814
-0.999333
-1.03201
-1.0738
-1.12408
-1.18168
-1.24528
-1.3107
-1.3652
-1.40306
-1.42692
-1.44167
-1.4535
-1.46865
-1.49184
-1.52524
-1.56801
-1.61677
-1.66648
-1.71153
-1.74649
-1.76672
-1.76851
-1.74835
-1.70088
-1.6142
-1.46007
-1.17874
-0.668992
-1.30693
-0.911871
-0.569397
-0.263855
0.00785358
0.24075
0.443981
0.655002
0.88429
1.12757
1.37317
1.60111
1.78111
1.87606
1.85486
1.71005
1.46472
1.16145
0.843551
0.542353
0.274415
0.0448079
-0.148194
-0.309348
-0.44409
-0.557298
-0.652808
-0.733367
-0.800846
-0.856572
-0.901683
-0.937504
-0.965969
-0.989997
-1.01348
-1.04055
-1.07449
-1.1169
-1.16761
-1.22522
-1.28835
-1.35479
-1.41642
-1.46337
-1.49491
-1.51477
-1.52839
-1.54195
-1.56091
-1.58863
-1.62563
-1.6696
-1.71605
-1.7595
-1.79441
-1.81591
-1.82025
-1.80485
-1.76736
-1.70354
-1.60292
-1.43917
-1.15542
-0.654633
-1.18802
-0.777585
-0.424923
-0.115832
0.153604
0.381799
0.582587
0.783287
0.991033
1.19955
1.39385
1.55104
1.64209
1.63948
1.53052
1.32707
1.06171
0.773141
0.492665
0.238818
0.0188366
-0.167346
-0.323432
-0.454301
-0.564652
-0.658377
-0.738404
-0.806797
-0.865013
-0.914188
-0.955426
-0.990126
-1.02036
-1.04912
-1.08003
-1.11642
-1.16037
-1.2122
-1.27061
-1.33375
-1.39982
-1.46489
-1.51847
-1.55622
-1.5807
-1.59646
-1.60922
-1.62475
-1.64733
-1.67868
-1.71773
-1.76084
-1.80274
-1.83778
-1.86085
-1.86785
-1.85596
-1.82381
-1.77
-1.69118
-1.57813
-1.40632
-1.12206
-0.633607
-1.05141
-0.631802
-0.276365
0.0277071
0.28518
0.498295
0.682747
0.858048
1.02786
1.18417
1.31123
1.38838
1.39452
1.31603
1.15544
0.933396
0.680648
0.426295
0.190253
-0.0178271
-0.195891
-0.34616
-0.47262
-0.579523
-0.670643
-0.748989
-0.816809
-0.87575
-0.92708
-0.971916
-1.01144
-1.04719
-1.08136
-1.11681
-1.15654
-1.20276
-1.25617
-1.3158
-1.37947
-1.44502
-1.50986
-1.56681
-1.60903
-1.63695
-1.65445
-1.6667
-1.6793
-1.69719
-1.72317
-1.7572
-1.79673
-1.83708
-1.87248
-1.89748
-1.90768
-1.89986
-1.87217
-1.82436
-1.75577
-1.66367
-1.53994
-1.3618
-1.07905
-0.606299
-0.901739
-0.481833
-0.133874
0.15408
0.388123
0.574436
0.728819
0.865059
0.984277
1.07833
1.134
1.13713
1.07715
0.952312
0.773133
0.56031
0.337524
0.124031
-0.0687128
-0.236392
-0.379399
-0.50049
-0.603193
-0.690941
-0.766667
-0.832715
-0.890896
-0.942657
-0.98924
-1.03184
-1.07175
-1.11063
-1.15058
-1.19401
-1.24289
-1.29809
-1.35893
-1.42324
-1.48832
-1.55168
-1.60912
-1.65316
-1.68271
-1.70083
-1.71224
-1.72225
-1.73582
-1.75662
-1.78574
-1.82142
-1.85987
-1.8957
-1.92296
-1.93674
-1.93363
-1.91133
-1.86882
-1.8068
-1.72508
-1.62068
-1.48728
-1.30432
-1.02556
-0.572745
-0.746158
-0.337544
-0.00944839
0.250179
0.449576
0.598601
0.712279
0.800566
0.863572
0.895048
0.886757
0.832346
0.730266
0.585752
0.410972
0.222276
0.0354726
-0.138005
-0.292241
-0.42581
-0.540019
-0.637426
-0.720891
-0.79309
-0.856317
-0.912473
-0.963145
-1.00973
-1.05355
-1.09589
-1.13813
-1.18182
-1.22865
-1.28016
-1.33705
-1.39879
-1.4634
-1.52785
-1.58929
-1.6448
-1.68846
-1.71787
-1.73558
-1.7457
-1.75324
-1.76311
-1.77908
-1.80332
-1.83518
-1.87131
-1.90703
-1.93663
-1.95436
-1.9561
-1.9396
-1.903
-1.84506
-1.76873
-1.67439
-1.56029
-1.42011
-1.23491
-0.962735
-0.533402
-0.593766
-0.209954
0.0852895
0.305319
0.461267
0.566004
0.633459
0.67141
0.680458
0.65761
0.600129
0.508155
0.385677
0.24036
0.0825112
-0.0768847
-0.228553
-0.366509
-0.488197
-0.593633
-0.684317
-0.762379
-0.830061
-0.889461
-0.942446
-0.990671
-1.03566
-1.07888
-1.12175
-1.16562
-1.21169
-1.26108
-1.31468
-1.37285
-1.43498
-1.49929
-1.56276
-1.62202
-1.67442
-1.71596
-1.7439
-1.76021
-1.76881
-1.77409
-1.78075
-1.79277
-1.81242
-1.84027
-1.87406
-1.90901
-1.93996
-1.96129
-1.96695
-1.95364
-1.92154
-1.8701
-1.79952
-1.71163
-1.60724
-1.48522
-1.33988
-1.15418
-0.890758
-0.488397
-0.454181
-0.109152
0.141528
0.313536
0.421137
0.479199
0.500527
0.491968
0.455525
0.391629
0.301933
0.190523
0.0635795
-0.0716561
-0.207899
-0.338769
-0.459617
-0.567911
-0.663013
-0.745611
-0.817127
-0.879293
-0.933894
-0.982649
-1.02718
-1.06909
-1.10997
-1.15147
-1.19505
-1.24182
-1.29246
-1.34723
-1.406
-1.46793
-1.53124
-1.59313
-1.65014
-1.69917
-1.73771
-1.76322
-1.77761
-1.78444
-1.78793
-1.79204
-1.80074
-1.81677
-1.84059
-1.87123
-1.9048
-1.93422
-1.95476
-1.96274
-1.95426
-1.9272
-1.88133
-1.81683
-1.73457
-1.63648
-1.52366
-1.39539
-1.24654
-1.06205
-0.809615
-0.43784
-0.33575
-0.0422731
0.154984
0.27449
0.333129
0.34657
0.326542
0.27966
0.209457
0.118972
0.012405
-0.104664
-0.226143
-0.346467
-0.461203
-0.567251
-0.662859
-0.747472
-0.821461
-0.885791
-0.941759
-0.990814
-1.03446
-1.07422
-1.11169
-1.14862
-1.18688
-1.22822
-1.27386
-1.32422
-1.37901
-1.4375
-1.49854
-1.56027
-1.61997
-1.67439
-1.72032
-1.75551
-1.77821
-1.79059
-1.79596
-1.79793
-1.80044
-1.80651
-1.81906
-1.8392
-1.86381
-1.89106
-1.9174
-1.93735
-1.94641
-1.94113
-1.9187
-1.87782
-1.81873
-1.74224
-1.64977
-1.54325
-1.42384
-1.29096
-1.14008
-0.958404
-0.719247
-0.381869
-0.244039
-0.0122542
0.126372
0.192865
0.205559
0.179733
0.126015
0.0509504
-0.040885
-0.145102
-0.256703
-0.370347
-0.481185
-0.585566
-0.681223
-0.767089
-0.842983
-0.90933
-0.966932
-1.01682
-1.06017
-1.09826
-1.13247
-1.1644
-1.19592
-1.22922
-1.26649
-1.30921
-1.35772
-1.41128
-1.46857
-1.52799
-1.58755
-1.64468
-1.69618
-1.73907
-1.77102
-1.79101
-1.80159
-1.80603
-1.80725
-1.80812
-1.81209
-1.8194
-1.83105
-1.84872
-1.86991
-1.8913
-1.9087
-1.91742
-1.91367
-1.89461
-1.85831
-1.80424
-1.73316
-1.64641
-1.54567
-1.43267
-1.30837
-1.17218
-1.02038
-0.842912
-0.619494
-0.320645
-0.18113
-0.0177493
0.0606437
0.07677
0.0489149
-0.0090627
-0.0878042
-0.181073
-0.284024
-0.392109
-0.500791
-0.605894
-0.704165
-0.793596
-0.873349
-0.943432
-1.00435
-1.05684
-1.10178
-1.14011
-1.17288
-1.20133
-1.22701
-1.252
-1.27892
-1.31049
-1.34868
-1.3939
-1.44506
-1.50026
-1.55743
-1.61438
-1.66861
-1.71724
-1.75715
-1.78636
-1.8039
-1.81318
-1.81684
-1.81739
-1.81662
-1.81242
-1.81179
-1.81618
-1.82581
-1.83975
-1.85515
-1.86846
-1.87554
-1.87218
-1.85516
-1.82236
-1.77283
-1.70685
-1.62564
-1.53075
-1.42375
-1.3059
-1.17779
-1.03894
-0.886843
-0.714922
-0.510075
-0.25438
-0.145874
-0.0540504
-0.0345114
-0.0641245
-0.126101
-0.208798
-0.304417
-0.407479
-0.513625
-0.619018
-0.720267
-0.814661
-0.900422
-0.97675
-1.04362
-1.10147
-1.15092
-1.19263
-1.22727
-1.25562
-1.27867
-1.29795
-1.31578
-1.33533
-1.36002
-1.39244
-1.4332
-1.48097
-1.5333
-1.58767
-1.64168
-1.69284
-1.73847
-1.77594
-1.80251
-1.81817
-1.8262
-1.82949
-1.82556
-1.81439
-1.80355
-1.79549
-1.79208
-1.79399
-1.80061
-1.80997
-1.81868
-1.8228
-1.81839
-1.80198
-1.77126
-1.72515
-1.66365
-1.58765
-1.49848
-1.39749
-1.28571
-1.16381
-1.03205
-0.890384
-0.738222
-0.573382
-0.390655
-0.183453
-0.13486
-0.114569
-0.150349
-0.220167
-0.309879
-0.410595
-0.516407
-0.623065
-0.727266
-0.82636
-0.918315
-1.00179
-1.07614
-1.14133
-1.19768
-1.24564
-1.2856
-1.31788
-1.34287
-1.36127
-1.37448
-1.38509
-1.39686
-1.41405
-1.43994
-1.47546
-1.51909
-1.56797
-1.61912
-1.66996
-1.718
-1.76072
-1.79557
-1.82054
-1.83333
-1.8416
-1.83692
-1.82131
-1.80353
-1.78612
-1.7713
-1.76096
-1.756
-1.75594
-1.75901
-1.76231
-1.76219
-1.75495
-1.73741
-1.70719
-1.66311
-1.60504
-1.53357
-1.44975
-1.35459
-1.24881
-1.13272
-1.00637
-0.869984
-0.724596
-0.572507
-0.416965
-0.26109
-0.108675
-0.143608
-0.192313
-0.278467
-0.382752
-0.49448
-0.607799
-0.71896
-0.82529
-0.924849
-1.01631
-1.09888
-1.17229
-1.23665
-1.29225
-1.33943
-1.37833
-1.40896
-1.43128
-1.44563
-1.45331
-1.45707
-1.46127
-1.47097
-1.49014
-1.52005
-1.5591
-1.60409
-1.65172
-1.69924
-1.74416
-1.784
-1.81632
-1.83841
-1.85022
-1.84774
-1.8307
-1.80947
-1.7861
-1.76309
-1.74267
-1.72633
-1.71496
-1.7082
-1.70453
-1.7014
-1.69571
-1.68415
-1.66381
-1.63254
-1.58913
-1.5333
-1.46546
-1.38633
-1.29657
-1.19652
-1.08604
-0.964646
-0.832018
-0.688924
-0.538469
-0.38711
-0.244513
-0.121996
-0.0318437
-0.167527
-0.280951
-0.4117
-0.544833
-0.673701
-0.795586
-0.909007
-1.013
-1.10704
-1.19098
-1.26501
-1.32952
-1.38494
-1.43158
-1.46948
-1.49843
-1.51813
-1.52868
-1.53125
-1.5288
-1.52613
-1.52893
-1.5417
-1.566
-1.60024
-1.64104
-1.68496
-1.72899
-1.77067
-1.8074
-1.83627
-1.85497
-1.85536
-1.84084
-1.81981
-1.79375
-1.76571
-1.73786
-1.71209
-1.68996
-1.67207
-1.65825
-1.64724
-1.63694
-1.6247
-1.60771
-1.58341
-1.54987
-1.50595
-1.4513
-1.38611
-1.31084
-1.22581
-1.13095
-1.02566
-0.908857
-0.779433
-0.637216
-0.484514
-0.327941
-0.17956
-0.0560624
0.0241523
0.0432959
-0.20246
-0.375318
-0.544495
-0.701056
-0.8429
-0.970426
-1.08434
-1.1853
-1.27398
-1.35113
-1.41752
-1.47379
-1.52035
-1.55725
-1.58427
-1.60107
-1.60777
-1.60563
-1.59775
-1.58925
-1.58612
-1.59314
-1.61207
-1.6414
-1.67777
-1.7176
-1.75787
-1.7957
-1.82832
-1.85283
-1.85856
-1.84969
-1.83208
-1.80658
-1.77659
-1.74414
-1.7114
-1.68024
-1.65194
-1.62725
-1.60601
-1.5873
-1.56943
-1.55022
-1.52728
-1.49842
-1.46192
-1.41671
-1.36239
-1.29899
-1.22669
-1.14551
-1.05503
-0.954188
-0.841324
-0.714511
-0.57246
-0.416142
-0.251006
-0.0890393
0.0508144
0.145223
0.171259
0.109677
-0.244844
-0.471433
-0.672849
-0.84763
-0.998721
-1.1296
-1.24294
-1.34069
-1.42437
-1.49522
-1.55415
-1.60175
-1.6382
-1.66344
-1.67739
-1.68045
-1.67418
-1.66192
-1.64884
-1.64091
-1.64297
-1.65677
-1.68103
-1.71257
-1.74781
-1.78357
-1.81692
-1.84469
-1.8564
-1.85402
-1.84317
-1.82139
-1.79258
-1.75846
-1.72149
-1.68363
-1.64663
-1.61186
-1.58003
-1.55125
-1.52483
-1.49952
-1.47349
-1.44475
-1.41135
-1.37175
-1.32494
-1.27044
-1.20811
-1.13792
-1.05962
-0.972472
-0.875016
-0.765046
-0.639856
-0.497053
-0.336171
-0.161113
0.017235
0.179575
0.299796
0.350149
0.307429
0.155613
-0.291647
-0.566245
-0.793971
-0.982009
-1.13881
-1.27089
-1.38257
-1.47668
-1.55514
-1.61924
-1.66979
-1.70721
-1.73173
-1.74375
-1.74415
-1.73494
-1.7197
-1.70349
-1.69192
-1.6896
-1.69842
-1.71724
-1.74337
-1.77337
-1.80404
-1.83182
-1.84661
-1.85221
-1.84888
-1.83472
-1.81018
-1.77742
-1.73912
-1.69718
-1.65373
-1.61054
-1.569
-1.53003
-1.4939
-1.46029
-1.42819
-1.39611
-1.36229
-1.32496
-1.28266
-1.23435
-1.17947
-1.11772
-1.04888
-0.97248
-0.887489
-0.792106
-0.683621
-0.558601
-0.413618
-0.246846
-0.0606675
0.135268
0.321993
0.471965
0.553929
0.540437
0.413577
0.164834
-0.340264
-0.657336
-0.905895
-1.10255
-1.26157
-1.39246
-1.50087
-1.59012
-1.66214
-1.7181
-1.75871
-1.78459
-1.79665
-1.79641
-1.78624
-1.7698
-1.75202
-1.73794
-1.73159
-1.73513
-1.74796
-1.76762
-1.79143
-1.813
-1.82952
-1.84169
-1.8466
-1.84203
-1.82577
-1.7974
-1.76067
-1.71742
-1.6701
-1.62067
-1.57107
-1.52285
-1.4771
-1.43437
-1.39454
-1.35685
-1.31998
-1.28227
-1.24202
-1.19775
-1.14837
-1.09317
-1.03173
-0.963645
-0.888237
-0.804242
-0.709521
-0.600882
-0.474199
-0.325082
-0.15049
0.0485039
0.263229
0.474784
0.654583
0.768857
0.786728
0.687881
0.465037
0.119534
-0.388449
-0.74273
-1.0072
-1.20824
-1.36606
-1.49305
-1.59597
-1.67838
-1.74219
-1.78857
-1.81853
-1.83341
-1.83527
-1.82676
-1.81131
-1.79335
-1.77764
-1.7674
-1.7647
-1.77018
-1.78052
-1.79301
-1.8082
-1.82323
-1.8345
-1.83924
-1.83377
-1.8149
-1.78244
-1.7406
-1.69204
-1.63882
-1.58332
-1.52751
-1.47315
-1.42154
-1.37342
-1.32883
-1.28711
-1.247
-1.20684
-1.16488
-1.11957
-1.06969
-1.01443
-0.953201
-0.885447
-0.810308
-0.726278
-0.630871
-0.520392
-0.390003
-0.234401
-0.0494902
0.164642
0.399826
0.636617
0.844586
0.987968
1.03361
0.959511
0.759034
0.438163
0.00700822
-0.434318
-0.820841
-1.09688
-1.29859
-1.45203
-1.57234
-1.66738
-1.74104
-1.79547
-1.83218
-1.8528
-1.85957
-1.85541
-1.84316
-1.82624
-1.80859
-1.79388
-1.78149
-1.77548
-1.77755
-1.78647
-1.79932
-1.81334
-1.82454
-1.82856
-1.82161
-1.79996
-1.76299
-1.71562
-1.6611
-1.60209
-1.54081
-1.47953
-1.42012
-1.36404
-1.31215
-1.26453
-1.22052
-1.17881
-1.13765
-1.0952
-1.04977
-1.00004
-0.945043
-0.884069
-0.816411
-0.74103
-0.65616
-0.558923
-0.445046
-0.308907
-0.144271
0.0538715
0.286023
0.543849
0.806513
1.0408
1.20768
1.27349
1.21642
1.03103
0.726801
0.320828
-0.172703
-0.47637
-0.890463
-1.17431
-1.37354
-1.51989
-1.63125
-1.71669
-1.78079
-1.82627
-1.85495
-1.86892
-1.87059
-1.86265
-1.84562
-1.82392
-1.80227
-1.78477
-1.77349
-1.77023
-1.77515
-1.78595
-1.79863
-1.80895
-1.81203
-1.80309
-1.77847
-1.73709
-1.68382
-1.62354
-1.55905
-1.49294
-1.42741
-1.3645
-1.30568
-1.25181
-1.20294
-1.15833
-1.11653
-1.07569
-1.03382
-0.98911
-0.940112
-0.885741
-0.825165
-0.757538
-0.681633
-0.595394
-0.495481
-0.376931
-0.233201
-0.0570285
0.157436
0.410877
0.693966
0.983383
1.24208
1.42687
1.50199
1.45065
1.27083
0.974903
0.584421
0.121032
-0.403344
-0.513477
-0.950724
-1.23913
-1.43339
-1.57078
-1.67196
-1.74748
-1.8027
-1.84052
-1.86167
-1.86845
-1.86324
-1.8488
-1.82775
-1.80404
-1.78222
-1.76621
-1.75795
-1.75804
-1.76519
-1.77575
-1.78452
-1.78619
-1.77554
-1.74827
-1.70303
-1.64437
-1.57886
-1.50995
-1.44027
-1.37214
-1.30745
-1.24768
-1.19357
-1.14508
-1.1013
-1.06068
-1.02121
-0.980789
-0.937493
-0.88975
-0.836373
-0.776417
-0.708906
-0.632416
-0.544571
-0.441497
-0.317408
-0.164657
0.0252222
0.258943
0.537036
0.848303
1.16561
1.44686
1.64412
1.71928
1.65802
1.47185
1.17659
0.795081
0.352249
-0.133292
-0.656742
-0.544874
-1.00111
-1.29139
-1.47914
-1.6068
-1.69758
-1.76331
-1.80952
-1.83892
-1.85283
-1.85299
-1.84179
-1.82233
-1.79805
-1.77309
-1.7519
-1.73792
-1.7324
-1.73456
-1.74146
-1.74806
-1.74828
-1.73646
-1.70802
-1.66039
-1.59743
-1.52797
-1.45595
-1.38428
-1.31516
-1.25041
-1.19128
-1.1384
-1.09155
-1.04971
-1.01119
-0.973878
-0.935563
-0.89422
-0.848182
-0.796163
-0.737116
-0.669936
-0.593002
-0.503599
-0.397263
-0.267274
-0.104688
0.100406
0.355729
0.661461
1.00377
1.35036
1.65265
1.85745
1.92487
1.84329
1.63193
1.32864
0.953029
0.527075
0.0709346
-0.404425
-0.902716
-0.570221
-1.04153
-1.33153
-1.5118
-1.62979
-1.711
-1.7676
-1.80504
-1.82592
-1.83179
-1.8245
-1.80676
-1.78218
-1.75479
-1.7289
-1.70853
-1.69626
-1.69226
-1.69422
-1.69765
-1.69648
-1.68439
-1.65628
-1.60902
-1.54471
-1.47278
-1.39918
-1.32694
-1.25828
-1.19476
-1.13749
-1.08686
-1.04252
-1.00334
-0.967524
-0.932884
-0.897137
-0.858173
-0.814236
-0.763945
-0.706152
-0.639628
-0.562564
-0.471905
-0.362587
-0.226889
-0.0544241
0.166405
0.444585
0.77997
1.15558
1.53284
1.85534
2.06384
2.11755
2.00906
1.76473
1.43165
1.05882
0.65144
0.222785
-0.214895
-0.658377
-1.1184
-0.589609
-1.07276
-1.3615
-1.53446
-1.64301
-1.71432
-1.76099
-1.78855
-1.79968
-1.79628
-1.78067
-1.75604
-1.72643
-1.6962
-1.66956
-1.64985
-1.63857
-1.63456
-1.63409
-1.63153
-1.62039
-1.59484
-1.55098
-1.4886
-1.41575
-1.34195
-1.27035
-1.20311
-1.14169
-1.08695
-1.03913
-0.997739
-0.961561
-0.928755
-0.89709
-0.864227
-0.827984
-0.786514
-0.738335
-0.682196
-0.616746
-0.539999
-0.448596
-0.336903
-0.19622
-0.0146653
0.221222
0.52199
0.887431
1.29731
1.70609
2.04856
2.25877
2.29511
2.15629
1.87714
1.51155
1.11433
0.72813
0.331801
-0.0703335
-0.471646
-0.873951
-1.29281
-0.603271
-1.09564
-1.38224
-1.5475
-1.64602
-1.70641
-1.74187
-1.75819
-1.75838
-1.74485
-1.7205
-1.68903
-1.65477
-1.62216
-1.59504
-1.57593
-1.5651
-1.56008
-1.55599
-1.54654
-1.52543
-1.48773
-1.43094
-1.36003
-1.28674
-1.21639
-1.151
-1.09192
-1.03988
-0.994951
-0.956556
-0.923427
-0.893708
-0.865152
-0.835384
-0.802151
-0.763506
-0.717851
-0.663816
-0.599926
-0.524043
-0.432551
-0.319338
-0.174829
0.0142734
0.263332
0.584702
0.978542
1.42176
1.86182
2.22415
2.4357
2.45407
2.28422
1.97183
1.57818
1.15949
0.758005
0.400834
0.0402453
-0.322963
-0.683277
-1.04454
-1.42519
-0.611098
-1.11009
-1.39354
-1.55041
-1.63798
-1.68629
-1.70925
-1.71319
-1.70165
-1.67768
-1.64475
-1.607
-1.56893
-1.53483
-1.508
-1.48994
-1.47968
-1.47355
-1.46583
-1.45004
-1.42031
-1.37267
-1.30764
-1.23557
-1.16643
-1.10276
-1.04577
-0.996099
-0.953751
-0.918076
-0.887791
-0.861049
-0.83561
-0.809072
-0.779108
-0.743652
-0.700967
-0.649535
-0.587751
-0.51334
-0.422497
-0.308754
-0.16185
0.0327135
0.292061
0.63046
1.04893
1.5223
1.99177
2.37357
2.58712
2.58912
2.39094
2.04841
1.63353
1.20377
0.79521
0.428644
0.118193
-0.200946
-0.526113
-0.848918
-1.17401
-1.52048
-0.612851
-1.11578
-1.395
-1.54268
-1.61839
-1.65357
-1.66308
-1.654
-1.63056
-1.5965
-1.55585
-1.51307
-1.47268
-1.43862
-1.41339
-1.3974
-1.3884
-1.38174
-1.37115
-1.35018
-1.31354
-1.2582
-1.18973
-1.12147
-1.05881
-1.0032
-0.955193
-0.914775
-0.881278
-0.853424
-0.829394
-0.806969
-0.783728
-0.757264
-0.725371
-0.686135
-0.637859
-0.578776
-0.506486
-0.417051
-0.303794
-0.156006
0.0416834
0.30784
0.658546
1.09608
1.59426
2.08936
2.48942
2.70619
2.69467
2.47256
2.10616
1.67567
1.24515
0.844082
0.481445
0.161206
-0.106111
-0.39033
-0.684538
-0.97663
-1.27014
-1.58539
-0.608236
-1.11231
-1.38618
-1.52399
-1.58714
-1.60854
-1.60419
-1.58211
-1.54736
-1.50436
-1.45761
-1.41177
-1.37116
-1.33908
-1.31704
-1.30421
-1.29722
-1.29058
-1.27772
-1.25239
-1.20982
-1.14926
-1.08169
-1.01924
-0.96398
-0.916655
-0.877264
-0.845175
-0.819148
-0.79741
-0.777774
-0.757808
-0.735024
-0.707059
-0.671779
-0.627257
-0.571522
-0.502027
-0.414747
-0.302923
-0.155663
0.0428813
0.31224
0.669967
1.11979
1.63552
2.15031
2.56564
2.78625
2.76432
2.52245
2.13714
1.69677
1.26604
0.882319
0.547517
0.24734
-0.0321062
-0.270123
-0.533127
-0.806629
-1.07446
-1.33977
-1.62578
-0.59696
-1.09925
-1.36672
-1.49418
-1.54449
-1.55202
-1.53409
-1.49982
-1.45515
-1.40512
-1.3546
-1.30816
-1.26963
-1.24141
-1.22385
-1.21491
-1.21023
-1.20372
-1.18868
-1.15905
-1.11064
-1.04752
-0.984181
-0.928061
-0.880171
-0.840666
-0.808993
-0.783985
-0.76393
-0.746691
-0.72984
-0.710816
-0.687086
-0.656265
-0.61613
-0.564435
-0.498433
-0.414014
-0.304438
-0.158865
0.0386134
0.307918
0.667516
1.12243
1.64729
2.17398
2.59968
2.82346
2.79465
2.53891
2.14083
1.69601
1.27303
0.906393
0.596176
0.323212
0.0704302
-0.17303
-0.395165
-0.645562
-0.904135
-1.15048
-1.38894
-1.64652
-0.578789
-1.07623
-1.33632
-1.4533
-1.49099
-1.48525
-1.45479
-1.40992
-1.35744
-1.30292
-1.25128
-1.20674
-1.17231
-1.14929
-1.13684
-1.13186
-1.12922
-1.12243
-1.10479
-1.07063
-1.01671
-0.953026
-0.895067
-0.845462
-0.804637
-0.772246
-0.747256
-0.728064
-0.712612
-0.698505
-0.683134
-0.663812
-0.637881
-0.602759
-0.555826
-0.494035
-0.413128
-0.306418
-0.163309
0.0317862
0.298593
0.655798
1.10928
1.6349
2.16499
2.59513
2.82103
2.79006
2.52994
2.12914
1.68543
1.2696
0.918554
0.62677
0.377089
0.150023
-0.069462
-0.28991
-0.502069
-0.74082
-0.985544
-1.21041
-1.42186
-1.65101
-0.553622
-1.04301
-1.29485
-1.40159
-1.42748
-1.40975
-1.36857
-1.31539
-1.25777
-1.20154
-1.15138
-1.1108
-1.08181
-1.06453
-1.05704
-1.05534
-1.05372
-1.04547
-1.02396
-0.983966
-0.926329
-0.865538
-0.812884
-0.769385
-0.734946
-0.708747
-0.689337
-0.674776
-0.662742
-0.650631
-0.63564
-0.614849
-0.585273
-0.543807
-0.486945
-0.410134
-0.306673
-0.166299
0.0259222
0.28895
0.64093
1.0879
1.60691
2.13208
2.56008
2.78626
2.7572
2.50088
2.1059
1.66808
1.2589
0.919688
0.642073
0.409599
0.204247
0.00889697
-0.189469
-0.397303
-0.599542
-0.826313
-1.05562
-1.2577
-1.44148
-1.64193
-0.521617
-0.999625
-1.24244
-1.33958
-1.35509
-1.32736
-1.27791
-1.21921
-1.15935
-1.10407
-1.05752
-1.02227
-0.999215
-0.987419
-0.984063
-0.9845
-0.982625
-0.971661
-0.945277
-0.898933
-0.839148
-0.782542
-0.735198
-0.697418
-0.66867
-0.647744
-0.63288
-0.621895
-0.612257
-0.601129
-0.585395
-0.561668
-0.526262
-0.475015
-0.402815
-0.302725
-0.164742
0.0252242
0.284792
0.630744
1.0684
1.57552
2.08882
2.50843
2.73225
2.70735
2.45989
2.07481
1.64471
1.2438
0.912339
0.644259
0.423947
0.234437
0.0594224
-0.115848
-0.301693
-0.500604
-0.692184
-0.907538
-1.11793
-1.2953
-1.45058
-1.62189
-0.483344
-0.946563
-1.1797
-1.26823
-1.27535
-1.24022
-1.18543
-1.12425
-1.06492
-1.01283
-0.9713
-0.941888
-0.924466
-0.91723
-0.916682
-0.917722
-0.91405
-0.899009
-0.866743
-0.814411
-0.754367
-0.702416
-0.660215
-0.627626
-0.60377
-0.587164
-0.575841
-0.567438
-0.559196
-0.547921
-0.529914
-0.50089
-0.455842
-0.38874
-0.291956
-0.15539
0.0342748
0.292921
0.634941
1.06376
1.55708
2.05435
2.46104
2.6801
2.66001
2.42346
2.0489
1.62383
1.22841
0.900563
0.637098
0.423613
0.244317
0.0838766
-0.0721928
-0.235308
-0.412272
-0.602923
-0.782097
-0.985796
-1.17423
-1.3254
-1.45176
-1.59353
-0.439995
-0.885017
-1.10791
-1.1892
-1.1904
-1.15089
-1.09396
-1.03324
-0.976827
-0.92945
-0.893522
-0.86965
-0.856881
-0.852759
-0.853311
-0.853149
-0.845923
-0.825217
-0.785729
-0.729452
-0.672175
-0.624456
-0.586728
-0.558459
-0.538485
-0.525127
-0.51627
-0.509357
-0.501283
-0.488213
-0.46538
-0.426871
-0.365389
-0.271957
-0.135556
0.0569647
0.319779
0.664024
1.0893
1.5715
2.05238
2.4438
2.65593
2.63976
2.41323
2.04632
1.62015
1.22365
0.893018
0.627769
0.415316
0.239947
0.0878957
-0.0548646
-0.199548
-0.354171
-0.523373
-0.705222
-0.869804
-1.06114
-1.22573
-1.35012
-1.44772
-1.55962
-0.393586
-0.817134
-1.02938
-1.10505
-1.10311
-1.06247
-1.00654
-0.948861
-0.897061
-0.855089
-0.824502
-0.805158
-0.795519
-0.792708
-0.79247
-0.789319
-0.777054
-0.749706
-0.70286
-0.644264
-0.590621
-0.546913
-0.513015
-0.488129
-0.470924
-0.459616
-0.451961
-0.445119
-0.43537
-0.417742
-0.385595
-0.330252
-0.240766
-0.104001
0.0945681
0.368508
0.725554
1.15947
1.64054
2.11026
2.48715
2.69085
2.67694
2.45847
2.0949
1.65966
1.25142
0.907011
0.630084
0.410092
0.231846
0.0807147
-0.0556712
-0.188424
-0.325709
-0.473543
-0.635222
-0.807835
-0.955247
-1.13224
-1.27309
-1.37145
-1.44121
-1.52301
-0.347106
-0.746205
-0.947564
-1.01941
-1.01725
-0.978635
-0.926444
-0.873709
-0.827354
-0.790575
-0.764273
-0.747816
-0.73933
-0.735717
-0.732623
-0.724636
-0.705882
-0.670979
-0.61784
-0.559144
-0.509077
-0.468731
-0.437667
-0.414923
-0.399088
-0.388307
-0.380144
-0.371244
-0.356813
-0.329941
-0.280905
-0.196663
-0.060947
0.144297
0.434961
0.817437
1.27892
1.77952
2.25321
2.62197
2.81715
2.80354
2.59181
2.22962
1.77944
1.34694
0.973104
0.66873
0.42752
0.235258
0.076425
-0.0616422
-0.190641
-0.318025
-0.450392
-0.592531
-0.746898
-0.910213
-1.03852
-1.19857
-1.31734
-1.39159
-1.43497
-1.48637
-0.304527
-0.676702
-0.86712
-0.936959
-0.937304
-0.903442
-0.857025
-0.8102
-0.769136
-0.736448
-0.712659
-0.696921
-0.687254
-0.680523
-0.672448
-0.657859
-0.631327
-0.588125
-0.530944
-0.474413
-0.427053
-0.388868
-0.35918
-0.336917
-0.320611
-0.308284
-0.297119
-0.282856
-0.258917
-0.215324
-0.137652
-0.00655513
0.200996
0.506957
0.921859
1.43014
1.97952
2.48706
2.86655
3.05882
3.04441
2.83925
2.48135
2.01852
1.55333
1.13446
0.782373
0.499523
0.275825
0.095754
-0.0556151
-0.190014
-0.316677
-0.44195
-0.571443
-0.709136
-0.856908
-1.0103
-1.11941
-1.26079
-1.35837
-1.41037
-1.42944
-1.45097
-0.270603
-0.614026
-0.793606
-0.863039
-0.868078
-0.840859
-0.80121
-0.760168
-0.723246
-0.692746
-0.669113
-0.651544
-0.638159
-0.625984
-0.611004
-0.588477
-0.553574
-0.502474
-0.442808
-0.388667
-0.343103
-0.30569
-0.275624
-0.251779
-0.232613
-0.215888
-0.198097
-0.173514
-0.132854
-0.0617032
0.0608229
0.261955
0.571282
1.00957
1.56829
2.18974
2.76955
3.19758
3.40906
3.40126
3.20609
2.86032
2.39754
1.90368
1.43378
1.01811
0.670969
0.392288
0.170736
-0.0095782
-0.162566
-0.299332
-0.427511
-0.552855
-0.680193
-0.8128
-0.952037
-1.0944
-1.19093
-1.31427
-1.39383
-1.42747
-1.42543
-1.4181
-0.250377
-0.563895
-0.732705
-0.802729
-0.813658
-0.793751
-0.760597
-0.724079
-0.689266
-0.658447
-0.632249
-0.610123
-0.590467
-0.570634
-0.547028
-0.515442
-0.471656
-0.414578
-0.354657
-0.301888
-0.256549
-0.217977
-0.185273
-0.157222
-0.132083
-0.107102
-0.0776488
-0.0358521
0.0312384
0.143655
0.329695
0.623928
1.05803
1.64002
2.32358
2.99593
3.51717
3.79515
3.82589
3.6598
3.34258
2.90016
2.39406
1.88533
1.4065
0.983027
0.627364
0.339103
0.108448
-0.0809928
-0.242687
-0.386284
-0.519251
-0.647436
-0.775069
-0.904665
-1.0369
-1.16837
-1.25455
-1.36064
-1.42462
-1.44335
-1.42359
-1.389
-0.248394
-0.531261
-0.688893
-0.759353
-0.775846
-0.762335
-0.73402
-0.699764
-0.664451
-0.630589
-0.599169
-0.570043
-0.542028
-0.512945
-0.479748
-0.438842
-0.386639
-0.325791
-0.266648
-0.213869
-0.166943
-0.125046
-0.0871505
-0.051842
-0.0169518
0.0211339
0.0686421
0.136142
0.24072
0.407911
0.671608
1.06834
1.62147
2.31146
3.04503
3.67472
4.07504
4.21045
4.12407
3.87172
3.4803
2.98104
2.45028
1.92625
1.43583
1.00108
0.632935
0.330645
0.0852893
-0.119077
-0.295292
-0.450934
-0.592758
-0.726616
-0.856218
-0.983542
-1.10895
-1.22947
-1.30519
-1.39527
-1.44642
-1.45422
-1.42118
-1.36263
-0.267533
-0.518727
-0.663551
-0.73242
-0.752076
-0.742202
-0.715779
-0.680888
-0.642412
-0.60318
-0.564605
-0.52699
-0.489643
-0.450945
-0.408482
-0.359333
-0.300664
-0.237888
-0.179353
-0.125466
-0.0754381
-0.0283062
0.0171751
0.0628232
0.111531
0.168122
0.240683
0.342382
0.493423
0.721931
1.06129
1.54032
2.16464
2.88411
3.5812
4.12185
4.42729
4.48885
4.33078
4.00891
3.5508
3.03357
2.50033
1.97798
1.4888
1.05105
0.674528
0.359487
0.0980892
-0.124613
-0.320044
-0.492205
-0.646237
-0.787868
-0.920469
-1.0457
-1.16378
-1.27217
-1.33623
-1.41136
-1.45238
-1.45358
-1.41294
-1.33622
-0.307381
-0.524452
-0.652607
-0.715243
-0.733219
-0.722467
-0.69416
-0.655791
-0.612242
-0.566565
-0.520484
-0.474667
-0.428857
-0.381951
-0.332133
-0.27709
-0.216293
-0.154802
-0.0966008
-0.0410733
0.0127838
0.0661984
0.120862
0.179302
0.245459
0.325526
0.429112
0.570613
0.770208
1.05308
1.44461
1.96007
2.58962
3.26346
3.87801
4.31312
4.53518
4.5324
4.32514
3.9648
3.49819
3.00777
2.51124
2.02485
1.56273
1.13862
0.762231
0.436259
0.155657
-0.0915971
-0.313022
-0.506993
-0.676694
-0.827889
-0.963709
-1.08571
-1.19442
-1.28819
-1.33885
-1.39945
-1.43255
-1.43154
-1.39031
-1.30464
-0.361911
-0.539476
-0.643925
-0.692758
-0.702132
-0.685111
-0.651428
-0.607939
-0.559267
-0.50839
-0.457066
-0.406109
-0.355529
-0.30464
-0.252178
-0.196481
-0.138256
-0.0806885
-0.0245835
0.0310103
0.0873509
0.14613
0.209771
0.281808
0.367331
0.473483
0.609929
0.789178
1.02635
1.33744
1.73485
2.22129
2.76796
3.2779
3.71755
4.02139
4.15129
4.10082
3.89368
3.57793
3.20818
2.828
2.44033
2.04791
1.65506
1.27136
0.908458
0.574173
0.268979
-0.0131265
-0.270279
-0.492783
-0.681931
-0.843281
-0.980164
-1.09513
-1.19019
-1.26564
-1.30071
-1.34635
-1.37274
-1.37346
-1.33982
-1.25896
-0.415106
-0.543341
-0.613764
-0.63951
-0.633358
-0.60608
-0.565877
-0.518537
-0.46792
-0.416458
-0.365551
-0.315833
-0.267333
-0.219599
-0.171796
-0.123011
-0.0735185
-0.0241168
0.0256796
0.0770796
0.131768
0.192125
0.261479
0.344303
0.446237
0.573808
0.73386
0.932822
1.17603
1.46669
1.80394
2.17401
2.50208
2.78424
3.00338
3.12717
3.14516
3.06764
2.91902
2.73557
2.54715
2.36159
2.16703
1.95032
1.70026
1.41526
1.1038
0.778452
0.448404
0.118093
-0.188721
-0.449611
-0.66056
-0.828355
-0.959323
-1.05938
-1.13381
-1.18594
-1.20291
-1.23238
-1.2521
-1.25709
-1.23923
-1.18251
