-0.430871
-0.464098
-0.485743
-0.496844
-0.495677
-0.479432
-0.444972
-0.391879
-0.32242
-0.241153
-0.153355
-0.0630322
0.0266466
0.112599
0.192077
0.263012
0.324293
0.375726
0.41794
0.452192
0.480155
0.503584
0.523912
0.539942
0.550875
0.556197
0.555041
0.54637
0.52935
0.503852
0.471052
0.433592
0.39422
0.35251
0.300879
0.239894
0.175995
0.112379
0.0510965
-0.00654779
-0.059905
-0.108572
-0.152324
-0.191066
-0.224827
-0.253774
-0.278222
-0.298632
-0.315593
-0.329808
-0.34214
-0.353367
-0.363732
-0.373295
-0.382061
-0.38977
-0.395611
-0.398534
-0.397905
-0.393031
-0.381792
-0.360388
-0.324136
-0.267844
-0.519877
-0.551994
-0.569587
-0.573165
-0.560367
-0.533675
-0.492409
-0.437151
-0.369883
-0.294211
-0.212187
-0.124848
-0.0338816
0.0586358
0.15042
0.239339
0.32387
0.403066
0.476376
0.543611
0.604654
0.659167
0.706025
0.737299
0.751072
0.747683
0.728152
0.694187
0.648209
0.59344
0.533813
0.473222
0.413936
0.354875
0.288447
0.217536
0.146152
0.0769676
0.0116742
-0.0488619
-0.104399
-0.154883
-0.200358
-0.240916
-0.276697
-0.307907
-0.33486
-0.357993
-0.377864
-0.395195
-0.411029
-0.4258
-0.438893
-0.449978
-0.458901
-0.465185
-0.467814
-0.465934
-0.459155
-0.44627
-0.424083
-0.387777
-0.331632
-0.249153
-0.603256
-0.628333
-0.637244
-0.630555
-0.605856
-0.570223
-0.523882
-0.467038
-0.402061
-0.331395
-0.254529
-0.171437
-0.0825659
0.0111657
0.108422
0.207738
0.308026
0.408197
0.506922
0.60254
0.69276
0.774468
0.84253
0.882846
0.894094
0.878632
0.84021
0.783505
0.71375
0.636409
0.556664
0.4785
0.403644
0.329399
0.251806
0.173525
0.0969791
0.0241774
-0.0435872
-0.105726
-0.162192
-0.213141
-0.258833
-0.299558
-0.335618
-0.367342
-0.395131
-0.41947
-0.440938
-0.460301
-0.478783
-0.49614
-0.510775
-0.522042
-0.52963
-0.532833
-0.530639
-0.522677
-0.508709
-0.486887
-0.453167
-0.402037
-0.326961
-0.220429
-0.679825
-0.692837
-0.690549
-0.672799
-0.63722
-0.593981
-0.542041
-0.484899
-0.423066
-0.35642
-0.284105
-0.205329
-0.119527
-0.0265536
0.0732928
0.17948
0.29166
0.408696
0.52849
0.647712
0.761479
0.863838
0.94417
0.985945
0.989907
0.960775
0.904862
0.829226
0.741008
0.646857
0.552284
0.460946
0.374186
0.287967
0.202068
0.118039
0.0375437
-0.0379011
-0.107339
-0.170393
-0.227148
-0.27789
-0.323035
-0.36305
-0.398417
-0.429643
-0.457283
-0.48193
-0.504229
-0.525016
-0.54557
-0.56468
-0.579845
-0.590204
-0.595277
-0.59416
-0.586152
-0.571504
-0.549938
-0.518957
-0.473934
-0.408833
-0.316367
-0.188038
-0.748507
-0.746981
-0.732409
-0.703057
-0.656391
-0.605035
-0.551023
-0.494363
-0.43465
-0.371137
-0.302558
-0.22749
-0.144539
-0.0526282
0.0489418
0.160663
0.282921
0.414253
0.551473
0.689116
0.819423
0.934083
1.01593
1.05146
1.04409
1.0007
0.929516
0.839096
0.737537
0.631791
0.527095
0.426582
0.330048
0.235866
0.144371
0.0563254
-0.0269778
-0.104345
-0.174982
-0.238571
-0.295267
-0.34545
-0.389663
-0.428529
-0.462709
-0.492912
-0.519884
-0.544368
-0.567098
-0.589005
-0.61116
-0.631227
-0.646038
-0.654586
-0.656206
-0.649923
-0.635667
-0.614253
-0.585157
-0.545339
-0.489788
-0.412008
-0.30392
-0.15596
-0.809961
-0.79317
-0.765065
-0.722548
-0.666458
-0.609996
-0.55362
-0.496684
-0.438214
-0.376916
-0.311058
-0.238662
-0.157644
-0.0661358
0.0374914
0.154804
0.286612
0.43065
0.581966
0.7323
0.871151
0.988904
1.06161
1.08412
1.06233
1.00471
0.920646
0.819333
0.708972
0.596138
0.485398
0.37897
0.275839
0.17668
0.0819041
-0.00844508
-0.093339
-0.171813
-0.243151
-0.307
-0.363473
-0.41297
-0.456134
-0.493723
-0.526575
-0.555607
-0.581765
-0.605957
-0.629009
-0.651909
-0.675267
-0.695552
-0.709204
-0.715193
-0.712651
-0.700762
-0.680302
-0.652428
-0.616239
-0.568302
-0.503344
-0.414387
-0.292477
-0.126871
-0.865922
-0.834117
-0.791388
-0.734955
-0.670852
-0.609391
-0.550377
-0.492645
-0.434693
-0.374696
-0.310444
-0.239457
-0.159089
-0.0668071
0.0399034
0.163703
0.305293
0.460877
0.622829
0.779433
0.918058
1.0283
1.08335
1.08801
1.04993
0.97866
0.884052
0.775239
0.659875
0.543676
0.430311
0.319957
0.21404
0.112821
0.016793
-0.0742227
-0.159416
-0.238075
-0.3095
-0.373266
-0.429372
-0.478169
-0.52035
-0.556764
-0.588418
-0.61643
-0.641939
-0.666005
-0.689511
-0.713412
-0.737585
-0.757378
-0.76918
-0.772024
-0.764834
-0.747292
-0.721035
-0.68727
-0.644688
-0.589612
-0.516543
-0.417939
-0.283871
-0.102339
-0.917539
-0.871106
-0.811945
-0.741152
-0.669862
-0.603677
-0.54193
-0.482997
-0.424875
-0.36523
-0.301385
-0.230428
-0.149264
-0.054789
0.0564027
0.188058
0.340014
0.505924
0.674254
0.829984
0.959716
1.04821
1.0814
1.06609
1.01145
0.927754
0.824884
0.711442
0.59413
0.477553
0.363216
0.252618
0.146729
0.04603
-0.0493425
-0.139507
-0.223774
-0.301638
-0.37237
-0.435538
-0.491038
-0.539131
-0.580495
-0.616
-0.646799
-0.674195
-0.699497
-0.72388
-0.748191
-0.7732
-0.797797
-0.816449
-0.825826
-0.82506
-0.812972
-0.790075
-0.758667
-0.719746
-0.671652
-0.610562
-0.530712
-0.423907
-0.279159
-0.0831919
-0.964629
-0.901382
-0.82586
-0.742288
-0.664229
-0.593523
-0.528946
-0.468398
-0.409383
-0.349081
-0.284389
-0.212042
-0.128604
-0.0304485
0.0867987
0.227896
0.390803
0.565205
0.734823
0.881675
0.993829
1.05288
1.05997
1.02296
0.951827
0.856952
0.747795
0.632043
0.515196
0.39979
0.287338
0.179246
0.0759213
-0.0222007
-0.115142
-0.203
-0.285169
-0.361201
-0.430426
-0.492431
-0.546966
-0.594277
-0.634987
-0.669918
-0.700356
-0.727741
-0.753522
-0.778913
-0.804597
-0.830923
-0.855549
-0.872472
-0.87897
-0.874244
-0.85726
-0.829581
-0.793805
-0.750565
-0.697935
-0.631974
-0.546584
-0.432814
-0.278579
-0.0694415
-1.00705
-0.924667
-0.832476
-0.739002
-0.654559
-0.579486
-0.511936
-0.449311
-0.388624
-0.326604
-0.259794
-0.18467
-0.0975404
0.00574681
0.130695
0.28288
0.456903
0.637001
0.801552
0.931199
1.01579
1.04204
1.02141
0.962445
0.875528
0.770825
0.657077
0.54086
0.425895
0.313553
0.205596
0.102224
0.00359277
-0.0902544
-0.179221
-0.263336
-0.34231
-0.415485
-0.482419
-0.542653
-0.595795
-0.642189
-0.682356
-0.717037
-0.747677
-0.77581
-0.802966
-0.830297
-0.858153
-0.886127
-0.910417
-0.925132
-0.928446
-0.919557
-0.897968
-0.866245
-0.826937
-0.780253
-0.724077
-0.654334
-0.564475
-0.444683
-0.281876
-0.0606569
-1.04371
-0.94039
-0.832325
-0.730703
-0.640663
-0.561549
-0.490956
-0.425813
-0.362678
-0.297898
-0.227757
-0.148578
-0.056474
0.0533059
0.187627
0.352443
0.537226
0.719126
0.871291
0.975472
1.02179
1.01581
0.967985
0.888035
0.786622
0.673561
0.556761
0.441631
0.329614
0.222645
0.120996
0.0242099
-0.0680254
-0.15613
-0.239867
-0.319083
-0.393655
-0.463207
-0.527047
-0.584736
-0.636145
-0.681498
-0.721194
-0.755944
-0.787329
-0.817029
-0.846579
-0.876958
-0.908015
-0.938139
-0.961841
-0.974028
-0.973996
-0.960894
-0.935275
-0.900347
-0.858352
-0.809104
-0.750344
-0.677767
-0.584231
-0.459117
-0.28845
-0.0561564
-1.07138
-0.94821
-0.826131
-0.717704
-0.622743
-0.539832
-0.466061
-0.397908
-0.331527
-0.262972
-0.188382
-0.104017
-0.00580616
0.111742
0.25714
0.435969
0.630318
0.8086
0.940458
1.01181
1.01771
0.978492
0.903802
0.803881
0.689284
0.569271
0.450825
0.337605
0.230613
0.130733
0.0368568
-0.0519266
-0.13646
-0.217469
-0.294898
-0.368342
-0.437649
-0.502511
-0.562508
-0.617299
-0.666754
-0.711009
-0.750232
-0.785437
-0.818173
-0.850213
-0.883167
-0.917797
-0.953159
-0.98606
-1.00909
-1.01867
-1.01524
-0.998122
-0.969235
-0.931996
-0.888173
-0.837242
-0.776771
-0.702096
-0.605393
-0.475329
-0.29727
-0.0548609
-1.08758
-0.946785
-0.815502
-0.700719
-0.601116
-0.514432
-0.437208
-0.365475
-0.295041
-0.221764
-0.141738
-0.0512222
0.0540804
0.180623
0.338894
0.532917
0.734685
0.903509
1.00683
1.03556
1.00376
0.932822
0.832791
0.714389
0.588053
0.462489
0.343742
0.233819
0.133432
0.0418805
-0.0430798
-0.122899
-0.198865
-0.271757
-0.341707
-0.408509
-0.471963
-0.531755
-0.587498
-0.63899
-0.686144
-0.7291
-0.768252
-0.804526
-0.839413
-0.874702
-0.912015
-0.951977
-0.992782
-1.02915
-1.05147
-1.0586
-1.05177
-1.03113
-0.999837
-0.961147
-0.91629
-0.86444
-0.802927
-0.726597
-0.627037
-0.492224
-0.307173
-0.0556585
-1.09252
-0.937156
-0.798956
-0.678925
-0.575212
-0.484874
-0.403968
-0.328134
-0.252929
-0.174122
-0.0878538
0.00959927
0.122863
0.259662
0.432774
0.642958
0.849392
1.00201
1.07028
1.05348
0.985737
0.884324
0.760295
0.624758
0.488044
0.358297
0.240577
0.135516
0.042902
-0.0393997
-0.114687
-0.184995
-0.251861
-0.316121
-0.377988
-0.437393
-0.494227
-0.548366
-0.599623
-0.647847
-0.693003
-0.735257
-0.77502
-0.813165
-0.851118
-0.890569
-0.933067
-0.979218
-1.02668
-1.06711
-1.0886
-1.0934
-1.08327
-1.05988
-1.02706
-0.987704
-0.942541
-0.890461
-0.828447
-0.750832
-0.648531
-0.509006
-0.317212
-0.0576192
-1.08728
-0.920071
-0.776515
-0.65217
-0.544779
-0.450839
-0.365985
-0.285551
-0.20494
-0.119937
-0.0267789
0.0782673
0.200338
0.348828
0.539092
0.766394
0.974401
1.1051
1.13332
1.07303
0.970077
0.839257
0.692413
0.540998
0.395257
0.262722
0.14732
0.0484477
-0.0356453
-0.108291
-0.17357
-0.234233
-0.291845
-0.347288
-0.400898
-0.452783
-0.502981
-0.55152
-0.598374
-0.643523
-0.687014
-0.729028
-0.769946
-0.810536
-0.852114
-0.896436
-0.945233
-0.999064
-1.05496
-1.10029
-1.12087
-1.12332
-1.11015
-1.0848
-1.05132
-1.01198
-0.967004
-0.915023
-0.852626
-0.773567
-0.668187
-0.523733
-0.325649
-0.0593125
-1.07034
-0.89714
-0.748777
-0.620598
-0.509717
-0.412086
-0.322958
-0.237436
-0.150866
-0.0591151
0.0414692
0.15472
0.286549
0.448544
0.658878
0.904667
1.11169
1.21634
1.1981
1.09972
0.963522
0.804738
0.636276
0.470209
0.316791
0.182799
0.0707644
-0.0212134
-0.0966809
-0.160037
-0.21576
-0.266995
-0.315588
-0.362421
-0.407988
-0.452598
-0.496479
-0.53983
-0.582802
-0.62552
-0.668122
-0.7108
-0.753877
-0.798004
-0.84438
-0.894774
-0.95111
-1.01408
-1.08062
-1.13163
-1.15191
-1.15106
-1.13539
-1.10858
-1.07456
-1.0351
-0.990151
-0.938054
-0.874925
-0.793937
-0.685062
-0.535627
-0.331726
-0.0599846
-1.04324
-0.866824
-0.714921
-0.583598
-0.46949
-0.368111
-0.274422
-0.183395
-0.0904065
0.00854742
0.117043
0.239166
0.38198
0.559926
0.794178
1.06056
1.26533
1.34109
1.27721
1.14277
0.974486
0.788771
0.599742
0.420262
0.260478
0.126068
0.0178297
-0.067608
-0.135335
-0.190625
-0.238142
-0.281111
-0.32147
-0.360329
-0.398444
-0.436376
-0.474576
-0.513432
-0.55326
-0.594306
-0.636749
-0.680738
-0.726482
-0.774474
-0.825781
-0.882163
-0.945751
-1.01775
-1.09577
-1.15343
-1.17078
-1.16695
-1.14927
-1.12225
-1.08916
-1.05125
-1.00801
-0.957192
-0.894284
-0.811243
-0.698247
-0.543383
-0.334055
-0.0586134
-1.00655
-0.828899
-0.674621
-0.540768
-0.423639
-0.318423
-0.21989
-0.122977
-0.0231613
0.0834235
0.200358
0.332208
0.487669
0.684857
0.947998
1.23812
1.44041
1.48362
1.37657
1.20787
1.00904
0.797912
0.589857
0.39851
0.233546
0.0990981
-0.00598886
-0.0865143
-0.148718
-0.198166
-0.23956
-0.276065
-0.309736
-0.341983
-0.373881
-0.406298
-0.439945
-0.475423
-0.51321
-0.553637
-0.596878
-0.642987
-0.692031
-0.744369
-0.801012
-0.863839
-0.935382
-1.01762
-1.11015
-1.18142
-1.19304
-1.18595
-1.16605
-1.13758
-1.10358
-1.0648
-1.02038
-0.967877
-0.902388
-0.816213
-0.699411
-0.540609
-0.328379
-0.0525923
-0.960474
-0.783247
-0.627605
-0.491715
-0.371684
-0.262485
-0.158798
-0.0556127
0.0514463
0.166127
0.292128
0.434765
0.604948
0.82535
1.12304
1.43991
1.63735
1.64325
1.49519
1.29459
1.06813
0.834473
0.610126
0.409063
0.239904
0.104905
0.00109257
-0.0774116
-0.137209
-0.183911
-0.221818
-0.254113
-0.283062
-0.31043
-0.337664
-0.365976
-0.396376
-0.429522
-0.465863
-0.505954
-0.549926
-0.597698
-0.649189
-0.704666
-0.765147
-0.832657
-0.910053
-1.00004
-1.10365
-1.18188
-1.18941
-1.17907
-1.15751
-1.12897
-1.09578
-1.05803
-1.01469
-0.962788
-0.896868
-0.809086
-0.689819
-0.528648
-0.315612
-0.0422781
-0.905127
-0.729759
-0.573595
-0.43602
-0.31309
-0.199671
-0.0904552
0.0194363
0.134177
0.257405
0.393059
0.547529
0.734465
0.982029
1.31909
1.66244
1.84825
1.80478
1.62336
1.39447
1.14485
0.893268
0.65682
0.448869
0.276361
0.139676
0.0345723
-0.0452243
-0.106028
-0.152973
-0.190001
-0.220347
-0.246563
-0.27081
-0.294936
-0.32033
-0.348147
-0.379568
-0.415291
-0.455661
-0.50065
-0.549994
-0.603479
-0.661351
-0.724758
-0.796003
-0.878393
-0.975435
-1.09004
-1.17492
-1.17773
-1.16381
-1.14062
-1.11198
-1.07937
-1.04259
-1.00013
-0.948438
-0.881793
-0.792312
-0.67092
-0.508367
-0.296294
-0.0279537
-0.84062
-0.668309
-0.512279
-0.373212
-0.24724
-0.129246
-0.0140405
0.10296
0.22565
0.357602
0.503181
0.669945
0.874947
1.15224
1.53103
1.89594
2.05726
1.9594
1.74501
1.4923
1.22485
0.960992
0.717305
0.505473
0.330402
0.190992
0.0824728
-0.00113198
-0.0651524
-0.114209
-0.152157
-0.182179
-0.207155
-0.22964
-0.251891
-0.275393
-0.301789
-0.332411
-0.367985
-0.408734
-0.454445
-0.504675
-0.559138
-0.618174
-0.683187
-0.75688
-0.843082
-0.946185
-1.07147
-1.16072
-1.15732
-1.13931
-1.11427
-1.08537
-1.05326
-1.01714
-0.975288
-0.923626
-0.856072
-0.765008
-0.642124
-0.479483
-0.270369
-0.00965935
-0.767168
-0.598783
-0.443315
-0.302747
-0.173423
-0.0503774
0.0711484
0.195334
0.325809
0.466156
0.621009
0.799574
1.02219
1.33025
1.75041
2.12725
2.24436
2.08876
1.84328
1.57126
1.29121
1.02031
0.77342
0.559936
0.382938
0.24045
0.128312
0.0407835
-0.0269472
-0.0787249
-0.118012
-0.148216
-0.172557
-0.193951
-0.215009
-0.237891
-0.263454
-0.293607
-0.329035
-0.369782
-0.415435
-0.465427
-0.519502
-0.578226
-0.643376
-0.718104
-0.806758
-0.914676
-1.05007
-1.13833
-1.12662
-1.10408
-1.07724
-1.04806
-1.01575
-0.980425
-0.938956
-0.887048
-0.818579
-0.726294
-0.602904
-0.441724
-0.237882
0.0126002
-0.68511
-0.521086
-0.366317
-0.224012
-0.0908658
0.0374402
0.165168
0.296084
0.433523
0.580886
0.74347
0.931488
1.17033
1.50879
1.96873
2.34169
2.39193
2.17761
1.9071
1.61995
1.33172
1.05751
0.809669
0.596636
0.418952
0.274362
0.158704
0.0675125
-0.00306904
-0.0564867
-0.0962872
-0.126202
-0.149761
-0.170117
-0.190153
-0.212321
-0.238175
-0.267811
-0.302643
-0.342542
-0.386936
-0.435231
-0.487349
-0.544226
-0.608067
-0.682433
-0.772128
-0.883494
-1.02832
-1.10474
-1.08453
-1.05789
-1.02934
-0.998817
-0.966696
-0.931673
-0.890537
-0.838455
-0.76934
-0.676592
-0.553777
-0.39602
-0.199873
0.0379997
-0.594941
-0.435158
-0.280875
-0.13637
0.000660434
0.133959
0.267242
0.403734
0.54629
0.698428
0.865481
1.06015
1.31194
1.68064
2.17474
2.51952
2.48001
2.22434
1.93651
1.64168
1.35067
1.0761
0.828787
0.614443
0.434542
0.28712
0.168553
0.0750023
0.00300192
-0.050886
-0.0904497
-0.119801
-0.142763
-0.162165
-0.181267
-0.202703
-0.228218
-0.258087
-0.291586
-0.329462
-0.371124
-0.416111
-0.464712
-0.518332
-0.579589
-0.65234
-0.741731
-0.855189
-1.00285
-1.05674
-1.02987
-0.99962
-0.968544
-0.937517
-0.905461
-0.870606
-0.829563
-0.777207
-0.707747
-0.615316
-0.494788
-0.342791
-0.156586
0.0660626
-0.497289
-0.340976
-0.186594
-0.039916
0.100658
0.238181
0.375592
0.515452
0.660452
0.8138
0.981538
1.17701
1.43735
1.83091
2.33968
2.60757
2.50151
2.24305
1.9559
1.66023
1.36782
1.0913
0.8407
0.622338
0.43817
0.286643
0.164609
0.0685316
-0.00498667
-0.0594991
-0.0987235
-0.127435
-0.149742
-0.169064
-0.188561
-0.210103
-0.235105
-0.26455
-0.296676
-0.331299
-0.368752
-0.408964
-0.452744
-0.501992
-0.559675
-0.629787
-0.717672
-0.831953
-0.965716
-0.994684
-0.963269
-0.928759
-0.896302
-0.864471
-0.83254
-0.798021
-0.756979
-0.704556
-0.63533
-0.544205
-0.428101
-0.283564
-0.110125
0.0954148
-0.392865
-0.238563
-0.0839359
0.0646563
0.208044
0.348287
0.487491
0.627782
0.771323
0.920983
1.08171
1.26861
1.50919
1.84454
2.25754
2.50149
2.44062
2.22071
1.95352
1.67045
1.38539
1.11122
0.858766
0.636039
0.446339
0.289135
0.162096
0.0618633
-0.0148782
-0.0715834
-0.112754
-0.143261
-0.16726
-0.18789
-0.208374
-0.231091
-0.257096
-0.285566
-0.316523
-0.346927
-0.379068
-0.413514
-0.451687
-0.495918
-0.549392
-0.616077
-0.701401
-0.811908
-0.906609
-0.920187
-0.884708
-0.848261
-0.813991
-0.781583
-0.749475
-0.714819
-0.67354
-0.620971
-0.55211
-0.464238
-0.353496
-0.219872
-0.0607806
0.125132
-0.282407
-0.128837
0.0262209
0.176257
0.320999
0.461536
0.599329
0.735842
0.872115
1.00862
1.14228
1.28456
1.46523
1.72161
2.0466
2.28213
2.28852
2.13046
1.90031
1.64192
1.37626
1.11692
0.873844
0.655223
0.465395
0.305123
0.173212
0.0674865
-0.0146555
-0.0767023
-0.122933
-0.158209
-0.186385
-0.211069
-0.235407
-0.260784
-0.288283
-0.317459
-0.346722
-0.373412
-0.399956
-0.428425
-0.460918
-0.500083
-0.549114
-0.611812
-0.693437
-0.779261
-0.832446
-0.834053
-0.796736
-0.758899
-0.723715
-0.690577
-0.657979
-0.622619
-0.58062
-0.527751
-0.460933
-0.376453
-0.274114
-0.152172
-0.0106044
0.153698
-0.167366
-0.012931
0.142778
0.293154
0.437019
0.574653
0.706732
0.832809
0.948113
1.05134
1.1508
1.25535
1.38376
1.5647
1.80358
2.01091
2.06481
1.97218
1.79046
1.56434
1.32303
1.08418
0.85821
0.652776
0.47211
0.317295
0.187593
0.0813248
-0.00372083
-0.0706619
-0.123292
-0.165418
-0.200477
-0.231815
-0.26192
-0.292284
-0.32322
-0.353842
-0.382836
-0.406853
-0.428505
-0.451726
-0.479239
-0.51389
-0.558694
-0.616891
-0.677256
-0.720777
-0.751082
-0.74292
-0.703948
-0.665176
-0.628741
-0.594618
-0.560846
-0.523868
-0.481202
-0.42861
-0.363472
-0.284753
-0.191023
-0.0827492
0.038457
0.180732
-0.0489749
0.108139
0.26428
0.413302
0.553204
0.683193
0.801015
0.901691
0.988409
1.065
1.13484
1.20443
1.28701
1.40383
1.56644
1.73094
1.8048
1.76647
1.63661
1.44794
1.23276
1.01464
0.807336
0.618677
0.452108
0.308179
0.186064
0.0842988
0.000908732
-0.0669911
-0.122742
-0.169709
-0.210989
-0.249309
-0.286226
-0.322706
-0.358417
-0.392143
-0.422274
-0.444786
-0.462701
-0.481948
-0.5057
-0.536887
-0.577576
-0.61432
-0.63862
-0.653409
-0.666283
-0.650364
-0.61001
-0.569993
-0.532184
-0.496309
-0.460678
-0.422376
-0.378116
-0.325715
-0.263817
-0.19084
-0.107231
-0.0141234
0.0874238
0.20457
0.071985
0.2332
0.388958
0.533809
0.664998
0.77892
0.871234
0.947208
1.0088
1.05854
1.09966
1.1374
1.18124
1.24652
1.346
1.46181
1.53377
1.53301
1.45176
1.30474
1.11928
0.922276
0.732493
0.560108
0.408614
0.277757
0.166002
0.0715854
-0.00752658
-0.0740318
-0.130754
-0.180476
-0.225899
-0.269404
-0.312295
-0.354744
-0.395523
-0.433033
-0.464695
-0.486727
-0.501894
-0.518506
-0.540132
-0.567434
-0.585871
-0.591174
-0.585504
-0.58265
-0.582327
-0.559849
-0.517945
-0.476299
-0.436511
-0.398386
-0.36026
-0.319323
-0.274001
-0.222742
-0.164013
-0.0981633
-0.0257141
0.0524385
0.138846
0.222727
0.194727
0.360766
0.51441
0.651142
0.765471
0.855262
0.924406
0.975295
1.01057
1.03334
1.04709
1.0564
1.06823
1.09344
1.14341
1.21218
1.27046
1.28906
1.24657
1.14106
0.98938
0.816509
0.644495
0.487144
0.349587
0.231558
0.130827
0.045002
-0.0283614
-0.0919428
-0.148152
-0.199264
-0.247558
-0.295016
-0.342563
-0.390023
-0.435666
-0.476864
-0.510698
-0.532096
-0.545527
-0.561425
-0.578028
-0.583522
-0.573352
-0.54927
-0.529168
-0.51485
-0.503881
-0.475013
-0.430995
-0.387066
-0.344475
-0.302917
-0.261603
-0.218493
-0.1726
-0.12225
-0.0680325
-0.010104
0.0510664
0.119293
0.185137
0.234562
0.318503
0.489205
0.637774
0.759433
0.852138
0.918599
0.961914
0.985691
0.99375
0.989981
0.97824
0.962661
0.948507
0.943386
0.956363
0.987772
1.02614
1.04909
1.03219
0.962718
0.846116
0.701097
0.54943
0.407525
0.282995
0.176679
0.0862875
0.00893197
-0.05837
-0.1184
-0.173315
-0.225022
-0.2754
-0.326018
-0.377462
-0.429212
-0.479133
-0.523818
-0.559831
-0.58003
-0.593683
-0.603477
-0.598282
-0.577442
-0.538877
-0.503277
-0.47415
-0.450939
-0.430721
-0.395999
-0.349358
-0.302258
-0.255805
-0.210921
-0.166747
-0.122006
-0.0753151
-0.0274366
0.0214031
0.0711001
0.12511
0.180131
0.22395
0.239856
0.442714
0.616452
0.754998
0.858053
0.927669
0.967441
0.982307
0.977554
0.958282
0.929149
0.894264
0.857402
0.822589
0.795074
0.782228
0.787681
0.806319
0.823955
0.82009
0.777543
0.693029
0.577472
0.449085
0.324598
0.213556
0.118391
0.0374744
-0.032127
-0.0937646
-0.150288
-0.203718
-0.255706
-0.30778
-0.361126
-0.416031
-0.471577
-0.525196
-0.572961
-0.611154
-0.630196
-0.635708
-0.625626
-0.595559
-0.54887
-0.500896
-0.458633
-0.422672
-0.391896
-0.363419
-0.323163
-0.273348
-0.222187
-0.172207
-0.12418
-0.0777165
-0.0310349
0.0147452
0.0591464
0.10205
0.146134
0.192119
0.231929
0.253631
0.237882
0.566675
0.740345
0.865531
0.94718
0.989773
0.999687
0.984214
0.950428
0.904598
0.851949
0.79666
0.742099
0.691311
0.64912
0.620078
0.607459
0.609903
0.618805
0.618883
0.593671
0.535127
0.447427
0.34366
0.238621
0.142392
0.0587245
-0.0130564
-0.0755004
-0.131977
-0.185254
-0.237237
-0.289388
-0.342931
-0.398718
-0.456737
-0.515659
-0.572523
-0.623249
-0.661703
-0.671028
-0.659695
-0.624894
-0.57124
-0.514624
-0.461837
-0.414781
-0.373496
-0.336144
-0.300266
-0.254789
-0.201178
-0.146246
-0.0932247
-0.0428574
0.00546348
0.0523123
0.0958207
0.135798
0.173498
0.213129
0.248819
0.272536
0.272427
0.298608
0.68986
0.860065
0.968211
1.02398
1.03582
1.0135
0.966819
0.904511
0.833731
0.759986
0.687297
0.618537
0.557453
0.506403
0.468041
0.443924
0.434242
0.43417
0.433078
0.417466
0.377864
0.313928
0.233758
0.148938
0.0686741
-0.00275637
-0.065205
-0.120679
-0.172213
-0.222318
-0.272749
-0.324788
-0.379401
-0.437179
-0.497888
-0.559865
-0.620029
-0.674655
-0.701922
-0.695744
-0.660531
-0.604684
-0.54015
-0.479666
-0.423941
-0.373344
-0.327035
-0.283669
-0.240912
-0.190467
-0.132698
-0.074513
-0.0192322
0.0323282
0.0818913
0.12718
0.167135
0.201831
0.23672
0.269704
0.293553
0.30069
0.318184
0.345261
0.811663
0.974008
1.06001
1.08547
1.06358
1.00773
0.930097
0.840738
0.747314
0.655299
0.568342
0.490579
0.423513
0.367991
0.324447
0.293764
0.276157
0.268554
0.264222
0.25298
0.226021
0.180683
0.121148
0.0556258
-0.00848205
-0.0672206
-0.120017
-0.168404
-0.214861
-0.261517
-0.30993
-0.361211
-0.416142
-0.475215
-0.538186
-0.603416
-0.668039
-0.716892
-0.72614
-0.699414
-0.645665
-0.576336
-0.508267
-0.445178
-0.386899
-0.333183
-0.281973
-0.232715
-0.183534
-0.128191
-0.0666852
-0.00615782
0.0501623
0.102191
0.150839
0.192967
0.228113
0.258967
0.290133
0.314481
0.325343
0.319426
0.368325
0.358623
0.93086
1.07939
1.13782
1.12907
1.07153
0.982074
0.874847
0.760727
0.647478
0.540408
0.444483
0.361637
0.291805
0.234113
0.188353
0.154557
0.132083
0.119174
0.111562
0.101863
0.0828738
0.0512227
0.00852763
-0.0399513
-0.0889109
-0.135208
-0.178284
-0.219394
-0.260413
-0.30304
-0.348623
-0.398157
-0.452408
-0.512138
-0.577589
-0.647072
-0.711614
-0.742147
-0.732963
-0.688007
-0.616854
-0.544186
-0.47411
-0.409043
-0.348506
-0.291729
-0.235751
-0.180865
-0.125941
-0.066187
-0.00191951
0.0595769
0.115331
0.166572
0.212259
0.249678
0.278952
0.30747
0.332547
0.346428
0.343272
0.371082
0.397611
0.336945
1.04537
1.1732
1.19878
1.15289
1.05908
0.937164
0.802639
0.666663
0.537227
0.420415
0.319445
0.234165
0.163124
0.105247
0.0594323
0.0245124
-0.000463346
-0.016556
-0.026593
-0.0358127
-0.0497317
-0.0715903
-0.101174
-0.13555
-0.171226
-0.206046
-0.239727
-0.273446
-0.30859
-0.34646
-0.388252
-0.434982
-0.487741
-0.548097
-0.616482
-0.686188
-0.738626
-0.75156
-0.72124
-0.657311
-0.582466
-0.507991
-0.436437
-0.369574
-0.306734
-0.246842
-0.186163
-0.126105
-0.0663715
-0.00306683
0.0625417
0.123207
0.176804
0.225421
0.266417
0.297818
0.322194
0.347257
0.364007
0.365945
0.369611
0.41114
0.396873
0.286698
1.15261
1.25241
1.24058
1.15592
1.02656
0.87445
0.715672
0.561686
0.421175
0.299228
0.195704
0.109488
0.0390067
-0.0178149
-0.0628475
-0.0976376
-0.123195
-0.140547
-0.151807
-0.16059
-0.170968
-0.185767
-0.205423
-0.228545
-0.253125
-0.277857
-0.302796
-0.329142
-0.357994
-0.390399
-0.427521
-0.470649
-0.521569
-0.582263
-0.650077
-0.714906
-0.748179
-0.73779
-0.687969
-0.616606
-0.540098
-0.464876
-0.392885
-0.32455
-0.25957
-0.19662
-0.131561
-0.0671465
-0.00384497
0.0617336
0.126818
0.184837
0.234821
0.278903
0.313823
0.338432
0.359443
0.378665
0.385166
0.373818
0.408733
0.427978
0.367312
0.215134
1.24958
1.31423
1.26166
1.1381
0.975207
0.796075
0.616741
0.449932
0.303802
0.179335
0.0753201
-0.010123
-0.0793702
-0.134795
-0.178449
-0.212017
-0.236824
-0.254056
-0.265356
-0.27324
-0.280645
-0.289958
-0.302041
-0.316363
-0.331905
-0.34808
-0.365163
-0.384321
-0.406603
-0.433004
-0.464835
-0.503728
-0.551527
-0.610022
-0.675751
-0.725445
-0.734856
-0.701678
-0.639422
-0.565764
-0.489122
-0.414224
-0.342448
-0.272983
-0.205913
-0.140058
-0.0711972
-0.0035576
0.0618062
0.127903
0.190489
0.244019
0.28917
0.327283
0.355344
0.373647
0.391712
0.402598
0.397088
0.397661
0.436374
0.41786
0.31397
0.129119
1.33308
1.35635
1.2613
1.10025
0.907003
0.704305
0.509439
0.336406
0.187969
0.0632997
-0.0398633
-0.123885
-0.19128
-0.244615
-0.28618
-0.317885
-0.341212
-0.357373
-0.367718
-0.374091
-0.378672
-0.3834
-0.389316
-0.396531
-0.404738
-0.413803
-0.424069
-0.436533
-0.452208
-0.47215
-0.497876
-0.53117
-0.574971
-0.63104
-0.688866
-0.714395
-0.697331
-0.646539
-0.580518
-0.506537
-0.430577
-0.356607
-0.285175
-0.214526
-0.145331
-0.0767769
-0.00502051
0.0644771
0.130215
0.19478
0.252871
0.300352
0.339552
0.371255
0.392451
0.405925
0.418988
0.419166
0.399239
0.426547
0.441691
0.38209
0.242626
0.0339058
1.39998
1.37718
1.23975
1.04404
0.824458
0.602309
0.399664
0.224352
0.0761281
-0.0471157
-0.148065
-0.229619
-0.294601
-0.345631
-0.384984
-0.41457
-0.435914
-0.450254
-0.458803
-0.463025
-0.464634
-0.465239
-0.465922
-0.467157
-0.469082
-0.471875
-0.475968
-0.48217
-0.491359
-0.504756
-0.524276
-0.552575
-0.592249
-0.64544
-0.68276
-0.677957
-0.639101
-0.582243
-0.51448
-0.440976
-0.366243
-0.29312
-0.221631
-0.149436
-0.0780034
-0.00701163
0.0666052
0.136568
0.201003
0.262096
0.314162
0.354578
0.387576
0.412584
0.427241
0.436426
0.440167
0.425908
0.41536
0.441807
0.421831
0.325489
0.158557
-0.0665398
1.44756
1.37605
1.19811
0.971712
0.727657
0.494888
0.290359
0.116151
-0.0295067
-0.149558
-0.2473
-0.325859
-0.388134
-0.436683
-0.473665
-0.500893
-0.51988
-0.531881
-0.538035
-0.539606
-0.53805
-0.534774
-0.530852
-0.526951
-0.523468
-0.520783
-0.519363
-0.519836
-0.523229
-0.530961
-0.544727
-0.568049
-0.607668
-0.646857
-0.650761
-0.62233
-0.574657
-0.513825
-0.444947
-0.372209
-0.298287
-0.225261
-0.152947
-0.078778
-0.0051127
0.0678347
0.142277
0.211343
0.272984
0.329228
0.374668
0.408156
0.434846
0.452641
0.459884
0.461595
0.451231
0.419752
0.430254
0.435142
0.38032
0.253089
0.0666627
-0.169057
1.47384
1.35328
1.13823
0.882666
0.621322
0.386069
0.18372
0.0134628
-0.127614
-0.243029
-0.336443
-0.411187
-0.470196
-0.515956
-0.550451
-0.575262
-0.591808
-0.60131
-0.604843
-0.603571
-0.598827
-0.591947
-0.584019
-0.575794
-0.567835
-0.560656
-0.554556
-0.550025
-0.548233
-0.550932
-0.561317
-0.58265
-0.611629
-0.622243
-0.603542
-0.563548
-0.50934
-0.445167
-0.375417
-0.302761
-0.228658
-0.154685
-0.0806514
-0.0041718
0.0715797
0.145897
0.219817
0.286543
0.344263
0.394236
0.433079
0.459577
0.478651
0.487956
0.485427
0.474978
0.448388
0.425834
0.43224
0.409153
0.320891
0.170034
-0.0291509
-0.271336
1.47783
1.31007
1.06148
0.779741
0.511909
0.279028
0.0819716
-0.0820348
-0.216801
-0.326387
-0.41468
-0.485086
-0.540467
-0.583141
-0.614947
-0.637306
-0.651468
-0.658558
-0.659614
-0.655794
-0.648377
-0.638593
-0.627448
-0.615697
-0.604007
-0.592934
-0.582914
-0.574818
-0.569026
-0.567694
-0.57501
-0.587915
-0.593951
-0.58776
-0.55485
-0.505386
-0.44548
-0.378496
-0.307199
-0.233673
-0.158304
-0.0823977
-0.00598486
0.0727301
0.150064
0.224554
0.296618
0.359777
0.411684
0.455508
0.487031
0.504385
0.515244
0.515041
0.500963
0.475408
0.433908
0.426018
0.41823
0.363847
0.247824
0.080828
-0.125817
-0.371496
1.45962
1.24804
0.964334
0.667391
0.402326
0.176009
-0.0132868
-0.169402
-0.296717
-0.399642
-0.482191
-0.547785
-0.599211
-0.638642
-0.667725
-0.687747
-0.699768
-0.704808
-0.703936
-0.698214
-0.688736
-0.676672
-0.66309
-0.648824
-0.634551
-0.620321
-0.606774
-0.594778
-0.584411
-0.582455
-0.583888
-0.578696
-0.570026
-0.549021
-0.505356
-0.448334
-0.383812
-0.313896
-0.240515
-0.165176
-0.0876371
-0.00925911
0.0694513
0.149823
0.227765
0.301363
0.370113
0.427932
0.47437
0.511032
0.532318
0.541326
0.542548
0.529058
0.501314
0.460315
0.429493
0.41838
0.386796
0.302309
0.165918
-0.0108641
-0.221048
-0.467958
1.41989
1.16573
0.852899
0.554062
0.296016
0.0787964
-0.10113
-0.248335
-0.36759
-0.46347
-0.540015
-0.600627
-0.647998
-0.684164
-0.710615
-0.728502
-0.738726
-0.742288
-0.740094
-0.732981
-0.722148
-0.708793
-0.693646
-0.677057
-0.660107
-0.642487
-0.625072
-0.610827
-0.604077
-0.595125
-0.579697
-0.562173
-0.539138
-0.506483
-0.454533
-0.392017
-0.323552
-0.250765
-0.174893
-0.0971612
-0.0171464
0.0637182
0.144448
0.225985
0.303829
0.374551
0.439009
0.49097
0.530428
0.55742
0.5683
0.568056
0.558575
0.529938
0.488209
0.444811
0.418633
0.396787
0.337317
0.22899
0.079616
-0.102012
-0.312848
-0.558965
1.35831
1.06106
0.734743
0.443045
0.19512
-0.011489
-0.181232
-0.319149
-0.430243
-0.519135
-0.589801
-0.64558
-0.689054
-0.722113
-0.746126
-0.762102
-0.770869
-0.773372
-0.770126
-0.762148
-0.750743
-0.735964
-0.719008
-0.700301
-0.679775
-0.660339
-0.644068
-0.63289
-0.615509
-0.591773
-0.566099
-0.535634
-0.501863
-0.459887
-0.401871
-0.334977
-0.263139
-0.18753
-0.108945
-0.0285698
0.0539732
0.13722
0.219599
0.301353
0.376356
0.443478
0.502915
0.54713
0.576508
0.593644
0.593756
0.58338
0.558192
0.515793
0.46489
0.426705
0.40198
0.3585
0.273764
0.149011
-0.00737324
-0.190298
-0.399545
-0.642557
1.27442
0.943932
0.618684
0.337404
0.101084
-0.0942294
-0.253607
-0.382388
-0.48567
-0.568016
-0.633274
-0.684647
-0.724584
-0.75484
-0.776644
-0.790876
-0.798396
-0.799764
-0.795495
-0.787034
-0.774034
-0.757938
-0.738453
-0.717419
-0.697659
-0.682405
-0.662052
-0.637403
-0.608672
-0.575456
-0.538337
-0.499006
-0.456434
-0.40747
-0.344907
-0.274594
-0.199887
-0.121697
-0.0405635
0.0423112
0.127168
0.211996
0.294442
0.374052
0.44539
0.507953
0.55998
0.593047
0.613431
0.618376
0.607888
0.585035
0.543443
0.489188
0.440425
0.408078
0.371205
0.304419
0.200796
0.0664314
-0.0924759
-0.274111
-0.479734
-0.716299
1.16872
0.823248
0.507505
0.238615
0.0146185
-0.16928
-0.318566
-0.438731
-0.534857
-0.611364
-0.671902
-0.719471
-0.756353
-0.784148
-0.803922
-0.816443
-0.82252
-0.822292
-0.816941
-0.806447
-0.791802
-0.773053
-0.752971
-0.735873
-0.712203
-0.686734
-0.655219
-0.621313
-0.582406
-0.539937
-0.495442
-0.448862
-0.399972
-0.346075
-0.280377
-0.207715
-0.130907
-0.0507127
0.0324165
0.117036
0.202951
0.287231
0.367923
0.444206
0.510715
0.567096
0.606712
0.629807
0.639504
0.631808
0.609272
0.569292
0.514715
0.458546
0.41605
0.379881
0.324901
0.238664
0.122982
-0.0156479
-0.173889
-0.352247
-0.552081
-0.776787
1.05149
0.706235
0.403024
0.147451
-0.0640431
-0.236819
-0.376605
-0.488922
-0.57873
-0.650238
-0.706836
-0.751249
-0.785555
-0.811173
-0.828931
-0.839657
-0.843615
-0.84125
-0.833528
-0.820368
-0.80435
-0.782916
-0.757268
-0.728473
-0.695611
-0.660077
-0.620258
-0.576721
-0.530502
-0.482242
-0.432666
-0.381724
-0.329365
-0.272615
-0.205457
-0.131802
-0.0540558
0.026995
0.110811
0.195452
0.280365
0.362678
0.44041
0.511469
0.571411
0.615935
0.644298
0.657647
0.653617
0.633442
0.595324
0.540055
0.479272
0.427569
0.387265
0.338945
0.266063
0.166081
0.0440942
-0.0949731
-0.250321
-0.423721
-0.615166
-0.824502
0.931365
0.595293
0.306037
0.064144
-0.13504
-0.297259
-0.428336
-0.533702
-0.61811
-0.685487
-0.738921
-0.780794
-0.812967
-0.836529
-0.852152
-0.860556
-0.861452
-0.856717
-0.842693
-0.82376
-0.794112
-0.760851
-0.725018
-0.686949
-0.645322
-0.601387
-0.555054
-0.506795
-0.457148
-0.406402
-0.354839
-0.302442
-0.248549
-0.190418
-0.122888
-0.049199
0.0284847
0.109263
0.192254
0.275591
0.358406
0.437401
0.510359
0.574042
0.622666
0.655637
0.673369
0.674436
0.656551
0.62188
0.567389
0.502248
0.443109
0.396595
0.34986
0.286343
0.199128
0.0908774
-0.033138
-0.170055
-0.320912
-0.487755
-0.667322
-0.860731
0.813692
0.490997
0.216673
-0.0114748
-0.19878
-0.351175
-0.474433
-0.573783
-0.653693
-0.717765
-0.768755
-0.808696
-0.839172
-0.861001
-0.875031
-0.879825
-0.875631
-0.861055
-0.835284
-0.801447
-0.763547
-0.722507
-0.679597
-0.634921
-0.588118
-0.539851
-0.489962
-0.438944
-0.387014
-0.334308
-0.280887
-0.226384
-0.170037
-0.10965
-0.0409699
0.0332426
0.111046
0.19146
0.273485
0.355003
0.434642
0.508985
0.574116
0.6266
0.664821
0.686605
0.69324
0.679164
0.646099
0.595833
0.528524
0.462769
0.4096
0.361173
0.302763
0.225303
0.12831
0.0162035
-0.106903
-0.239966
-0.385106
-0.543723
-0.708268
-0.886699
0.700582
0.393628
0.134779
-0.0797946
-0.255799
-0.399167
-0.515484
-0.609687
-0.685894
-0.747389
-0.796586
-0.834086
-0.861073
-0.878094
-0.886339
-0.883266
-0.869184
-0.841009
-0.805201
-0.764607
-0.721483
-0.676109
-0.629264
-0.580949
-0.530906
-0.479649
-0.427235
-0.373959
-0.319911
-0.265035
-0.209171
-0.151842
-0.0925806
-0.0296698
0.0403532
0.115282
0.193196
0.272983
0.353386
0.432154
0.506789
0.572948
0.6282
0.671204
0.698165
0.708579
0.700654
0.670673
0.624416
0.55811
0.487705
0.427724
0.375465
0.318786
0.247763
0.159626
0.0570339
-0.0557492
-0.176061
-0.304163
-0.442566
-0.591066
-0.740442
-0.902027
0.593038
0.303292
0.0601141
-0.141219
-0.306534
-0.441592
-0.55164
-0.641237
-0.712761
-0.7697
-0.813826
-0.84655
-0.868258
-0.878944
-0.878598
-0.865533
-0.84052
-0.804538
-0.762875
-0.718704
-0.67231
-0.624171
-0.574656
-0.523858
-0.471774
-0.418541
-0.364279
-0.309113
-0.25304
-0.195908
-0.137377
-0.0773205
-0.0153594
0.0498627
0.121073
0.196395
0.273916
0.352367
0.429909
0.503259
0.570014
0.627945
0.674144
0.706743
0.722231
0.718408
0.694393
0.653191
0.590132
0.517549
0.452377
0.39505
0.337318
0.269764
0.187915
0.0927609
-0.0121657
-0.123531
-0.239909
-0.362322
-0.493067
-0.629151
-0.764342
-0.909903
0.491484
0.219881
-0.00758951
-0.196006
-0.351
-0.477136
-0.579122
-0.661296
-0.726868
-0.778336
-0.817053
-0.843947
-0.858617
-0.861736
-0.852756
-0.832521
-0.799504
-0.758505
-0.713594
-0.666723
-0.618208
-0.56805
-0.516658
-0.464238
-0.410538
-0.35575
-0.299931
-0.243146
-0.185288
-0.12602
-0.0652323
-0.00298691
0.0611156
0.128047
0.199872
0.274916
0.351088
0.426342
0.498174
0.565034
0.624742
0.674194
0.710885
0.73126
0.731689
0.71473
0.679403
0.623063
0.551285
0.483429
0.421525
0.360894
0.294122
0.216189
0.126478
0.027519
-0.0774619
-0.186152
-0.297974
-0.41423
-0.536475
-0.659849
-0.780626
-0.909656
0.396108
0.143264
-0.0683709
-0.242833
-0.38539
-0.501129
-0.59455
-0.669377
-0.728327
-0.77344
-0.805573
-0.825673
-0.833603
-0.83025
-0.814576
-0.787601
-0.749128
-0.704433
-0.657632
-0.609331
-0.559368
-0.507794
-0.455171
-0.401443
-0.346576
-0.290616
-0.233706
-0.175787
-0.116566
-0.0557766
0.00637853
0.0700002
0.135355
0.203059
0.274598
0.34786
0.420287
0.490674
0.55734
0.617745
0.669765
0.709393
0.732262
0.739372
0.729537
0.697842
0.650204
0.585873
0.517964
0.45372
0.390281
0.322717
0.246715
0.160814
0.066341
-0.0339714
-0.13758
-0.242959
-0.349977
-0.459831
-0.572967
-0.683532
-0.789469
-0.900654
0.307066
0.0740362
-0.119907
-0.279391
-0.409406
-0.514614
-0.599051
-0.665981
-0.717735
-0.756113
-0.781842
-0.795786
-0.797708
-0.788172
-0.767016
-0.733868
-0.691496
-0.644649
-0.596522
-0.546962
-0.496124
-0.443877
-0.39027
-0.335677
-0.280007
-0.223418
-0.166027
-0.107592
-0.0476699
0.0135176
0.0760074
0.139889
0.205285
0.272415
0.341502
0.41117
0.479773
0.545413
0.606199
0.658713
0.698844
0.726013
0.738425
0.729243
0.704929
0.667128
0.615135
0.552123
0.488265
0.423831
0.355562
0.280556
0.197334
0.106419
0.00974426
-0.0903141
-0.191835
-0.293754
-0.396047
-0.499528
-0.603002
-0.700268
-0.791656
-0.884171
0.224989
0.0131298
-0.162732
-0.307025
-0.424385
-0.519009
-0.594422
-0.653473
-0.698051
-0.729615
-0.748893
-0.756422
-0.752393
-0.736917
-0.710299
-0.67216
-0.62686
-0.579284
-0.530291
-0.480151
-0.428897
-0.376426
-0.322427
-0.26746
-0.211594
-0.155099
-0.0979799
-0.0395848
0.0198164
0.0802257
0.141784
0.204536
0.268261
0.332473
0.398412
0.464408
0.528436
0.587951
0.638975
0.680385
0.70955
0.719093
0.715737
0.70036
0.672941
0.633625
0.580368
0.520586
0.45747
0.390139
0.316669
0.23607
0.148482
0.0551833
-0.0419398
-0.140927
-0.240233
-0.338937
-0.436848
-0.534099
-0.627798
-0.710844
-0.789148
-0.862472
0.149971
-0.0404721
-0.198385
-0.327775
-0.432727
-0.516803
-0.58297
-0.633684
-0.670484
-0.694691
-0.707104
-0.707976
-0.698095
-0.676966
-0.645302
-0.603797
-0.557229
-0.509347
-0.460228
-0.40999
-0.358836
-0.306733
-0.252881
-0.198232
-0.14301
-0.0874036
-0.0309894
0.0262447
0.0840208
0.142481
0.201751
0.261484
0.321759
0.382796
0.444671
0.505653
0.561917
0.611838
0.652108
0.677178
0.691306
0.694097
0.686255
0.668222
0.639282
0.597457
0.544481
0.485782
0.421733
0.351779
0.275147
0.19185
0.102637
0.00889202
-0.0877085
-0.185443
-0.28284
-0.378819
-0.472757
-0.563819
-0.647116
-0.717569
-0.781778
-0.834858
0.080903
-0.0881999
-0.228302
-0.342806
-0.435135
-0.508233
-0.564601
-0.606341
-0.634845
-0.651251
-0.656564
-0.650868
-0.635258
-0.609531
-0.573822
-0.530585
-0.484015
-0.436608
-0.388099
-0.338408
-0.28806
-0.236945
-0.183905
-0.130417
-0.0767216
-0.0224962
0.0324648
0.0876424
0.142931
0.198368
0.253657
0.309447
0.365568
0.42185
0.477322
0.530007
0.577452
0.614105
0.64198
0.659907
0.667645
0.66533
0.653047
0.631106
0.598803
0.554581
0.502542
0.44478
0.381101
0.311153
0.234609
0.151732
0.0633081
-0.029422
-0.124936
-0.221522
-0.317475
-0.411236
-0.501303
-0.584345
-0.656001
-0.715026
-0.762385
-0.796635
0.0177622
-0.12977
-0.25189
-0.351267
-0.430635
-0.492343
-0.538456
-0.57081
-0.590733
-0.599242
-0.597538
-0.585918
-0.565378
-0.536089
-0.49832
-0.455156
-0.409857
-0.363934
-0.316935
-0.268665
-0.22
-0.170468
-0.119019
-0.0675285
-0.015919
0.036603
0.0893433
0.142107
0.19448
0.245877
0.297041
0.347892
0.398238
0.446973
0.494721
0.537921
0.57557
0.605837
0.62632
0.636408
0.636072
0.626319
0.607793
0.581272
0.546112
0.502278
0.453149
0.398905
0.339011
0.27295
0.200321
0.121193
0.0360911
-0.0540029
-0.147674
-0.243063
-0.337964
-0.428516
-0.512456
-0.586377
-0.647625
-0.69531
-0.728654
-0.747466
-0.0377598
-0.163307
-0.267208
-0.351258
-0.417422
-0.467481
-0.503112
-0.526017
-0.537478
-0.538601
-0.53068
-0.514407
-0.490523
-0.459664
-0.422301
-0.381522
-0.338852
-0.295699
-0.251307
-0.205581
-0.159588
-0.112214
-0.0632085
-0.0142053
0.0353427
0.0856798
0.136131
0.186335
0.235668
0.284135
0.331101
0.375772
0.418154
0.459141
0.498878
0.536402
0.566669
0.587142
0.596198
0.594743
0.584118
0.566311
0.542509
0.513739
0.479287
0.440175
0.397569
0.350822
0.298987
0.241173
0.176625
0.10497
0.0262554
-0.0589796
-0.149593
-0.243642
-0.336358
-0.423351
-0.500886
-0.567291
-0.620142
-0.657603
-0.680389
-0.688139
-0.0818152
-0.184897
-0.270379
-0.338968
-0.391804
-0.430216
-0.455606
-0.469663
-0.473643
-0.468899
-0.456697
-0.438064
-0.41361
-0.384254
-0.350262
-0.314223
-0.276149
-0.237596
-0.197399
-0.155681
-0.11347
-0.0691565
-0.0232258
0.0229819
0.0705174
0.118816
0.166965
0.214873
0.262178
0.307844
0.350828
0.39016
0.425502
0.460468
0.493761
0.520223
0.53573
0.539812
0.533362
0.519005
0.499075
0.475802
0.450358
0.423443
0.394646
0.364341
0.332186
0.297062
0.257636
0.212582
0.160642
0.1008
0.0323179
-0.0451694
-0.131447
-0.224729
-0.31571
-0.398079
-0.469903
-0.529241
-0.573589
-0.601932
-0.617219
-0.619103
