0.549458
0.493966
0.427162
0.358623
0.292318
0.229325
0.16967
0.113198
0.0598314
0.00956938
-0.0375746
-0.081633
-0.122714
-0.161
-0.196732
-0.230181
-0.261623
-0.291325
-0.319536
-0.346478
-0.372349
-0.397322
-0.421548
-0.445157
-0.468257
-0.49088
-0.512666
-0.533455
-0.553524
-0.57321
-0.592837
-0.612731
-0.633255
-0.65486
-0.678124
-0.703779
-0.732677
-0.765628
-0.803007
-0.844011
-0.885477
-0.920395
-0.936728
-0.917907
-0.846786
-0.713796
-0.525519
-0.306445
-0.088908
0.101459
0.252973
0.365826
0.443801
0.484531
0.499463
0.496103
0.47892
0.451685
0.412116
0.358978
0.29306
0.21462
0.12484
0.0257349
0.507946
0.409073
0.316116
0.235857
0.167631
0.108055
0.0538125
0.00266086
-0.0465459
-0.0941813
-0.140199
-0.184406
-0.226632
-0.26681
-0.304991
-0.341322
-0.376015
-0.409313
-0.441469
-0.472728
-0.503314
-0.533425
-0.563223
-0.592832
-0.622323
-0.651517
-0.679225
-0.705356
-0.730536
-0.755332
-0.780212
-0.805578
-0.831815
-0.859345
-0.888664
-0.920349
-0.95499
-0.992966
-1.03399
-1.07627
-1.11535
-1.14272
-1.14523
-1.10649
-1.01181
-0.855903
-0.648939
-0.415594
-0.185962
0.01512
0.173862
0.288367
0.368324
0.420574
0.454605
0.476122
0.488003
0.491147
0.477858
0.443199
0.385047
0.299967
0.184876
0.0363344
0.41718
0.262129
0.134941
0.038839
-0.0321425
-0.0865228
-0.131589
-0.172207
-0.211037
-0.24921
-0.28697
-0.324168
-0.360565
-0.395994
-0.430416
-0.463917
-0.49667
-0.528905
-0.560875
-0.592827
-0.62499
-0.657548
-0.690624
-0.724274
-0.758439
-0.792185
-0.823814
-0.853708
-0.882793
-0.91183
-0.941421
-0.972049
-1.00413
-1.03805
-1.07424
-1.11307
-1.1548
-1.19922
-1.24517
-1.28963
-1.32663
-1.34634
-1.33507
-1.27761
-1.16217
-0.986898
-0.763478
-0.515615
-0.271755
-0.0565402
0.114345
0.237554
0.321101
0.37852
0.421192
0.45538
0.483456
0.504236
0.505389
0.479162
0.42035
0.321534
0.175544
-0.026538
0.29244
0.073617
-0.091239
-0.203857
-0.276388
-0.322998
-0.355323
-0.381193
-0.405088
-0.429146
-0.454107
-0.480015
-0.506664
-0.53385
-0.561472
-0.589554
-0.618222
-0.647665
-0.678093
-0.709708
-0.742686
-0.77713
-0.813029
-0.850277
-0.888494
-0.925394
-0.959747
-0.992456
-1.02462
-1.05715
-1.09074
-1.12595
-1.16321
-1.20292
-1.24536
-1.29067
-1.33864
-1.38832
-1.43749
-1.48178
-1.51392
-1.52318
-1.49611
-1.41919
-1.28328
-1.08882
-0.848433
-0.585476
-0.328358
-0.101919
0.0780776
0.209337
0.297221
0.357614
0.40383
0.443235
0.478724
0.50654
0.511785
0.484779
0.417006
0.29728
0.115341
-0.142837
0.148976
-0.136078
-0.338347
-0.466091
-0.538411
-0.575302
-0.592787
-0.601745
-0.60861
-0.616652
-0.627187
-0.640492
-0.656405
-0.674676
-0.695127
-0.717702
-0.742449
-0.769476
-0.798901
-0.830816
-0.865279
-0.902226
-0.941398
-0.982391
-1.02409
-1.06296
-1.09904
-1.13358
-1.16775
-1.20255
-1.23874
-1.27695
-1.31766
-1.36118
-1.40765
-1.45685
-1.50799
-1.55929
-1.60747
-1.64706
-1.66989
-1.66484
-1.61901
-1.52029
-1.36147
-1.14505
-0.885649
-0.607961
-0.34167
-0.110132
0.0740127
0.207456
0.297035
0.35814
0.404314
0.443511
0.479678
0.505363
0.505852
0.469885
0.385739
0.23923
0.0177731
-0.297214
0.000660662
-0.348511
-0.585197
-0.725778
-0.796779
-0.823757
-0.826703
-0.819294
-0.809836
-0.802729
-0.79987
-0.801753
-0.808236
-0.818994
-0.833751
-0.852346
-0.87472
-0.900858
-0.930729
-0.964246
-1.00129
-1.04155
-1.08437
-1.12885
-1.17207
-1.2115
-1.24793
-1.28266
-1.31693
-1.3518
-1.38816
-1.42671
-1.46795
-1.51215
-1.55918
-1.60841
-1.65845
-1.70672
-1.74914
-1.77938
-1.78863
-1.76536
-1.69668
-1.5713
-1.38389
-1.13991
-0.858238
-0.566051
-0.291723
-0.0603998
0.11799
0.245816
0.331301
0.388635
0.430092
0.46398
0.494377
0.510075
0.498654
0.447145
0.341018
0.162803
-0.100719
-0.471722
-0.14177
-0.549514
-0.815941
-0.966921
-1.0365
-1.05515
-1.04607
-1.02517
-1.00237
-0.983081
-0.96977
-0.963129
-0.963002
-0.968957
-0.980577
-0.997561
-1.0197
-1.0468
-1.0786
-1.11478
-1.155
-1.1986
-1.24435
-1.29056
-1.33264
-1.37008
-1.40411
-1.43607
-1.46728
-1.49894
-1.53213
-1.56766
-1.60606
-1.64752
-1.69162
-1.73729
-1.78257
-1.82421
-1.85744
-1.87503
-1.86708
-1.82097
-1.72301
-1.56248
-1.33644
-1.05353
-0.738457
-0.430977
-0.160836
0.0548557
0.214367
0.325364
0.398374
0.445509
0.476646
0.500045
0.516282
0.51772
0.490689
0.420337
0.28805
0.0742861
-0.231546
-0.655056
-0.271304
-0.730024
-1.02078
-1.17986
-1.24855
-1.26139
-1.2439
-1.21356
-1.18151
-1.15406
-1.13419
-1.12277
-1.11959
-1.12403
-1.13547
-1.15337
-1.17729
-1.20677
-1.24126
-1.28009
-1.32276
-1.36816
-1.41426
-1.45754
-1.49474
-1.52661
-1.5545
-1.57994
-1.60447
-1.62959
-1.65662
-1.68653
-1.71985
-1.7566
-1.79603
-1.83656
-1.87569
-1.90936
-1.93181
-1.93431
-1.90501
-1.82904
-1.69063
-1.47654
-1.19203
-0.863691
-0.528117
-0.226102
0.0181447
0.200207
0.32853
0.415218
0.470861
0.503877
0.521729
0.532298
0.531598
0.517468
0.473995
0.382248
0.219887
-0.0299502
-0.374303
-0.845265
-0.384246
-0.885539
-1.19517
-1.36021
-1.42856
-1.43797
-1.41544
-1.37947
-1.34208
-1.31032
-1.28764
-1.27504
-1.27221
-1.27821
-1.29205
-1.31282
-1.33972
-1.37192
-1.40849
-1.4484
-1.49099
-1.53469
-1.57656
-1.61163
-1.63958
-1.66174
-1.67982
-1.69567
-1.71123
-1.72833
-1.74852
-1.77276
-1.80145
-1.83432
-1.87003
-1.90642
-1.94004
-1.96578
-1.97616
-1.95977
-1.90069
-1.77744
-1.57722
-1.29792
-0.958092
-0.597906
-0.263587
0.00853827
0.208532
0.346722
0.439325
0.500054
0.536561
0.553335
0.556857
0.551238
0.534891
0.50637
0.445443
0.328631
0.135289
-0.147966
-0.525626
-1.03852
-0.47935
-1.0149
-1.3383
-1.50724
-1.57543
-1.5829
-1.55756
-1.5185
-1.4784
-1.44497
-1.42206
-1.4108
-1.41062
-1.42015
-1.43786
-1.46227
-1.49209
-1.526
-1.56264
-1.60061
-1.63923
-1.67647
-1.70803
-1.73095
-1.74664
-1.75698
-1.76413
-1.77037
-1.77797
-1.78894
-1.80485
-1.8264
-1.85356
-1.88549
-1.91999
-1.95413
-1.98304
-1.99944
-1.99247
-1.94322
-1.836
-1.65187
-1.381
-1.0339
-0.646431
-0.273255
0.0351195
0.256406
0.400064
0.489542
0.545468
0.579808
0.595302
0.594247
0.582271
0.557897
0.529411
0.486884
0.405343
0.261893
0.0385303
-0.274352
-0.680652
-1.22824
-0.556897
-1.11896
-1.45157
-1.62238
-1.69001
-1.69606
-1.66881
-1.62771
-1.58598
-1.5519
-1.52974
-1.52069
-1.52389
-1.53744
-1.55909
-1.58671
-1.61833
-1.65212
-1.68623
-1.71895
-1.74978
-1.77656
-1.79443
-1.80403
-1.80755
-1.80737
-1.80604
-1.80609
-1.80975
-1.81903
-1.83514
-1.85807
-1.88736
-1.92122
-1.95633
-1.9878
-2.00839
-2.00402
-1.96469
-1.87116
-1.7039
-1.44583
-1.09622
-0.682244
-0.261102
0.098568
0.354647
0.50806
0.587677
0.627072
0.646895
0.652581
0.644179
0.624181
0.59175
0.555246
0.517075
0.45867
0.35449
0.184177
-0.0669882
-0.404945
-0.83508
-1.40952
-0.61797
-1.19957
-1.53737
-1.708
-1.77417
-1.77854
-1.74943
-1.7064
-1.66309
-1.62831
-1.60672
-1.59959
-1.60581
-1.62287
-1.64779
-1.67764
-1.70977
-1.74172
-1.77117
-1.79621
-1.8168
-1.83112
-1.83629
-1.83498
-1.82978
-1.8234
-1.81846
-1.81721
-1.82177
-1.83393
-1.85409
-1.88157
-1.9145
-1.95002
-1.98131
-1.99995
-1.99947
-1.96589
-1.88446
-1.73399
-1.49297
-1.149
-0.715534
-0.244341
0.182944
0.496931
0.678049
0.753052
0.768033
0.759852
0.741789
0.715932
0.683094
0.639929
0.591689
0.548104
0.49939
0.422396
0.294392
0.0981162
-0.177621
-0.535699
-0.985011
-1.57591
-0.66396
-1.25885
-1.59827
-1.76665
-1.8301
-1.83208
-1.80082
-1.75581
-1.7109
-1.67535
-1.65416
-1.64872
-1.65765
-1.6779
-1.70571
-1.7373
-1.76925
-1.79847
-1.82227
-1.83866
-1.84881
-1.85193
-1.848
-1.83992
-1.83083
-1.8233
-1.81953
-1.82124
-1.83033
-1.8473
-1.87217
-1.9027
-1.93248
-1.95993
-1.97767
-1.977
-1.9484
-1.8767
-1.74287
-1.52205
-1.19323
-0.75425
-0.242632
0.257974
0.653464
0.891785
0.983846
0.981662
0.938329
0.882875
0.824674
0.767188
0.705447
0.641403
0.586958
0.537424
0.47499
0.377547
0.225614
0.00533161
-0.291026
-0.664421
-1.12891
-1.72168
-0.696302
-1.29883
-1.63672
-1.80078
-1.86007
-1.85879
-1.82511
-1.77835
-1.73245
-1.69687
-1.67689
-1.67395
-1.68639
-1.71052
-1.74171
-1.77527
-1.80694
-1.83308
-1.85076
-1.85807
-1.85992
-1.85582
-1.84745
-1.83752
-1.82898
-1.8235
-1.82261
-1.82786
-1.83864
-1.85427
-1.87567
-1.89977
-1.92153
-1.9363
-1.93627
-1.91156
-1.84947
-1.73112
-1.53232
-1.22656
-0.798677
-0.266884
0.296503
0.783724
1.10841
1.25044
1.2555
1.18703
1.08961
0.986921
0.890038
0.796052
0.708571
0.63798
0.579965
0.521526
0.442584
0.323625
0.148632
-0.092873
-0.405786
-0.791377
-1.26471
-1.84028
-0.716345
-1.32139
-1.6549
-1.8128
-1.86653
-1.86118
-1.82501
-1.77727
-1.7318
-1.69814
-1.68159
-1.68343
-1.7015
-1.73124
-1.767
-1.80312
-1.8346
-1.85755
-1.86857
-1.86743
-1.86381
-1.85719
-1.84702
-1.83562
-1.821
-1.8086
-1.80084
-1.79975
-1.80595
-1.81911
-1.83764
-1.85747
-1.87241
-1.87546
-1.85673
-1.80373
-1.70013
-1.52305
-1.24511
-0.842414
-0.314526
0.287482
0.858042
1.28423
1.50795
1.55336
1.4855
1.35856
1.20988
1.06375
0.923506
0.801151
0.706136
0.6327
0.569485
0.498219
0.400649
0.260118
0.0640322
-0.195061
-0.520038
-0.913503
-1.38952
-1.93211
-0.7253
-1.32817
-1.65489
-1.80513
-1.85233
-1.84247
-1.80418
-1.75682
-1.71421
-1.68571
-1.67624
-1.68637
-1.71286
-1.7499
-1.79056
-1.82812
-1.85677
-1.87075
-1.86566
-1.84082
-1.81758
-1.79052
-1.76372
-1.74051
-1.72305
-1.71266
-1.71026
-1.71666
-1.7311
-1.7514
-1.77378
-1.79238
-1.79957
-1.78657
-1.74198
-1.65122
-1.49445
-1.24546
-0.876785
-0.373644
0.23728
0.867091
1.39177
1.71676
1.83375
1.79749
1.66611
1.48511
1.29062
1.09669
0.928775
0.798847
0.701038
0.62498
0.55188
0.46489
0.347766
0.186844
-0.0272454
-0.29953
-0.631792
-1.02852
-1.49864
-1.99672
-0.724054
-1.32003
-1.63747
-1.77847
-1.81779
-1.80193
-1.75961
-1.71004
-1.66682
-1.63896
-1.63091
-1.64255
-1.66977
-1.70587
-1.7431
-1.77431
-1.79405
-1.79667
-1.78007
-1.75152
-1.72452
-1.69739
-1.67262
-1.6527
-1.63957
-1.63417
-1.63689
-1.64766
-1.66478
-1.68489
-1.70288
-1.7117
-1.70246
-1.66475
-1.5854
-1.4469
-1.2258
-0.894463
-0.429863
0.162764
0.819463
1.42293
1.85347
2.0645
2.08917
1.98093
1.79065
1.56117
1.31644
1.09737
0.923527
0.79166
0.693477
0.609645
0.52323
0.418802
0.282405
0.103465
-0.124684
-0.405472
-0.740774
-1.13562
-1.58692
-2.03216
-0.713065
-1.29724
-1.6028
-1.73311
-1.7636
-1.74109
-1.69439
-1.64272
-1.59964
-1.57411
-1.57028
-1.58738
-1.62029
-1.66103
-1.70057
-1.73085
-1.74547
-1.73942
-1.70914
-1.67271
-1.64084
-1.61141
-1.58641
-1.56772
-1.55671
-1.55379
-1.55865
-1.57029
-1.58603
-1.60137
-1.60997
-1.60352
-1.57187
-1.50296
-1.38118
-1.18576
-0.891198
-0.47136
0.0833273
0.734577
1.38564
1.90982
2.22524
2.33418
2.27652
2.10127
1.85825
1.57563
1.3063
1.08406
0.910809
0.780892
0.676744
0.58136
0.479314
0.356913
0.202888
0.00937872
-0.228515
-0.513825
-0.850273
-1.23266
-1.64545
-2.03527
-0.692906
-1.26115
-1.55306
-1.67208
-1.69394
-1.66576
-1.61654
-1.56541
-1.52571
-1.50589
-1.50936
-1.53425
-1.57405
-1.61922
-1.65945
-1.6862
-1.69153
-1.67134
-1.62749
-1.58383
-1.54698
-1.51475
-1.48877
-1.47039
-1.46037
-1.4585
-1.46378
-1.4742
-1.48603
-1.49361
-1.48926
-1.46338
-1.40443
-1.29817
-1.12618
-0.865639
-0.491019
0.0151234
0.635219
1.29879
1.89061
2.30587
2.51273
2.53032
2.39576
2.16122
1.86139
1.54919
1.27918
1.06164
0.892422
0.758336
0.644056
0.534361
0.415624
0.276478
0.108231
-0.095103
-0.337738
-0.622999
-0.955491
-1.31765
-1.67824
-2.00896
-0.663712
-1.21175
-1.48816
-1.5952
-1.60847
-1.57537
-1.52504
-1.47649
-1.44254
-1.43084
-1.44359
-1.47735
-1.52382
-1.57166
-1.6096
-1.62867
-1.61995
-1.5815
-1.52516
-1.47524
-1.4335
-1.39854
-1.37161
-1.35351
-1.34436
-1.34329
-1.34842
-1.35667
-1.3631
-1.36066
-1.34029
-1.29102
-1.19934
-1.0486
-0.81866
-0.486286
-0.0316565
0.541262
1.18634
1.81129
2.30684
2.6119
2.72126
2.65384
2.45107
2.15532
1.81367
1.50216
1.24187
1.03
0.858426
0.715585
0.588097
0.462946
0.328808
0.176559
-0.000761925
-0.208432
-0.450833
-0.731761
-1.05361
-1.38497
-1.68422
-1.95465
-0.625787
-1.1493
-1.40834
-1.50283
-1.50769
-1.47046
-1.42038
-1.37616
-1.34988
-1.34796
-1.37091
-1.41323
-1.46442
-1.51162
-1.543
-1.54814
-1.52194
-1.46373
-1.39765
-1.34283
-1.29751
-1.26103
-1.23432
-1.21761
-1.21031
-1.21067
-1.2158
-1.22128
-1.22067
-1.20549
-1.16525
-1.08703
-0.955439
-0.752587
-0.458049
-0.0530295
0.465665
1.07006
1.69356
2.23836
2.62704
2.83226
2.85036
2.70164
2.43387
2.08174
1.74226
1.44314
1.18944
0.976841
0.798016
0.643386
0.502152
0.363687
0.218537
0.0588782
-0.121782
-0.329079
-0.568053
-0.843382
-1.13973
-1.42275
-1.6597
-1.87336
-0.579771
-1.07442
-1.31436
-1.39601
-1.39299
-1.35272
-1.30438
-1.26618
-1.24913
-1.25797
-1.29099
-1.34021
-1.39285
-1.43502
-1.45508
-1.44181
-1.39427
-1.32068
-1.2494
-1.1913
-1.14448
-1.10867
-1.08426
-1.07075
-1.06659
-1.06896
-1.07361
-1.07455
-1.0638
-1.03138
-0.964931
-0.850084
-0.670784
-0.409221
-0.04904
0.415272
0.967624
1.56211
2.12191
2.56921
2.85857
2.96684
2.89179
2.66888
2.33511
1.97896
1.65141
1.36039
1.10758
0.889627
0.701465
0.536231
0.385328
0.239514
0.0900767
-0.0705788
-0.24932
-0.452393
-0.684848
-0.948881
-1.20999
-1.43309
-1.60763
-1.76954
-0.526816
-0.988355
-1.20764
-1.27657
-1.26673
-1.22499
-1.18021
-1.14982
-1.14335
-1.16334
-1.20541
-1.25885
-1.30912
-1.34215
-1.34529
-1.31301
-1.24418
-1.16145
-1.08888
-1.03069
-0.985508
-0.953127
-0.933225
-0.924322
-0.923695
-0.927171
-0.928895
-0.921292
-0.894881
-0.837892
-0.736913
-0.577501
-0.344084
-0.0230452
0.390898
0.888062
1.43775
1.9835
2.45862
2.81157
3.00385
3.01292
2.85228
2.55481
2.19629
1.84971
1.52966
1.24035
0.984096
0.760529
0.566995
0.39803
0.245497
0.100142
-0.0469196
-0.203659
-0.377541
-0.575004
-0.80055
-1.04006
-1.2534
-1.41296
-1.52922
-1.64682
-0.468794
-0.893183
-1.09054
-1.14731
-1.13229
-1.09126
-1.05233
-1.03175
-1.03709
-1.06819
-1.11767
-1.17216
-1.21618
-1.2363
-1.21972
-1.1667
-1.08341
-0.99889
-0.928368
-0.87327
-0.832626
-0.805848
-0.791606
-0.787236
-0.788616
-0.789959
-0.783886
-0.761325
-0.711117
-0.620831
-0.477507
-0.267531
0.0201234
0.389417
0.833908
1.33226
1.84528
2.32002
2.70837
2.96739
3.05882
2.97258
2.72702
2.3794
2.02343
1.6812
1.36206
1.07177
0.815227
0.593915
0.405231
0.242756
0.097315
-0.0409925
-0.181342
-0.331973
-0.500439
-0.692191
-0.907579
-1.10951
-1.26394
-1.36221
-1.42773
-1.50958
-0.408501
-0.792101
-0.966605
-1.01227
-0.994321
-0.956787
-0.926485
-0.917943
-0.936196
-0.977973
-1.03272
-1.08499
-1.11959
-1.12254
-1.08675
-1.01448
-0.924354
-0.843201
-0.777642
-0.728238
-0.69401
-0.673593
-0.664464
-0.662559
-0.662144
-0.655935
-0.635129
-0.589125
-0.506424
-0.375445
-0.18435
0.0755862
0.406564
0.803786
1.25156
1.72141
2.17514
2.57189
2.8714
3.03024
3.01715
2.83429
2.51464
2.15831
1.80071
1.45827
1.14164
0.858656
0.614314
0.408631
0.236554
0.0894604
-0.0430635
-0.17121
-0.304004
-0.449517
-0.614441
-0.802203
-0.993215
-1.1459
-1.24005
-1.2832
-1.30768
-1.36221
-0.3498
-0.689631
-0.840836
-0.876983
-0.858936
-0.828199
-0.809607
-0.815275
-0.847104
-0.898348
-0.955347
-1.00185
-1.02344
-1.0061
-0.951518
-0.865412
-0.776095
-0.70087
-0.642113
-0.599743
-0.572289
-0.557328
-0.550938
-0.547452
-0.539642
-0.518865
-0.474966
-0.397215
-0.275213
-0.0987748
0.138845
0.438281
0.795274
1.19753
1.62306
2.04383
2.42904
2.74253
2.9423
2.98895
2.86573
2.58829
2.24095
1.87614
1.51849
1.18412
0.884011
0.624604
0.407628
0.229408
0.0818014
-0.045643
-0.163779
-0.282282
-0.409411
-0.552366
-0.715611
-0.895786
-1.04905
-1.14505
-1.18294
-1.18055
-1.17457
-1.20899
-0.297593
-0.591647
-0.719802
-0.748605
-0.73379
-0.713479
-0.709649
-0.731169
-0.776224
-0.834338
-0.889508
-0.926168
-0.928984
-0.891282
-0.817951
-0.725175
-0.641439
-0.573584
-0.522466
-0.487198
-0.465462
-0.453516
-0.445834
-0.435266
-0.413262
-0.36998
-0.29521
-0.179447
-0.0139785
0.206334
0.480909
0.805449
1.16926
1.55397
1.93831
2.29862
2.60552
2.8207
2.90305
2.8262
2.58984
2.26083
1.89884
1.53609
1.19393
0.886187
0.620726
0.399782
0.220453
0.0753509
-0.0458591
-0.154319
-0.260356
-0.372516
-0.497955
-0.642303
-0.805825
-0.959112
-1.0627
-1.10546
-1.09602
-1.06006
-1.03401
-1.05371
-0.257528
-0.505101
-0.611363
-0.635639
-0.627789
-0.621547
-0.634959
-0.672754
-0.728845
-0.789108
-0.837083
-0.857773
-0.83675
-0.778963
-0.690093
-0.598707
-0.521612
-0.461203
-0.417169
-0.387646
-0.369092
-0.356163
-0.34186
-0.317717
-0.274041
-0.200885
-0.0892994
0.0682437
0.275793
0.531933
0.831769
1.16507
1.51512
1.86461
2.19467
2.48002
2.6893
2.78221
2.72982
2.52249
2.21676
1.86765
1.51051
1.17056
0.864108
0.600247
0.38196
0.206708
0.0675892
-0.0452468
-0.142965
-0.236288
-0.334323
-0.444146
-0.571367
-0.719187
-0.871958
-0.985342
-1.03789
-1.03316
-0.987503
-0.929966
-0.892472
-0.900302
-0.235409
-0.43738
-0.523987
-0.547199
-0.550226
-0.561255
-0.593192
-0.645717
-0.708035
-0.76386
-0.797402
-0.793038
-0.74774
-0.668505
-0.571092
-0.484827
-0.414642
-0.361059
-0.322707
-0.296439
-0.277148
-0.258102
-0.23097
-0.186058
-0.113495
-0.00455648
0.147564
0.346376
0.589963
0.87238
1.18302
1.50596
1.82538
2.1249
2.38142
2.56896
2.65324
2.60405
2.40776
2.12326
1.79236
1.44887
1.11896
0.820468
0.563696
0.352407
0.184744
0.0542723
-0.0484572
-0.13429
-0.214079
-0.297393
-0.3918
-0.502763
-0.633836
-0.781911
-0.904954
-0.970623
-0.977375
-0.935376
-0.866462
-0.798681
-0.756162
-0.752566
-0.236388
-0.395351
-0.465658
-0.491745
-0.509307
-0.539692
-0.589468
-0.652347
-0.713477
-0.756859
-0.765854
-0.731145
-0.661826
-0.561817
-0.465706
-0.384465
-0.319864
-0.271153
-0.235581
-0.208365
-0.183165
-0.151855
-0.104608
-0.0315713
0.0759997
0.224859
0.418445
0.654535
0.92588
1.22131
1.52462
1.82013
2.09194
2.31704
2.47459
2.53672
2.46913
2.27451
2.00486
1.69154
1.36439
1.04822
0.76103
0.513932
0.311538
0.152723
0.0317291
-0.0604101
-0.134218
-0.20036
-0.268644
-0.347162
-0.441941
-0.556712
-0.691429
-0.818402
-0.898481
-0.920323
-0.889798
-0.823074
-0.743824
-0.675202
-0.631462
-0.614591
-0.264134
-0.384333
-0.442626
-0.475575
-0.510377
-0.560272
-0.624203
-0.689935
-0.741057
-0.760542
-0.735903
-0.673268
-0.573976
-0.467881
-0.374075
-0.296486
-0.235274
-0.188192
-0.150804
-0.117313
-0.0799067
-0.0285754
0.0464593
0.15409
0.301735
0.493034
0.725743
0.99138
1.27801
1.56939
1.84712
2.09446
2.2904
2.41708
2.44852
2.34507
2.14808
1.886
1.58546
1.27238
0.969149
0.693054
0.455414
0.261505
0.110923
-0.00144771
-0.0840091
-0.146874
-0.200437
-0.254371
-0.317035
-0.394914
-0.492379
-0.610968
-0.734969
-0.825274
-0.861566
-0.845442
-0.788258
-0.709705
-0.631341
-0.568548
-0.524727
-0.490814
-0.320253
-0.407277
-0.458326
-0.501476
-0.554398
-0.620941
-0.691918
-0.750895
-0.780108
-0.765749
-0.708092
-0.610489
-0.494558
-0.38748
-0.295044
-0.218884
-0.157513
-0.106996
-0.0621993
-0.0157404
0.0423954
0.121737
0.231431
0.380067
0.571536
0.803718
1.06818
1.35146
1.63677
1.90288
2.12955
2.30085
2.39911
2.38246
2.25222
2.04537
1.78379
1.48959
1.1854
0.891322
0.62344
0.392928
0.205419
0.0610888
-0.0446019
-0.119579
-0.173572
-0.216674
-0.258303
-0.306664
-0.368473
-0.448449
-0.549254
-0.664843
-0.759521
-0.806746
-0.804142
-0.75906
-0.687301
-0.60885
-0.540018
-0.486835
-0.441813
-0.385773
-0.404145
-0.4644
-0.512755
-0.567926
-0.637002
-0.71356
-0.781652
-0.822126
-0.819368
-0.769159
-0.67481
-0.549129
-0.428497
-0.319956
-0.226505
-0.147806
-0.0806176
-0.0206825
0.038777
0.107552
0.194501
0.309068
0.461083
0.65499
0.888517
1.15426
1.43954
1.72348
1.98039
2.1938
2.34832
2.40744
2.34601
2.19364
1.9741
1.70707
1.41297
1.11172
0.82156
0.557569
0.33056
0.146346
0.00551658
-0.0960039
-0.165765
-0.213253
-0.248385
-0.280388
-0.317222
-0.365436
-0.430084
-0.514027
-0.616319
-0.710033
-0.76487
-0.773361
-0.739746
-0.676558
-0.601888
-0.533041
-0.479193
-0.436648
-0.387608
-0.303704
-0.513327
-0.553303
-0.602456
-0.669067
-0.74847
-0.825258
-0.878681
-0.889113
-0.851108
-0.762491
-0.630155
-0.496885
-0.372382
-0.260509
-0.162104
-0.0749093
0.00421323
0.0810993
0.165053
0.263656
0.386663
0.544841
0.742344
0.978162
1.24737
1.53599
1.82021
2.07571
2.2825
2.42254
2.43275
2.34207
2.16849
1.93469
1.65868
1.3593
1.05531
0.763664
0.498706
0.271003
0.0864811
-0.0539291
-0.15394
-0.220836
-0.263998
-0.293361
-0.318174
-0.346286
-0.383988
-0.43617
-0.506141
-0.594373
-0.684444
-0.745023
-0.762518
-0.738801
-0.68361
-0.613106
-0.545057
-0.492013
-0.455382
-0.422253
-0.365369
-0.247892
-0.644001
-0.669453
-0.720999
-0.794944
-0.875794
-0.941198
-0.966063
-0.944699
-0.868717
-0.732594
-0.589189
-0.450343
-0.32042
-0.201248
-0.0915204
0.0102753
0.108848
0.212503
0.327249
0.462657
0.62968
0.831737
1.06937
1.34144
1.63424
1.91915
2.17759
2.38852
2.48798
2.47686
2.36424
2.17358
1.92558
1.63812
1.32952
1.01782
0.719565
0.448721
0.215841
0.0271183
-0.116139
-0.217311
-0.283517
-0.324161
-0.349362
-0.368612
-0.389899
-0.419426
-0.461801
-0.520277
-0.596439
-0.683166
-0.750182
-0.776848
-0.762887
-0.715499
-0.648763
-0.580344
-0.525545
-0.491221
-0.471386
-0.444943
-0.376078
-0.219953
-0.791667
-0.806797
-0.859342
-0.933549
-1.00507
-1.04406
-1.04013
-0.985006
-0.849294
-0.698628
-0.548303
-0.402354
-0.263115
-0.130064
-0.00350466
0.11982
0.247123
0.382467
0.534065
0.71213
0.918689
1.15826
1.42971
1.72258
2.01297
2.27713
2.49504
2.5693
2.53818
2.41081
2.20615
1.94482
1.64444
1.32339
0.999789
0.690153
0.40858
0.165912
-0.0311336
-0.180692
-0.285768
-0.353378
-0.39308
-0.415325
-0.430028
-0.445569
-0.468338
-0.502862
-0.552255
-0.618326
-0.699747
-0.773715
-0.812923
-0.811482
-0.774139
-0.712609
-0.643697
-0.584533
-0.546673
-0.531302
-0.526014
-0.502764
-0.418047
-0.219288
-0.951553
-0.958097
-1.00725
-1.07245
-1.12012
-1.1292
-1.10407
-0.974247
-0.81981
-0.660882
-0.501694
-0.34459
-0.189195
-0.0374501
0.1121
0.265768
0.424921
0.595336
0.786459
0.997235
1.23679
1.50559
1.79291
2.08771
2.36227
2.57223
2.64557
2.60943
2.47521
2.26263
1.98993
1.67605
1.34018
1.00107
0.675758
0.378829
0.121785
-0.0878362
-0.24737
-0.359303
-0.430539
-0.470886
-0.491273
-0.502186
-0.512572
-0.529269
-0.556938
-0.598596
-0.656117
-0.729996
-0.809062
-0.863608
-0.878291
-0.854969
-0.802363
-0.735396
-0.67172
-0.626335
-0.60654
-0.608442
-0.614417
-0.590704
-0.48692
-0.242926
-1.1188
-1.11569
-1.15471
-1.19863
-1.21407
-1.21839
-1.10058
-0.946337
-0.782058
-0.613321
-0.442114
-0.267498
-0.0923141
0.0828415
0.263418
0.447551
0.637888
0.842813
1.05947
1.29699
1.56098
1.84127
2.13549
2.42159
2.63397
2.71213
2.68299
2.55248
2.33908
2.05886
1.73172
1.3792
1.02142
0.676463
0.359834
0.0840131
-0.142393
-0.315705
-0.43771
-0.515098
-0.557935
-0.577724
-0.585644
-0.591323
-0.602192
-0.623317
-0.65767
-0.707073
-0.772441
-0.851795
-0.921064
-0.954681
-0.949309
-0.910379
-0.849877
-0.784492
-0.731096
-0.701595
-0.699084
-0.715436
-0.728979
-0.701389
-0.576201
-0.285896
-1.28849
-1.27208
-1.29195
-1.30337
-1.29881
-1.23423
-1.08096
-0.911382
-0.735939
-0.554826
-0.365388
-0.170526
0.0273013
0.232102
0.440107
0.649672
0.869098
1.09495
1.33084
1.5896
1.86334
2.15528
2.45161
2.67617
2.76792
2.75352
2.63597
2.43057
2.14867
1.8104
1.44018
1.06092
0.69253
0.352051
0.0532985
-0.193878
-0.384706
-0.520159
-0.606578
-0.654195
-0.675082
-0.681188
-0.682922
-0.688404
-0.703269
-0.730805
-0.77253
-0.829551
-0.902148
-0.979612
-1.03315
-1.04825
-1.0271
-0.978147
-0.915714
-0.856868
-0.816521
-0.803074
-0.815802
-0.843213
-0.860636
-0.826223
-0.678244
-0.342068
-1.45579
-1.42057
-1.41015
-1.38848
-1.36155
-1.22008
-1.04646
-0.866299
-0.680322
-0.482283
-0.274019
-0.0598284
0.163141
0.390636
0.61678
0.850901
1.08794
1.32601
1.58302
1.85446
2.14495
2.45151
2.69601
2.80848
2.81644
2.71898
2.53081
2.2551
1.91014
1.52285
1.1199
0.724489
0.356104
0.0304797
-0.241123
-0.452892
-0.60506
-0.703559
-0.758638
-0.782813
-0.788766
-0.787726
-0.788558
-0.797511
-0.818363
-0.852752
-0.901096
-0.964316
-1.04116
-1.11014
-1.14595
-1.14464
-1.11122
-1.05667
-0.996602
-0.947257
-0.920857
-0.922273
-0.947483
-0.982417
-1.00029
-0.956673
-0.785415
-0.405174
-1.61612
-1.55325
-1.50437
-1.4743
-1.36857
-1.19277
-1.00773
-0.818776
-0.617831
-0.403748
-0.181707
0.0510635
0.290736
0.529579
0.775613
1.02377
1.26828
1.52895
1.80658
2.09983
2.41692
2.68906
2.82826
2.8587
2.79048
2.6299
2.37088
2.0269
1.62591
1.19867
0.773133
0.372868
0.0165265
-0.282853
-0.518532
-0.69026
-0.803691
-0.86901
-0.898986
-0.906884
-0.904698
-0.902058
-0.905864
-0.920418
-0.947791
-0.988234
-1.04158
-1.10919
-1.18395
-1.23847
-1.25692
-1.24118
-1.19866
-1.14216
-1.08749
-1.04919
-1.03642
-1.05078
-1.0855
-1.12461
-1.13994
-1.08532
-0.89107
-0.469674
-1.76437
-1.66538
-1.57864
-1.5242
-1.35139
-1.15998
-0.967863
-0.767166
-0.554691
-0.334202
-0.101297
0.141256
0.385265
0.636952
0.89379
1.14774
1.41717
1.70915
2.01025
2.33843
2.64244
2.81601
2.86946
2.83538
2.71257
2.48327
2.15235
1.74543
1.2964
0.839149
0.403426
0.0125671
-0.31778
-0.579909
-0.773441
-0.904086
-0.982055
-1.02023
-1.03226
-1.03073
-1.02602
-1.02566
-1.0345
-1.05504
-1.08792
-1.13231
-1.18812
-1.25684
-1.3223
-1.359
-1.36124
-1.33342
-1.28499
-1.22971
-1.18264
-1.15603
-1.15596
-1.18112
-1.22254
-1.26291
-1.27328
-1.20647
-0.990103
-0.531253
-1.8949
-1.75252
-1.64412
-1.5266
-1.32173
-1.12359
-0.923199
-0.716422
-0.505177
-0.281375
-0.0459754
0.193049
0.441766
0.701866
0.963749
1.24477
1.55102
1.86497
2.20368
2.53932
2.75304
2.83146
2.83416
2.75722
2.57201
2.27093
1.87208
1.40917
0.921979
0.448663
0.0198211
-0.344624
-0.635493
-0.85251
-1.0019
-1.09417
-1.14235
-1.16026
-1.16095
-1.1554
-1.15182
-1.15559
-1.16964
-1.19497
-1.2311
-1.2765
-1.33188
-1.39682
-1.44766
-1.46618
-1.45378
-1.41673
-1.3657
-1.31448
-1.27664
-1.26179
-1.27321
-1.30711
-1.35283
-1.39215
-1.39581
-1.31616
-1.07903
-0.586917
-2.00306
-1.81462
-1.69979
-1.50388
-1.2875
-1.08164
-0.878836
-0.678859
-0.4702
-0.250543
-0.026905
0.20927
0.463572
0.727928
1.01446
1.32977
1.65661
2.00296
2.36795
2.60686
2.72628
2.76956
2.74178
2.61155
2.35855
1.98792
1.52673
1.01758
0.508086
0.0391875
-0.362177
-0.683968
-0.925809
-1.09479
-1.20217
-1.26126
-1.28603
-1.28982
-1.28415
-1.27788
-1.27701
-1.28492
-1.30296
-1.331
-1.36775
-1.41136
-1.46373
-1.51833
-1.55104
-1.55362
-1.52989
-1.48743
-1.4374
-1.39278
-1.36519
-1.36175
-1.38328
-1.42405
-1.47213
-1.50872
-1.50454
-1.41198
-1.15573
-0.634792
-2.08656
-1.85444
-1.70478
-1.46922
-1.24336
-1.03578
-0.841971
-0.647774
-0.448681
-0.248164
-0.0332607
0.203105
0.458511
0.73939
1.052
1.38412
1.73367
2.10815
2.39127
2.55296
2.63465
2.65153
2.57875
2.38754
2.06725
1.63073
1.11611
0.578164
0.0704206
-0.369538
-0.724215
-0.99209
-1.18113
-1.30371
-1.37382
-1.40563
-1.41269
-1.40695
-1.39796
-1.3924
-1.39422
-1.40516
-1.42536
-1.4538
-1.48866
-1.52797
-1.57464
-1.61569
-1.63125
-1.62087
-1.58959
-1.5455
-1.49943
-1.46303
-1.44586
-1.45283
-1.48282
-1.52866
-1.5775
-1.61021
-1.59767
-1.49257
-1.2191
-0.673856
-2.14044
-1.87693
-1.6776
-1.41812
-1.18921
-0.989104
-0.801232
-0.619444
-0.444788
-0.25749
-0.0498443
0.17994
0.441295
0.736915
1.05894
1.41536
1.8145
2.13879
2.33649
2.44166
2.48835
2.46352
2.33655
2.08274
1.69591
1.20015
0.649994
0.1105
-0.366885
-0.755498
-1.05044
-1.25985
-1.3974
-1.47808
-1.51658
-1.52665
-1.52058
-1.50854
-1.49798
-1.49358
-1.49758
-1.51044
-1.53136
-1.55866
-1.59011
-1.62413
-1.66213
-1.68794
-1.68985
-1.67067
-1.63583
-1.59334
-1.55318
-1.52545
-1.51787
-1.53359
-1.57007
-1.61913
-1.66734
-1.69539
-1.67439
-1.55744
-1.26875
-0.703667
-2.16548
-1.87888
-1.61664
-1.34874
-1.12468
-0.928482
-0.75296
-0.597669
-0.439641
-0.267797
-0.0761303
0.148989
0.410745
0.716687
1.11815
1.53866
1.88836
2.10044
2.2097
2.26689
2.27305
2.20035
2.01627
1.6971
1.24657
0.708176
0.151898
-0.35667
-0.777956
-1.10029
-1.33024
-1.48239
-1.57303
-1.61768
-1.63048
-1.62397
-1.60878
-1.59313
-1.58249
-1.57977
-1.58585
-1.60014
-1.62111
-1.64652
-1.67383
-1.70176
-1.72953
-1.74185
-1.73427
-1.71011
-1.67477
-1.63578
-1.60201
-1.5821
-1.58226
-1.60433
-1.64487
-1.69507
-1.7412
-1.76388
-1.73448
-1.60653
-1.30464
-0.724091
-2.16507
-1.84243
-1.5355
-1.26551
-1.04092
-0.853637
-0.702776
-0.565657
-0.429221
-0.281156
-0.104445
0.107691
0.460282
0.875577
1.30796
1.6587
1.85984
1.95486
2.00643
2.02675
1.99188
1.86758
1.62001
1.23376
0.733164
0.182112
-0.344705
-0.793346
-1.14164
-1.39181
-1.55815
-1.65817
-1.70851
-1.72397
-1.71736
-1.69956
-1.67941
-1.66316
-1.65443
-1.65463
-1.66349
-1.6796
-1.70084
-1.72441
-1.7476
-1.76905
-1.78689
-1.78915
-1.77547
-1.74893
-1.71471
-1.67955
-1.65114
-1.63678
-1.64157
-1.66661
-1.70802
-1.75686
-1.79928
-1.8159
-1.77821
-1.64011
-1.32697
-0.735177
-2.12923
-1.76534
-1.43807
-1.16219
-0.940545
-0.772678
-0.638645
-0.525178
-0.417689
-0.292506
-0.0634463
0.275077
0.694944
1.11727
1.45474
1.62597
1.69109
1.7253
1.74619
1.73357
1.65289
1.46774
1.15113
0.707811
0.186057
-0.34015
-0.805585
-1.17541
-1.44429
-1.62419
-1.73311
-1.78897
-1.80736
-1.8016
-1.78275
-1.75981
-1.73973
-1.72684
-1.72306
-1.72849
-1.74197
-1.76164
-1.78498
-1.80915
-1.8312
-1.8484
-1.85926
-1.85038
-1.82716
-1.79436
-1.75718
-1.72169
-1.69459
-1.68214
-1.68847
-1.71405
-1.75464
-1.80106
-1.83933
-1.84997
-1.80453
-1.65743
-1.3353
-0.736815
-2.05569
-1.65846
-1.31609
-1.03828
-0.829694
-0.675381
-0.563498
-0.481509
-0.390513
-0.176623
0.145421
0.537116
0.938806
1.23975
1.38612
1.4245
1.43769
1.45128
1.44817
1.39594
1.25806
1.00402
0.625233
0.151622
-0.353222
-0.820346
-1.2036
-1.48777
-1.68002
-1.79752
-1.85902
-1.88126
-1.87804
-1.86097
-1.8389
-1.81864
-1.80487
-1.79939
-1.80195
-1.81121
-1.82495
-1.83802
-1.84734
-1.85319
-1.85667
-1.85877
-1.85138
-1.83284
-1.80528
-1.77229
-1.73825
-1.7084
-1.68851
-1.68376
-1.69727
-1.72864
-1.77298
-1.82071
-1.85762
-1.86428
-1.81265
-1.6581
-1.32927
-0.728574
-1.95432
-1.52288
-1.17297
-0.902018
-0.702491
-0.566102
-0.485685
-0.402589
-0.23645
0.0367968
0.389038
0.748526
1.025
1.15458
1.17755
1.17001
1.16725
1.16108
1.12241
1.01636
0.811565
0.493114
0.0761963
-0.390537
-0.842936
-1.22856
-1.52251
-1.72502
-1.85057
-1.91762
-1.94342
-1.9421
-1.92459
-1.89998
-1.87428
-1.85234
-1.83752
-1.82789
-1.82372
-1.82545
-1.83167
-1.84014
-1.84802
-1.85246
-1.8526
-1.84589
-1.83043
-1.80691
-1.77765
-1.74583
-1.7152
-1.69022
-1.6757
-1.67595
-1.69346
-1.72752
-1.77316
-1.82071
-1.85581
-1.85887
-1.80197
-1.64133
-1.30805
-0.709611
-1.82361
-1.36425
-1.01699
-0.750656
-0.56379
-0.45664
-0.382727
-0.256728
-0.0513878
0.240377
0.565533
0.825739
0.960775
0.977388
0.950821
0.924157
0.901273
0.860928
0.771261
0.601138
0.3322
-0.0297358
-0.450098
-0.874702
-1.25139
-1.54825
-1.75817
-1.89077
-1.96297
-1.99125
-1.98987
-1.9698
-1.93991
-1.90805
-1.87637
-1.85059
-1.83396
-1.82613
-1.82539
-1.82976
-1.8368
-1.84396
-1.84794
-1.84621
-1.83695
-1.82084
-1.79815
-1.77029
-1.73955
-1.70863
-1.68065
-1.65922
-1.64828
-1.65142
-1.67073
-1.70544
-1.75076
-1.79722
-1.83047
-1.8307
-1.76989
-1.60499
-1.26994
-0.67871
-1.65209
-1.18976
-0.845464
-0.587349
-0.426263
-0.34218
-0.248399
-0.107944
0.107436
0.385148
0.645214
0.802153
0.834314
0.79695
0.745437
0.697184
0.6418
0.553694
0.403685
0.1712
-0.144389
-0.519181
-0.910069
-1.26964
-1.56345
-1.77764
-1.9166
-1.99337
-2.02402
-2.02191
-1.99995
-1.96556
-1.9263
-1.89066
-1.8618
-1.84128
-1.82968
-1.82576
-1.82725
-1.83149
-1.83583
-1.83726
-1.83266
-1.8213
-1.80019
-1.77444
-1.74484
-1.71294
-1.68079
-1.65058
-1.62476
-1.60618
-1.59799
-1.60312
-1.62331
-1.65778
-1.70205
-1.74707
-1.77868
-1.777
-1.71379
-1.54669
-1.21299
-0.634477
-1.4519
-1.00044
-0.662551
-0.426081
-0.286338
-0.207523
-0.120905
0.0154627
0.219523
0.465824
0.65596
0.731045
0.70546
0.638028
0.564638
0.4878
0.390591
0.248033
0.0392737
-0.241282
-0.5778
-0.936529
-1.27667
-1.56404
-1.78085
-1.92527
-2.00732
-2.04026
-2.03954
-2.01413
-1.97731
-1.93795
-1.90089
-1.86971
-1.84588
-1.82975
-1.8208
-1.81725
-1.81649
-1.81565
-1.81231
-1.80328
-1.78638
-1.76147
-1.72915
-1.6947
-1.6592
-1.62415
-1.59123
-1.56217
-1.53883
-1.52332
-1.51807
-1.52535
-1.54649
-1.58073
-1.62392
-1.66754
-1.69788
-1.69511
-1.63091
-1.4638
-1.135
-0.575394
-1.24125
-0.802201
-0.481822
-0.265392
-0.146855
-0.0865218
-0.0162823
0.107274
0.298467
0.504585
0.637633
0.652619
0.589969
0.500811
0.404634
0.29467
0.151996
-0.0429301
-0.29876
-0.606423
-0.939421
-1.26294
-1.54464
-1.76385
-1.91472
-2.00257
-2.04004
-2.03812
-2.01434
-1.97954
-1.94094
-1.90324
-1.86929
-1.8411
-1.81922
-1.80324
-1.79204
-1.78356
-1.77521
-1.76463
-1.74922
-1.72651
-1.69651
-1.65832
-1.61679
-1.57578
-1.53634
-1.49976
-1.46736
-1.44042
-1.42024
-1.40833
-1.40638
-1.41606
-1.43833
-1.47238
-1.51447
-1.55668
-1.58585
-1.58244
-1.51835
-1.35343
-1.03362
-0.499934
-1.02145
-0.604038
-0.303748
-0.108549
-0.0208333
0.0178611
0.0763114
0.186539
0.358222
0.528033
0.606769
0.575513
0.487917
0.38115
0.261445
0.116909
-0.0691263
-0.307253
-0.593513
-0.90809
-1.22029
-1.49986
-1.72372
-1.88251
-1.9772
-2.01662
-2.0199
-2.00071
-1.96905
-1.93129
-1.8921
-1.85456
-1.82052
-1.7911
-1.76629
-1.74537
-1.72705
-1.7093
-1.68995
-1.66734
-1.63881
-1.60298
-1.56093
-1.51433
-1.46755
-1.42346
-1.38293
-1.34697
-1.31652
-1.29246
-1.27564
-1.26704
-1.26779
-1.27906
-1.30147
-1.33429
-1.37419
-1.41395
-1.44114
-1.43674
-1.37334
-1.21281
-0.906706
-0.406821
-0.801211
-0.410337
-0.134021
0.0311293
0.0908981
0.117589
0.171116
0.265432
0.416995
0.54333
0.566166
0.501677
0.398161
0.276189
0.132592
-0.0454795
-0.268923
-0.538252
-0.839106
-1.14505
-1.42547
-1.65676
-1.82175
-1.92125
-1.9701
-1.98228
-1.96978
-1.94144
-1.90425
-1.8628
-1.82054
-1.77974
-1.74176
-1.70723
-1.67595
-1.64719
-1.6197
-1.59181
-1.56208
-1.52859
-1.48944
-1.44516
-1.39574
-1.34604
-1.29838
-1.2547
-1.21563
-1.18186
-1.154
-1.13257
-1.11806
-1.11109
-1.11239
-1.12277
-1.14267
-1.17148
-1.20637
-1.24098
-1.26382
-1.25687
-1.19404
-1.04008
-0.75299
-0.2955
-0.585578
-0.22927
0.0147184
0.148618
0.189632
0.215931
0.263828
0.350969
0.471871
0.543563
0.519028
0.433364
0.319565
0.183274
0.0160395
-0.192551
-0.445071
-0.731983
-1.03065
-1.31057
-1.54378
-1.71661
-1.83117
-1.89553
-1.92031
-1.91612
-1.89227
-1.85571
-1.81199
-1.765
-1.71761
-1.67171
-1.62833
-1.58785
-1.55001
-1.5142
-1.47926
-1.44395
-1.4073
-1.36701
-1.32195
-1.27343
-1.22315
-1.17465
-1.1293
-1.08826
-1.05191
-1.02062
-0.994712
-0.97442
-0.960006
-0.951825
-0.950376
-0.956232
-0.969748
-0.990463
-1.01613
-1.04137
-1.05608
-1.04385
-0.980816
-0.835578
-0.573197
-0.166895
-0.383536
-0.0695197
0.137881
0.241326
0.279342
0.315579
0.36458
0.440844
0.516747
0.531093
0.472226
0.374882
0.254689
0.106878
-0.0786697
-0.306932
-0.571517
-0.853947
-1.12806
-1.36887
-1.56095
-1.69868
-1.78445
-1.8263
-1.83397
-1.81666
-1.78251
-1.73784
-1.68767
-1.63555
-1.58396
-1.53437
-1.48748
-1.44345
-1.40198
-1.36245
-1.32389
-1.28549
-1.24565
-1.20269
-1.15684
-1.10822
-1.0607
-1.01571
-0.973982
-0.936092
-0.902198
-0.872417
-0.846813
-0.825432
-0.808357
-0.795782
-0.78804
-0.785557
-0.78864
-0.797007
-0.808991
-0.820344
-0.822714
-0.802116
-0.737924
-0.603572
-0.371499
-0.0243957
-0.200024
0.0655691
0.232388
0.320641
0.373422
0.426789
0.477056
0.528972
0.55367
0.52128
0.443987
0.3455
0.227201
0.0773268
-0.113676
-0.345215
-0.605928
-0.874975
-1.12832
-1.34511
-1.51228
-1.6266
-1.69195
-1.71658
-1.71008
-1.68154
-1.63896
-1.58851
-1.53483
-1.48096
-1.42876
-1.37917
-1.3325
-1.28867
-1.24734
-1.2078
-1.16929
-1.13116
-1.0914
-1.04892
-1.00456
-0.95928
-0.91581
-0.874718
-0.836309
-0.800767
-0.768058
-0.738104
-0.710798
-0.686039
-0.663783
-0.644095
-0.627182
-0.613366
-0.602932
-0.595787
-0.590842
-0.585042
-0.572057
-0.54092
-0.475174
-0.353888
-0.156858
0.125185
-0.044788
0.163163
0.300853
0.392706
0.466764
0.531873
0.574362
0.596178
0.580653
0.523288
0.443902
0.35356
0.244379
0.101048
-0.0859948
-0.313572
-0.567878
-0.826554
-1.06545
-1.26492
-1.41372
-1.50986
-1.55827
-1.56811
-1.54982
-1.51312
-1.466
-1.41427
-1.36177
-1.31067
-1.26207
-1.21633
-1.17337
-1.13296
-1.09463
-1.05775
-1.02177
-0.985589
-0.947779
-0.90806
-0.866638
-0.825637
-0.786139
-0.748316
-0.7122
-0.677741
-0.644772
-0.613091
-0.582482
-0.552746
-0.523744
-0.495443
-0.467948
-0.441507
-0.416415
-0.392781
-0.370076
-0.346405
-0.317501
-0.275651
-0.209036
-0.102762
0.0563666
0.271149
0.0621385
0.216789
0.33893
0.441363
0.530082
0.5983
0.632197
0.633948
0.598967
0.53778
0.467429
0.390205
0.294372
0.16305
-0.0135356
-0.234356
-0.480987
-0.730042
-0.95732
-1.14306
-1.27626
-1.35582
-1.38845
-1.38526
-1.35812
-1.31723
-1.27013
-1.22162
-1.17437
-1.12956
-1.08752
-1.04812
-1.01103
-0.975893
-0.94217
-0.909374
-0.877055
-0.843998
-0.809331
-0.77329
-0.736033
-0.699322
-0.663388
-0.628194
-0.593628
-0.55952
-0.525637
-0.491722
-0.457507
-0.422741
-0.387226
-0.350856
-0.313661
-0.275828
-0.237664
-0.199445
-0.16112
-0.121806
-0.0791001
-0.028375
0.0376212
0.127876
0.249217
0.399436
0.107217
0.218902
0.333477
0.443515
0.538517
0.607575
0.642082
0.643023
0.612929
0.565723
0.513151
0.452091
0.370893
0.252308
0.0875814
-0.124586
-0.363313
-0.604728
-0.822955
-0.996421
-1.11384
-1.17595
-1.19255
-1.17737
-1.14353
-1.10107
-1.05646
-1.01319
-0.972692
-0.935244
-0.900559
-0.868144
-0.837508
-0.808198
-0.779713
-0.751653
-0.723608
-0.694686
-0.664428
-0.633071
-0.601023
-0.569013
-0.537015
-0.504908
-0.472524
-0.439663
-0.406087
-0.371534
-0.33573
-0.298406
-0.259324
-0.21831
-0.1753
-0.130372
-0.0837498
-0.0357358
0.0134541
0.0639729
0.11672
0.173669
0.237977
0.313251
0.400742
0.494501
0.0714916
0.150454
0.258461
0.370776
0.470296
0.547659
0.599147
0.622297
0.620995
0.604281
0.578988
0.538902
0.47078
0.361077
0.202664
-0.00499451
-0.240435
-0.478574
-0.689862
-0.849794
-0.947781
-0.988374
-0.985712
-0.956337
-0.914166
-0.868622
-0.824908
-0.785175
-0.749777
-0.718215
-0.689705
-0.663468
-0.638859
-0.615348
-0.592469
-0.569891
-0.547248
-0.524047
-0.500144
-0.475541
-0.450495
-0.425103
-0.399262
-0.372834
-0.345659
-0.317553
-0.288302
-0.257666
-0.225375
-0.191139
-0.154654
-0.115626
-0.0738029
-0.0290078
0.0188244
0.0696395
0.123287
0.17959
0.238428
0.299718
0.363227
0.427913
0.490101
0.540793
