-0.0515157
-0.0735894
-0.091653
-0.106765
-0.119175
-0.128438
-0.134498
-0.136657
-0.13472
-0.12987
-0.12568
-0.125849
-0.126527
-0.120558
-0.107184
-0.0880416
-0.0653384
-0.0408524
-0.0161153
0.00786658
0.0306484
0.053925
0.0807074
0.113489
0.150376
0.186816
0.221192
0.251469
0.273857
0.286408
0.287579
0.27688
0.255071
0.22393
0.185877
0.143676
0.100358
0.0589966
0.0216964
-0.0124908
-0.0487075
-0.0889668
-0.127516
-0.163011
-0.195391
-0.224775
-0.251188
-0.274604
-0.29487
-0.311849
-0.325414
-0.335565
-0.342442
-0.34641
-0.348066
-0.347931
-0.34638
-0.34362
-0.339099
-0.331333
-0.319254
-0.304217
-0.287484
-0.265306
-0.0997578
-0.118249
-0.132762
-0.143889
-0.15142
-0.15558
-0.155791
-0.152004
-0.145493
-0.139794
-0.137615
-0.134472
-0.124373
-0.106295
-0.0817531
-0.0529452
-0.0218063
0.00995755
0.0410052
0.0703415
0.0986134
0.127297
0.158858
0.194456
0.234116
0.275937
0.316153
0.347001
0.364353
0.367084
0.354308
0.326909
0.287513
0.23984
0.187846
0.135144
0.0847617
0.0387618
-0.00238397
-0.0403656
-0.0787316
-0.120482
-0.161095
-0.198556
-0.232723
-0.263631
-0.291339
-0.315884
-0.337225
-0.35535
-0.370227
-0.381891
-0.390506
-0.39644
-0.400146
-0.401551
-0.400561
-0.397002
-0.389858
-0.377533
-0.359554
-0.337255
-0.3101
-0.272663
-0.14683
-0.160244
-0.169921
-0.175795
-0.178194
-0.176788
-0.171754
-0.164627
-0.158925
-0.156093
-0.150703
-0.137727
-0.116797
-0.0889915
-0.0562912
-0.0205406
0.0165256
0.053531
0.0891932
0.123177
0.155947
0.188695
0.223371
0.262067
0.305866
0.352413
0.396047
0.423148
0.433042
0.424823
0.398459
0.356127
0.301987
0.241098
0.178274
0.117386
0.0611184
0.0106898
-0.0343434
-0.0757851
-0.116024
-0.158375
-0.200163
-0.238567
-0.273359
-0.304704
-0.332734
-0.357556
-0.37922
-0.397817
-0.413411
-0.426082
-0.436006
-0.443558
-0.448923
-0.45134
-0.450203
-0.444924
-0.434142
-0.416477
-0.39207
-0.361881
-0.323778
-0.271435
-0.191933
-0.199469
-0.202883
-0.203349
-0.200372
-0.194194
-0.186548
-0.180915
-0.177837
-0.171232
-0.156738
-0.134328
-0.105115
-0.0707781
-0.0328262
0.00714206
0.0479232
0.0882889
0.127347
0.164736
0.200799
0.236892
0.275501
0.318702
0.367476
0.418823
0.463109
0.484627
0.485838
0.466178
0.426448
0.370109
0.302681
0.230281
0.158285
0.0905959
0.0294514
-0.0246761
-0.0728374
-0.11691
-0.158756
-0.200514
-0.242152
-0.280667
-0.315463
-0.34664
-0.37439
-0.398916
-0.420429
-0.439114
-0.455099
-0.468499
-0.479475
-0.488377
-0.495032
-0.497961
-0.496008
-0.488229
-0.473084
-0.449633
-0.418517
-0.380121
-0.33102
-0.264415
-0.234907
-0.235646
-0.232846
-0.227702
-0.220003
-0.21141
-0.205197
-0.201257
-0.193357
-0.178026
-0.155218
-0.125987
-0.0918759
-0.0540492
-0.0135798
0.0284853
0.071204
0.113635
0.154971
0.194958
0.234207
0.274079
0.317108
0.365506
0.419857
0.475934
0.517707
0.53266
0.524567
0.493175
0.440221
0.370512
0.290885
0.20838
0.128733
0.0556833
-0.00911936
-0.06591
-0.11618
-0.161827
-0.204464
-0.245457
-0.285513
-0.323197
-0.357417
-0.387996
-0.415061
-0.438946
-0.460024
-0.478548
-0.494751
-0.508775
-0.520713
-0.530772
-0.538405
-0.541391
-0.538092
-0.527184
-0.507199
-0.477778
-0.439911
-0.393207
-0.333354
-0.253289
-0.275914
-0.269556
-0.260576
-0.250338
-0.239929
-0.231993
-0.226103
-0.21625
-0.200048
-0.177375
-0.14893
-0.115986
-0.0797612
-0.0407779
0.000405451
0.043098
0.0866668
0.130337
0.173499
0.21586
0.258103
0.301761
0.34947
0.403536
0.463793
0.524157
0.560803
0.568352
0.550372
0.506902
0.440756
0.358234
0.267522
0.176445
0.090861
0.0140868
-0.0529676
-0.111207
-0.162468
-0.208641
-0.251165
-0.291114
-0.329242
-0.365029
-0.397891
-0.427434
-0.453532
-0.476593
-0.497054
-0.515278
-0.531645
-0.546306
-0.559236
-0.570371
-0.578769
-0.581471
-0.576359
-0.561865
-0.536782
-0.501407
-0.456822
-0.40195
-0.331769
-0.239134
-0.315266
-0.301725
-0.287047
-0.273315
-0.262283
-0.253189
-0.240392
-0.222581
-0.199759
-0.172377
-0.141095
-0.106855
-0.0702608
-0.0313776
0.00955335
0.0521702
0.0960294
0.140416
0.184846
0.229116
0.274026
0.321364
0.37392
0.433964
0.500231
0.56326
0.593244
0.592599
0.564064
0.50805
0.428706
0.334051
0.23363
0.135818
0.0462646
-0.0324363
-0.100219
-0.158619
-0.209727
-0.255385
-0.296897
-0.335208
-0.370995
-0.404453
-0.435495
-0.463401
-0.488201
-0.510413
-0.530323
-0.548378
-0.564964
-0.580338
-0.594387
-0.606674
-0.615727
-0.617869
-0.610577
-0.592194
-0.561983
-0.520809
-0.469679
-0.406861
-0.326933
-0.222707
-0.353378
-0.332557
-0.313507
-0.297609
-0.283742
-0.266795
-0.246459
-0.222916
-0.196057
-0.166268
-0.133903
-0.0994842
-0.0632065
-0.0248881
0.0153976
0.057462
0.101042
0.145549
0.190654
0.236317
0.283519
0.334384
0.391906
0.458163
0.5303
0.593809
0.615961
0.606239
0.566273
0.497124
0.404675
0.298906
0.19057
0.0882168
-0.00313723
-0.0818741
-0.148838
-0.206114
-0.255935
-0.300053
-0.339673
-0.375678
-0.40874
-0.439215
-0.467312
-0.493191
-0.51695
-0.53825
-0.557824
-0.575979
-0.593244
-0.609766
-0.62529
-0.638995
-0.648797
-0.650191
-0.640417
-0.617991
-0.582729
-0.535965
-0.478559
-0.408205
-0.319182
-0.204393
-0.390017
-0.36294
-0.340032
-0.319558
-0.297172
-0.273174
-0.247767
-0.220738
-0.191587
-0.160514
-0.127643
-0.0932866
-0.0575071
-0.0200003
0.0193191
0.0604347
0.103259
0.14736
0.192588
0.239139
0.288271
0.342529
0.405164
0.477819
0.555362
0.616709
0.629954
0.610028
0.557509
0.474596
0.369446
0.254093
0.140127
0.0357304
-0.0551255
-0.132012
-0.196663
-0.251575
-0.298997
-0.340567
-0.377425
-0.410428
-0.440265
-0.467405
-0.49223
-0.515059
-0.536232
-0.556193
-0.575532
-0.594773
-0.61364
-0.63229
-0.650133
-0.66596
-0.677089
-0.677845
-0.665577
-0.639212
-0.59906
-0.546894
-0.483435
-0.405992
-0.308603
-0.184299
-0.424994
-0.392126
-0.363076
-0.333616
-0.304465
-0.276058
-0.247463
-0.217964
-0.187074
-0.154872
-0.121629
-0.0874676
-0.052315
-0.0157634
0.0224092
0.0623272
0.104058
0.147345
0.192245
0.239267
0.290059
0.347689
0.415695
0.494883
0.576954
0.633369
0.636342
0.604687
0.538212
0.441053
0.324164
0.201407
0.084568
-0.0191338
-0.107177
-0.180417
-0.241358
-0.292715
-0.336644
-0.374673
-0.407904
-0.437193
-0.463265
-0.486676
-0.507946
-0.527537
-0.545975
-0.563873
-0.581923
-0.600791
-0.620898
-0.642258
-0.663984
-0.6842
-0.698616
-0.699539
-0.685146
-0.655035
-0.610382
-0.553283
-0.484275
-0.400217
-0.295281
-0.162595
-0.457066
-0.416887
-0.378541
-0.342591
-0.309499
-0.277957
-0.246554
-0.214723
-0.1821
-0.148908
-0.115382
-0.0814573
-0.0469457
-0.0113598
0.0256267
0.0642453
0.104697
0.146906
0.191177
0.238405
0.29076
0.351953
0.425753
0.511525
0.596706
0.644426
0.636074
0.59077
0.508872
0.397474
0.270594
0.143291
0.0267496
-0.0734239
-0.15643
-0.224372
-0.280299
-0.326941
-0.366298
-0.399807
-0.428559
-0.453435
-0.475207
-0.494521
-0.512021
-0.528318
-0.544089
-0.560091
-0.577115
-0.595918
-0.617024
-0.640406
-0.665017
-0.688281
-0.705795
-0.70843
-0.693099
-0.660748
-0.612857
-0.551837
-0.47822
-0.388741
-0.277542
-0.137947
-0.483923
-0.434639
-0.389979
-0.350269
-0.313825
-0.278969
-0.24477
-0.210595
-0.176372
-0.142288
-0.10849
-0.0747554
-0.040796
-0.00607034
0.0298179
0.067178
0.10632
0.147358
0.190881
0.238264
0.292341
0.357577
0.437791
0.530041
0.616233
0.65187
0.630249
0.568953
0.470359
0.345566
0.211348
0.0829946
-0.0298462
-0.123698
-0.199621
-0.260756
-0.310424
-0.351206
-0.384932
-0.412979
-0.436452
-0.456277
-0.473297
-0.488262
-0.501946
-0.515109
-0.528552
-0.54314
-0.559736
-0.579136
-0.601878
-0.627907
-0.656062
-0.683297
-0.704481
-0.708962
-0.692668
-0.658055
-0.607299
-0.543168
-0.466024
-0.37237
-0.256224
-0.111065
-0.504363
-0.449151
-0.400585
-0.357102
-0.316986
-0.278856
-0.241739
-0.205327
-0.16957
-0.134658
-0.100554
-0.0669078
-0.0333444
0.000707095
0.0356856
0.0719498
0.109897
0.149846
0.192717
0.240466
0.29675
0.366854
0.454311
0.55263
0.63703
0.657441
0.619821
0.540105
0.424304
0.288106
0.150115
0.0246312
-0.0810465
-0.16599
-0.232997
-0.28594
-0.328134
-0.361926
-0.389013
-0.410747
-0.428267
-0.442568
-0.45459
-0.465217
-0.475344
-0.485869
-0.497681
-0.511692
-0.528778
-0.549707
-0.574967
-0.604444
-0.636889
-0.669002
-0.694826
-0.703335
-0.686269
-0.649641
-0.596479
-0.529738
-0.44968
-0.352391
-0.232075
-0.0824087
-0.521931
-0.462651
-0.410037
-0.362544
-0.318778
-0.2772
-0.237259
-0.198654
-0.161441
-0.125699
-0.0911961
-0.0574743
-0.0240894
0.00954502
0.0438847
0.0793153
0.116317
0.155429
0.197971
0.246598
0.30594
0.382127
0.477766
0.581392
0.660282
0.662409
0.605849
0.505763
0.37358
0.229248
0.0917524
-0.0267113
-0.121989
-0.195765
-0.252276
-0.295759
-0.329315
-0.355066
-0.374641
-0.389408
-0.400562
-0.409198
-0.416374
-0.423115
-0.430416
-0.43926
-0.450565
-0.465209
-0.483995
-0.507591
-0.536368
-0.570125
-0.607525
-0.645191
-0.676719
-0.691767
-0.674282
-0.635846
-0.580428
-0.511406
-0.428833
-0.328591
-0.204893
-0.0517728
-0.537843
-0.474495
-0.417692
-0.366256
-0.318621
-0.273714
-0.230985
-0.190304
-0.151724
-0.115118
-0.0800905
-0.0460907
-0.0126189
0.0209078
0.0549415
0.0898887
0.126318
0.165023
0.207806
0.258149
0.321822
0.405656
0.510538
0.618061
0.68702
0.668096
0.589866
0.468767
0.322766
0.174691
0.0424777
-0.0650205
-0.147137
-0.207958
-0.252732
-0.285679
-0.309603
-0.326499
-0.338002
-0.345537
-0.350391
-0.353787
-0.356886
-0.360825
-0.36664
-0.375296
-0.387645
-0.404436
-0.426311
-0.453775
-0.487041
-0.525799
-0.568636
-0.612186
-0.649959
-0.671536
-0.656956
-0.616903
-0.559479
-0.488472
-0.403667
-0.300903
-0.174545
-0.0190141
-0.551323
-0.483932
-0.42305
-0.367488
-0.316116
-0.267901
-0.222526
-0.179949
-0.140082
-0.102571
-0.066881
-0.0323825
0.00145981
0.035209
0.0693079
0.104188
0.140527
0.179433
0.223285
0.276553
0.346227
0.439683
0.554751
0.664141
0.718475
0.676281
0.574607
0.433923
0.278389
0.131942
0.00972064
-0.083472
-0.150457
-0.197243
-0.229544
-0.251273
-0.265014
-0.272764
-0.276239
-0.276969
-0.276361
-0.275749
-0.276356
-0.279324
-0.285626
-0.296069
-0.311306
-0.331864
-0.358166
-0.390528
-0.429011
-0.473201
-0.521634
-0.570989
-0.614953
-0.643352
-0.634655
-0.593203
-0.533962
-0.461135
-0.374455
-0.269582
-0.14125
0.015694
-0.561588
-0.490373
-0.42531
-0.365781
-0.310707
-0.25936
-0.211606
-0.167297
-0.126185
-0.0877012
-0.0511851
-0.015952
0.0185501
0.0528627
0.0874222
0.122705
0.159546
0.199439
0.24547
0.30322
0.381031
0.486323
0.612378
0.721108
0.756388
0.689942
0.564901
0.408411
0.249218
0.109952
0.00176821
-0.0749312
-0.126027
-0.158716
-0.178586
-0.189178
-0.193031
-0.192265
-0.188737
-0.184118
-0.179915
-0.17751
-0.17808
-0.182607
-0.19183
-0.206245
-0.226187
-0.251902
-0.283593
-0.321427
-0.365367
-0.414943
-0.468671
-0.523302
-0.572834
-0.607592
-0.607984
-0.565026
-0.503754
-0.42909
-0.340681
-0.234185
-0.104615
0.0526887
-0.567955
-0.493006
-0.423974
-0.360562
-0.302003
-0.247871
-0.197983
-0.152133
-0.109813
-0.0702718
-0.0327585
0.0034449
0.0388987
0.0741237
0.109567
0.145791
0.183852
0.225728
0.275327
0.339526
0.427954
0.547529
0.685144
0.790424
0.803638
0.713734
0.568091
0.4019
0.245467
0.118261
0.0266203
-0.0332581
-0.0693887
-0.0892483
-0.0978739
-0.0986234
-0.0941593
-0.086802
-0.0785844
-0.0712942
-0.0664718
-0.0654059
-0.0690537
-0.0780294
-0.0926415
-0.112949
-0.138922
-0.170536
-0.20786
-0.251016
-0.299972
-0.354276
-0.412464
-0.471384
-0.525342
-0.565355
-0.574739
-0.533623
-0.470434
-0.393962
-0.303803
-0.19587
-0.0656041
0.0911719
-0.569637
-0.491275
-0.418441
-0.351424
-0.289787
-0.233202
-0.18151
-0.134288
-0.0907712
-0.0500823
-0.0114042
0.0259999
0.0626908
0.0991813
0.135965
0.173746
0.213884
0.258939
0.313803
0.386709
0.488541
0.624852
0.774282
0.873727
0.864271
0.754144
0.593621
0.42487
0.276944
0.164691
0.0895038
0.0443044
0.0202607
0.0104578
0.0104174
0.0167003
0.0264287
0.0370549
0.0463921
0.0526073
0.0542635
0.0503773
0.0404378
0.0243942
0.00251552
-0.0247765
-0.0571432
-0.0943993
-0.136651
-0.184121
-0.236913
-0.294667
-0.355974
-0.417769
-0.474636
-0.518307
-0.534757
-0.499707
-0.434361
-0.355775
-0.263893
-0.154797
-0.0244208
0.130918
-0.565988
-0.484535
-0.408252
-0.338068
-0.273773
-0.215208
-0.162031
-0.113561
-0.0688436
-0.026912
0.0130947
0.0519174
0.0901206
0.128238
0.166854
0.206888
0.250086
0.299715
0.361723
0.445794
0.563801
0.719005
0.880198
0.972442
0.942976
0.818219
0.650141
0.485252
0.349043
0.251292
0.189209
0.154086
0.137557
0.133664
0.138151
0.147338
0.158109
0.167715
0.173868
0.174828
0.169464
0.157326
0.138577
0.113859
0.0840551
0.0499736
0.0121101
-0.0294133
-0.0749329
-0.124938
-0.179779
-0.239231
-0.301952
-0.364929
-0.422976
-0.468446
-0.48955
-0.463588
-0.395675
-0.314865
-0.221237
-0.111231
0.0186912
0.171712
-0.556296
-0.472216
-0.392984
-0.320117
-0.253811
-0.193762
-0.139402
-0.089802
-0.0438855
-0.000626223
0.0408545
0.0812961
0.121282
0.161403
0.202393
0.245451
0.292809
0.34849
0.419582
0.517123
0.653665
0.829168
1.00171
1.08685
1.04233
0.909716
0.740376
0.582586
0.457321
0.369888
0.314965
0.283932
0.269643
0.266865
0.271216
0.278733
0.286072
0.290326
0.289215
0.281284
0.265934
0.243447
0.214805
0.18137
0.144529
0.105268
0.0639918
0.0204954
-0.025961
-0.0762596
-0.131045
-0.190241
-0.252536
-0.314927
-0.372379
-0.417758
-0.441003
-0.423381
-0.356745
-0.273602
-0.178038
-0.0671772
0.061924
0.211951
-0.539886
-0.453778
-0.372167
-0.297478
-0.229831
-0.168754
-0.113462
-0.0628356
-0.0157189
0.028939
0.0720189
0.114264
0.1563
0.198818
0.242751
0.289648
0.342257
0.405401
0.487225
0.599988
0.75638
0.952364
1.13525
1.21371
1.15966
1.02326
0.855011
0.703119
0.584373
0.501021
0.446916
0.414598
0.398079
0.392288
0.392548
0.394611
0.394914
0.390491
0.379249
0.360222
0.333559
0.300412
0.262587
0.222061
0.180492
0.138764
0.0969109
0.0541856
0.00932731
-0.0389907
-0.0916955
-0.148815
-0.209012
-0.269222
-0.324486
-0.368048
-0.391147
-0.378821
-0.317201
-0.231305
-0.133778
-0.0223544
0.105386
0.251631
-0.516133
-0.428678
-0.345766
-0.270111
-0.201739
-0.140064
-0.0840566
-0.0324895
0.0158259
0.0619393
0.106727
0.150948
0.195297
0.240599
0.288035
0.339513
0.398308
0.469953
0.563532
0.692134
0.868147
1.08301
1.2734
1.34474
1.2825
1.14109
0.971872
0.821742
0.704203
0.619613
0.562174
0.525623
0.504469
0.49337
0.487317
0.481792
0.473068
0.458296
0.435802
0.405314
0.367877
0.325551
0.280854
0.236138
0.193021
0.152019
0.112559
0.0732178
0.032158
-0.0123569
-0.0614433
-0.115124
-0.171934
-0.228676
-0.280379
-0.320599
-0.341681
-0.331623
-0.276649
-0.189357
-0.0900135
0.0217323
0.147637
0.289363
-0.484509
-0.396913
-0.313747
-0.237908
-0.169445
-0.10755
-0.0510264
0.00139024
0.0508834
0.0984826
0.14506
0.191403
0.238293
0.286717
0.338095
0.394683
0.460197
0.540752
0.64602
0.789556
0.98286
1.21197
1.40413
1.46377
1.38951
1.2382
1.06468
0.912736
0.79317
0.705291
0.643696
0.602743
0.576766
0.560027
0.54722
0.533646
0.515555
0.490433
0.457272
0.416658
0.37058
0.321909
0.273655
0.228244
0.186951
0.149668
0.115054
0.0809843
0.0450992
0.00538951
-0.0392898
-0.0888055
-0.141453
-0.193783
-0.240778
-0.276384
-0.293848
-0.28348
-0.233654
-0.148559
-0.0474868
0.0641755
0.187581
0.32343
-0.445103
-0.35852
-0.27604
-0.20085
-0.132841
-0.0710368
-0.0141783
0.0389886
0.089611
0.138689
0.187088
0.235628
0.285186
0.336894
0.392387
0.454179
0.526293
0.615136
0.730646
0.886062
1.09059
1.32499
1.50947
1.55104
1.45889
1.29417
1.11513
0.961002
0.839909
0.749951
0.685844
0.641958
0.612227
0.590637
0.571691
0.550672
0.524038
0.489831
0.447876
0.399692
0.348132
0.296681
0.248512
0.205777
0.16913
0.137647
0.109211
0.0811271
0.0506924
0.0158562
-0.0243475
-0.0694803
-0.117482
-0.164654
-0.20607
-0.236013
-0.248434
-0.235764
-0.188458
-0.107797
-0.00728565
0.103742
0.223463
0.347399
-0.39803
-0.313479
-0.232707
-0.158886
-0.0918023
-0.0303743
0.0266293
0.0804087
0.132054
0.182521
0.232662
0.283325
0.335452
0.390288
0.449591
0.516013
0.593571
0.688543
0.810329
0.970495
1.17641
1.40447
1.5718
1.5906
1.4786
1.30175
1.12039
0.967283
0.847415
0.757941
0.693536
0.648337
0.616045
0.590569
0.566383
0.538956
0.505225
0.46397
0.415919
0.363464
0.310079
0.25947
0.214555
0.176878
0.146307
0.121162
0.0987688
0.0761063
0.05041
0.0198124
-0.0163168
-0.0570281
-0.0999083
-0.141237
-0.17622
-0.199454
-0.205731
-0.189201
-0.14256
-0.0658504
0.0305189
0.137107
0.248166
0.358963
-0.343486
-0.262015
-0.183791
-0.11196
-0.0461925
0.0145695
0.0714789
0.125651
0.178095
0.229702
0.281294
0.333709
0.387923
0.445059
0.506803
0.575739
0.655697
0.75235
0.87332
1.02888
1.22453
1.43553
1.58123
1.58221
1.45889
1.27682
1.09771
0.947801
0.830367
0.742289
0.678259
0.632222
0.597819
0.569005
0.540388
0.507861
0.469063
0.423565
0.372833
0.319667
0.267632
0.220247
0.179957
0.147683
0.122665
0.102821
0.085169
0.0665701
0.0444632
0.0173144
-0.0150036
-0.051127
-0.088489
-0.12321
-0.150735
-0.166236
-0.165387
-0.14397
-0.0967727
-0.0235419
0.0672082
0.166199
0.266633
0.362913
-0.28201
-0.204367
-0.129414
-0.0600639
0.00403032
0.0638
0.120286
0.174488
0.227302
0.279533
0.331905
0.384901
0.439235
0.496257
0.557566
0.625786
0.703751
0.795112
0.907131
1.04533
1.21366
1.39536
1.52416
1.52662
1.41485
1.2467
1.07657
0.93102
0.815176
0.726806
0.661111
0.612312
0.574417
0.541761
0.509532
0.473634
0.432015
0.384597
0.333128
0.280572
0.230459
0.186046
0.149404
0.12099
0.0996745
0.0831017
0.0681837
0.0519566
0.0322018
0.00815095
-0.0201817
-0.0513113
-0.0823904
-0.109579
-0.128573
-0.135357
-0.126664
-0.0998027
-0.0514474
0.0183551
0.102469
0.192116
0.280198
0.360734
-0.214185
-0.140932
-0.0697579
-0.00328558
0.0587264
0.117065
0.172622
0.226243
0.278684
0.330228
0.381012
0.431538
0.48316
0.536724
0.594617
0.653793
0.718716
0.793083
0.882342
0.99331
1.13192
1.28755
1.40725
1.42124
1.32884
1.18309
1.03065
0.897403
0.790455
0.708342
0.646354
0.598915
0.560534
0.526036
0.490912
0.451826
0.407231
0.357435
0.304439
0.251321
0.201548
0.158129
0.122805
0.0958142
0.0760876
0.0606784
0.0467047
0.031592
0.0138742
-0.00732449
-0.031522
-0.0566977
-0.0802163
-0.0986122
-0.108114
-0.105422
-0.0885367
-0.056196
-0.00672601
0.059294
0.135802
0.214755
0.289238
0.353264
-0.140904
-0.0722028
-0.00510891
0.0581022
0.117541
0.173839
0.227701
0.279761
0.329517
0.376858
0.422262
0.466719
0.507675
0.550328
0.595887
0.644112
0.696993
0.757
0.828229
0.91652
1.028
1.15741
1.26621
1.29283
1.22191
1.09633
0.96142
0.842555
0.747649
0.675378
0.620733
0.578192
0.542575
0.509067
0.473545
0.433193
0.386932
0.33548
0.28115
0.227199
0.177081
0.133613
0.0982749
0.0709967
0.0503797
0.0340881
0.0199315
0.00562007
-0.01046
-0.0284011
-0.0471604
-0.065219
-0.0798985
-0.0882427
-0.0873261
-0.0748214
-0.0499621
-0.0127075
0.0372218
0.0987345
0.166685
0.233913
0.293993
0.341171
-0.0632096
0.00111087
0.063968
0.123486
0.179715
0.233105
0.284068
0.330965
0.373568
0.410453
0.442771
0.474394
0.506149
0.539724
0.575739
0.61439
0.656919
0.70496
0.761411
0.830771
0.918449
1.02281
1.11805
1.1543
1.10617
1.00129
0.883351
0.779051
0.697263
0.636437
0.591031
0.555373
0.524309
0.493156
0.458097
0.416802
0.368735
0.315161
0.258838
0.203286
0.151979
0.107546
0.0712148
0.0427499
0.0207843
0.00331897
-0.0116034
-0.0254838
-0.0388386
-0.0523794
-0.0647211
-0.0741045
-0.0785727
-0.0759974
-0.0641905
-0.0421674
-0.010187
0.030809
0.0800323
0.136073
0.194581
0.249352
0.294617
0.324959
0.0177875
0.0781766
0.136629
0.191911
0.244057
0.293211
0.336424
0.371864
0.399164
0.422452
0.443757
0.465354
0.488124
0.513058
0.540689
0.571201
0.605249
0.643756
0.688574
0.742876
0.810988
0.893238
0.973545
1.01453
0.987703
0.905465
0.805968
0.717022
0.648818
0.599702
0.563743
0.535032
0.508234
0.478714
0.443021
0.399463
0.348281
0.291497
0.232429
0.174855
0.122171
0.0767044
0.0393704
0.00977757
-0.0133404
-0.0315969
-0.0464028
-0.0586515
-0.0685653
-0.076026
-0.0805814
-0.0799069
-0.0733305
-0.0594486
-0.0371147
-0.00660836
0.0309883
0.0740453
0.121098
0.170608
0.218929
0.260808
0.291182
0.304982
0.10107
0.15797
0.211741
0.262034
0.308805
0.347371
0.375031
0.3944
0.408495
0.419722
0.430279
0.44233
0.456679
0.474004
0.494643
0.518603
0.546053
0.577319
0.613388
0.656288
0.709178
0.773155
0.838779
0.879879
0.870323
0.811364
0.732514
0.66052
0.606375
0.568418
0.540706
0.517198
0.492454
0.462088
0.423325
0.375452
0.319766
0.25917
0.197474
0.138499
0.0853206
0.039785
0.00241885
-0.027302
-0.0504746
-0.0682811
-0.0815752
-0.0906761
-0.0953468
-0.0954217
-0.0907635
-0.0794746
-0.0616662
-0.0369803
-0.00535522
0.0318745
0.073083
0.116244
0.159588
0.201567
0.239162
0.268004
0.283698
0.281476
0.185768
0.239396
0.287988
0.332122
0.366515
0.387444
0.399058
0.4039
0.404632
0.403899
0.404298
0.407617
0.414543
0.425512
0.440607
0.459581
0.482176
0.508204
0.537955
0.572526
0.614021
0.663621
0.716085
0.754148
0.756859
0.71945
0.66217
0.608254
0.568159
0.540022
0.518259
0.496978
0.471035
0.436782
0.392601
0.339096
0.278727
0.21513
0.15228
0.0936769
0.0417947
-0.0021201
-0.0379176
-0.0661715
-0.0877256
-0.103303
-0.11324
-0.117395
-0.115196
-0.106734
-0.0922261
-0.0702455
-0.0419965
-0.0079536
0.0309356
0.0725922
0.115137
0.15642
0.194614
0.228233
0.254804
0.270724
0.272182
0.254632
0.270779
0.321084
0.363634
0.395051
0.410713
0.415135
0.410978
0.401079
0.388529
0.376655
0.367848
0.36348
0.364147
0.370035
0.380935
0.396307
0.415498
0.437883
0.463194
0.491812
0.524976
0.563661
0.605136
0.638653
0.649051
0.62981
0.592723
0.556227
0.528884
0.508351
0.489609
0.467318
0.437223
0.396996
0.346566
0.287934
0.22449
0.160171
0.0986631
0.0428102
-0.00565401
-0.046052
-0.0784856
-0.103451
-0.121474
-0.132843
-0.137485
-0.134973
-0.124611
-0.107071
-0.0829336
-0.0511243
-0.0141626
0.0270466
0.0706463
0.114239
0.155876
0.193495
0.225328
0.250001
0.265495
0.268839
0.256689
0.224637
0.354903
0.401457
0.432417
0.44522
0.443917
0.431493
0.411276
0.38674
0.361889
0.340003
0.323011
0.312074
0.307619
0.309562
0.317388
0.330236
0.347091
0.366953
0.38913
0.413481
0.440611
0.471225
0.504049
0.532804
0.547384
0.541723
0.52153
0.500057
0.482843
0.467144
0.448608
0.422896
0.3872
0.34089
0.285478
0.224059
0.160455
0.0983973
0.0409285
-0.00989897
-0.0530292
-0.0881841
-0.115544
-0.135426
-0.148041
-0.153348
-0.151037
-0.140588
-0.121373
-0.0951489
-0.0622557
-0.0226997
0.0206859
0.0664491
0.112097
0.155231
0.193989
0.226477
0.251042
0.266453
0.271048
0.262342
0.237344
0.191703
0.436877
0.475717
0.489759
0.485434
0.466502
0.436892
0.400739
0.362628
0.326778
0.295933
0.271809
0.255343
0.246734
0.245619
0.251162
0.262184
0.277345
0.295346
0.31519
0.336392
0.359135
0.383914
0.410287
0.434839
0.451265
0.454736
0.447132
0.437008
0.426582
0.413029
0.392753
0.362776
0.322003
0.271467
0.213905
0.152975
0.0924078
0.0353794
-0.0158283
-0.05987
-0.0961706
-0.124648
-0.145434
-0.158651
-0.164281
-0.162116
-0.15179
-0.132864
-0.10537
-0.0715757
-0.0314638
0.0134852
0.0607556
0.108335
0.153525
0.194095
0.228359
0.254587
0.271293
0.277375
0.271431
0.251335
0.214337
0.156078
0.513858
0.53991
0.537745
0.515567
0.478656
0.432021
0.381019
0.330821
0.285114
0.24637
0.216094
0.194965
0.182927
0.179324
0.183016
0.192526
0.20625
0.222673
0.240611
0.259377
0.278914
0.299575
0.321361
0.342578
0.359484
0.368465
0.369151
0.36641
0.359733
0.346452
0.323844
0.290413
0.246657
0.19488
0.138502
0.0812306
0.0263729
-0.0235629
-0.0669669
-0.103002
-0.131366
-0.152034
-0.16506
-0.17044
-0.168063
-0.157709
-0.1391
-0.111972
-0.0776098
-0.0378528
0.00723799
0.0551518
0.103715
0.150566
0.193166
0.229506
0.258059
0.277276
0.285834
0.282739
0.266765
0.236031
0.18794
0.118061
0.582872
0.595476
0.57615
0.535694
0.480953
0.418337
0.354137
0.293147
0.238719
0.193095
0.157522
0.132396
0.117384
0.111546
0.113466
0.121427
0.13364
0.148471
0.164646
0.181402
0.198565
0.216403
0.235121
0.253958
0.270707
0.282645
0.288313
0.289546
0.284519
0.270809
0.2466
0.211706
0.167811
0.117958
0.0657528
0.0146342
-0.0326291
-0.0741268
-0.108747
-0.13597
-0.155634
-0.167733
-0.172287
-0.169266
-0.158581
-0.140105
-0.11372
-0.0793851
-0.0399914
0.00388988
0.0512192
0.0997422
0.147228
0.191264
0.229596
0.26046
0.282468
0.294251
0.294629
0.28268
0.257286
0.216732
0.158501
0.077969
0.644276
0.641988
0.604839
0.546153
0.474532
0.397678
0.321791
0.251295
0.189297
0.137757
0.0976184
0.0689652
0.051184
0.0430796
0.0430172
0.0491254
0.0595239
0.0725532
0.0869499
0.101958
0.117357
0.133335
0.150135
0.167428
0.18383
0.197205
0.205678
0.208736
0.204513
0.190825
0.166678
0.132841
0.091687
0.0465239
0.000822293
-0.0423868
-0.0808415
-0.113096
-0.138375
-0.156357
-0.166971
-0.170246
-0.166225
-0.154925
-0.136345
-0.110497
-0.0774571
-0.0382426
0.00447056
0.0504739
0.0978924
0.144899
0.189278
0.228861
0.261699
0.286234
0.301209
0.305413
0.297775
0.277426
0.243321
0.193842
0.126349
0.0360976
0.697478
0.679053
0.623832
0.547686
0.460911
0.371563
0.285474
0.20683
0.138433
0.0819024
0.0378277
0.00597075
-0.0145475
-0.0251267
-0.0275369
-0.0237064
-0.0155108
-0.0045529
0.0079729
0.0213521
0.0353457
0.0500741
0.0657405
0.0821621
0.0983404
0.112486
0.122598
0.126728
0.12362
0.111278
0.0893388
0.0591227
0.0232588
-0.0150118
-0.0525261
-0.0866801
-0.115636
-0.138285
-0.154084
-0.162843
-0.164567
-0.159333
-0.147236
-0.128372
-0.102859
-0.0708803
-0.0327378
0.00923334
0.0534146
0.0992504
0.144801
0.188462
0.228202
0.26216
0.288679
0.306379
0.314119
0.310814
0.295481
0.267324
0.22521
0.167568
0.0917099
-0.00731119
0.741887
0.706367
0.633472
0.541408
0.441391
0.341224
0.246526
0.16117
0.0875829
0.0269788
-0.0204361
-0.0552194
-0.0784757
-0.0917394
-0.0968301
-0.0956525
-0.0900029
-0.0813749
-0.0708523
-0.0590783
-0.0462935
-0.0324528
-0.017443
-0.00143444
0.0147562
0.0295652
0.0410019
0.0466849
0.0456186
0.0363838
0.0188861
-0.00537868
-0.033858
-0.0635888
-0.0917947
-0.11627
-0.135512
-0.14865
-0.155288
-0.155321
-0.148801
-0.135848
-0.116619
-0.0913105
-0.0601948
-0.0236606
0.0177334
0.0605339
0.104236
0.147932
0.189911
0.228751
0.262731
0.290276
0.309985
0.320615
0.321132
0.310565
0.287935
0.252352
0.202978
0.138089
0.0548213
-0.052016
0.776896
0.723892
0.634439
0.528374
0.416917
0.307731
0.206126
0.115572
0.0380485
-0.0256718
-0.0757783
-0.113119
-0.138973
-0.154946
-0.162841
-0.164476
-0.161515
-0.155315
-0.146842
-0.136671
-0.125034
-0.111931
-0.0973303
-0.0814385
-0.0649773
-0.049323
-0.036334
-0.0281609
-0.0258442
-0.030123
-0.0411841
-0.0576254
-0.0771954
-0.0973365
-0.115684
-0.130381
-0.140171
-0.144331
-0.142533
-0.134704
-0.120914
-0.101322
-0.0761694
-0.0457942
-0.0106631
0.0285977
0.0708523
0.112887
0.154374
0.194402
0.231472
0.264428
0.291892
0.312561
0.32519
0.328699
0.321963
0.303989
0.274418
0.232408
0.176806
0.105682
0.0159637
-0.0977568
0.802105
0.731886
0.627529
0.509271
0.388314
0.272028
0.165295
0.0711025
-0.00905255
-0.0748556
-0.126875
-0.166204
-0.194241
-0.212612
-0.223053
-0.227267
-0.226776
-0.222801
-0.216202
-0.207493
-0.196892
-0.18443
-0.170116
-0.154173
-0.137237
-0.120483
-0.105513
-0.0940181
-0.0869314
-0.084892
-0.0880675
-0.0955123
-0.105377
-0.115559
-0.124092
-0.129402
-0.130396
-0.126416
-0.117141
-0.102491
-0.0825533
-0.0575566
-0.0278704
0.0059843
0.0433207
0.0832793
0.124608
0.164235
0.201882
0.236878
0.267992
0.294302
0.314746
0.328226
0.333053
0.328714
0.314818
0.290618
0.255362
0.208022
0.147205
0.070779
-0.0244979
-0.144226
0.817359
0.730869
0.613225
0.484752
0.356363
0.234957
0.124889
0.0286221
-0.0528414
-0.119625
-0.172632
-0.213136
-0.242601
-0.262641
-0.274912
-0.281
-0.282296
-0.279912
-0.274632
-0.266927
-0.25701
-0.244934
-0.230726
-0.214591
-0.197043
-0.179021
-0.161779
-0.146575
-0.134182
-0.125161
-0.119844
-0.117906
-0.118061
-0.118597
-0.117883
-0.114562
-0.107639
-0.096476
-0.0807421
-0.0603634
-0.0354862
-0.00645712
0.0261874
0.061727
0.0992726
0.137791
0.1761
0.212205
0.244833
0.27369
0.297982
0.316387
0.32837
0.333496
0.331018
0.320325
0.300797
0.271581
0.231719
0.179994
0.114819
0.0338976
-0.0661274
-0.191062
0.822845
0.721147
0.592082
0.455535
0.321837
0.197268
0.0855929
-0.0112543
-0.092741
-0.15938
-0.212336
-0.252992
-0.282848
-0.303489
-0.316491
-0.323335
-0.325311
-0.323454
-0.318509
-0.310946
-0.301001
-0.288761
-0.274262
-0.257684
-0.239393
-0.220087
-0.200628
-0.181951
-0.164691
-0.149244
-0.136041
-0.125005
-0.115909
-0.107557
-0.0984789
-0.0874541
-0.0735569
-0.0561792
-0.0350221
-0.0100764
0.0183996
0.0499062
0.0837307
0.118986
0.154655
0.189651
0.222851
0.252921
0.278877
0.300141
0.316231
0.326771
0.331423
0.329864
0.321483
0.305609
0.28149
0.248154
0.204479
0.149087
0.0802389
-0.00447135
-0.108478
-0.237875
0.818604
0.703167
0.56479
0.422392
0.285474
0.159592
0.0479079
-0.0481541
-0.128478
-0.193895
-0.245746
-0.285472
-0.314581
-0.334616
-0.347085
-0.353383
-0.354723
-0.352093
-0.346248
-0.337695
-0.326719
-0.313473
-0.298044
-0.2806
-0.261366
-0.240835
-0.219525
-0.198096
-0.176978
-0.15663
-0.137203
-0.118954
-0.101685
-0.0847962
-0.0679195
-0.0499679
-0.0299646
-0.00733568
0.0181375
0.0463455
0.0768884
0.10912
0.142198
0.175155
0.206962
0.236624
0.263227
0.285912
0.304066
0.317406
0.325768
0.32908
0.32718
0.319804
0.306354
0.286072
0.25807
0.221254
0.174353
0.115854
0.043919
-0.0439174
-0.151166
-0.28428
0.804877
0.677574
0.532154
0.386119
0.247958
0.122458
0.0121844
-0.0819016
-0.160035
-0.223286
-0.273093
-0.310912
-0.338238
-0.356576
-0.367371
-0.371945
-0.371452
-0.366874
-0.358989
-0.348349
-0.335332
-0.320191
-0.303105
-0.284241
-0.263762
-0.242003
-0.219224
-0.195835
-0.172085
-0.14833
-0.124785
-0.10129
-0.0780303
-0.0547166
-0.0307771
-0.00565614
0.0202377
0.0473824
0.0760719
0.106143
0.13711
0.168251
0.198701
0.227534
0.253862
0.276902
0.296051
0.310875
0.321131
0.326809
0.327985
0.32475
0.317036
0.304575
0.286731
0.262646
0.231306
0.191506
0.141843
0.0807157
0.00624119
-0.0840686
-0.193847
-0.329835
0.782169
0.645189
0.495055
0.347513
0.209931
0.086311
-0.0213378
-0.112461
-0.187572
-0.247907
-0.294934
-0.330098
-0.354875
-0.370728
-0.379043
-0.381081
-0.377969
-0.370671
-0.359987
-0.346542
-0.330803
-0.313135
-0.293813
-0.273031
-0.250962
-0.227829
-0.203744
-0.178906
-0.153454
-0.127455
-0.101071
-0.0743103
-0.0469897
-0.0189378
0.00990781
0.0396559
0.0705747
0.102649
0.134226
0.165157
0.195187
0.22373
0.25007
0.273474
0.29332
0.309123
0.320628
0.327745
0.33052
0.329152
0.323873
0.314843
0.30203
0.285131
0.263451
0.236042
0.201786
0.159383
0.107341
0.0440188
-0.0324471
-0.124553
-0.236162
-0.374062
0.751228
0.606983
0.454446
0.307383
0.171999
0.0515434
-0.0524639
-0.139648
-0.210854
-0.267818
-0.311714
-0.343839
-0.365668
-0.378637
-0.384093
-0.383264
-0.377239
-0.366955
-0.353253
-0.336805
-0.318142
-0.297742
-0.275939
-0.252977
-0.229049
-0.204341
-0.178869
-0.152679
-0.125843
-0.0982269
-0.0698339
-0.0406279
-0.0106033
0.0202699
0.0524772
0.0854539
0.119019
0.152955
0.186857
0.218485
0.246928
0.272035
0.293477
0.310884
0.323976
0.332609
0.336844
0.336853
0.332891
0.325296
0.314376
0.300305
0.283054
0.262272
0.237208
0.206844
0.169999
0.125296
0.0712074
0.00610529
-0.0718075
-0.16506
-0.277673
-0.416333
0.713025
0.56403
0.411306
0.266525
0.134739
0.0182352
-0.0810617
-0.162852
-0.229313
-0.28251
-0.323352
-0.35255
-0.371476
-0.38159
-0.384236
-0.380618
-0.371793
-0.358711
-0.342232
-0.323031
-0.301699
-0.278768
-0.2546
-0.229479
-0.203596
-0.177132
-0.150065
-0.122336
-0.0939474
-0.0647826
-0.0346847
-0.00360803
0.0284376
0.0613579
0.095099
0.129624
0.164476
0.198912
0.232349
0.263853
0.290127
0.311302
0.327555
0.338948
0.345546
0.347518
0.345192
0.338928
0.329113
0.316159
0.300392
0.281974
0.260867
0.236671
0.208589
0.175565
0.13638
0.0896326
0.0338073
-0.0326434
-0.111445
-0.205183
-0.317811
-0.45572
0.668701
0.517495
0.366639
0.225702
0.09813
-0.0137417
-0.106832
-0.182846
-0.244159
-0.293107
-0.330652
-0.357025
-0.373218
-0.380699
-0.380798
-0.374702
-0.36347
-0.348051
-0.329266
-0.307794
-0.284261
-0.259188
-0.232932
-0.205787
-0.177938
-0.149556
-0.120634
-0.091076
-0.0608842
-0.0299568
0.00178123
0.0343589
0.0677753
0.101869
0.136416
0.171098
0.205683
0.239429
0.271283
0.300507
0.323989
0.340998
0.352131
0.357837
0.358504
0.354565
0.346538
0.334907
0.320127
0.302637
0.282746
0.260593
0.23613
0.208911
0.178115
0.142681
0.101386
0.0528366
-0.00440306
-0.0717419
-0.150875
-0.244337
-0.355945
-0.491531
0.619495
0.468528
0.321364
0.185178
0.0621723
-0.0430285
-0.129637
-0.199855
-0.256207
-0.300758
-0.334781
-0.358264
-0.371829
-0.376871
-0.374689
-0.366451
-0.353204
-0.335856
-0.31518
-0.291858
-0.266507
-0.239592
-0.211462
-0.18242
-0.15264
-0.122274
-0.0913746
-0.0599475
-0.0279323
0.00466158
0.0378213
0.071508
0.10564
0.140073
0.174538
0.208582
0.2418
0.273762
0.30317
0.329171
0.349048
0.361657
0.367867
0.368389
0.363827
0.354796
0.341939
0.325807
0.306885
0.285595
0.262217
0.236858
0.209459
0.179543
0.146293
0.108678
0.0654893
0.0154005
-0.0428936
-0.110675
-0.189524
-0.281905
-0.391075
-0.52223
0.566649
0.418203
0.276195
0.145041
0.0283436
-0.0695251
-0.149575
-0.214201
-0.265725
-0.306
-0.336265
-0.356697
-0.367631
-0.370315
-0.36599
-0.355788
-0.340718
-0.321639
-0.299304
-0.274391
-0.247459
-0.218924
-0.189142
-0.158431
-0.126931
-0.0948142
-0.0622054
-0.029191
0.004251
0.0380423
0.0721234
0.106379
0.140594
0.174659
0.208268
0.240959
0.272206
0.301557
0.327883
0.350164
0.365896
0.374067
0.375691
0.371609
0.362555
0.349247
0.332397
0.312579
0.290267
0.265842
0.23954
0.211434
0.181452
0.149118
0.113643
0.074043
0.0291747
-0.0221662
-0.0811148
-0.14883
-0.226732
-0.317128
-0.422581
-0.546955
0.511312
0.367478
0.231472
0.106415
-0.00242691
-0.0928691
-0.166536
-0.225753
-0.272607
-0.308706
-0.335095
-0.35225
-0.360403
-0.36067
-0.354205
-0.342091
-0.325277
-0.304597
-0.280789
-0.254484
-0.226188
-0.196297
-0.165172
-0.133123
-0.100312
-0.06692
-0.0331172
0.000948432
0.0352027
0.0695991
0.103985
0.138164
0.171894
0.204956
0.237079
0.26782
0.296567
0.322839
0.345641
0.363919
0.375257
0.379119
0.376576
0.368517
0.35572
0.338928
0.318857
0.296074
0.271026
0.244053
0.215338
0.184912
0.152679
0.118182
0.0806851
0.0392915
-0.00703123
-0.0593231
-0.118541
-0.185668
-0.261957
-0.349342
-0.449819
-0.563965
0.454627
0.317178
0.188156
0.070471
-0.0299566
-0.112965
-0.180375
-0.234317
-0.276598
-0.308557
-0.330994
-0.344714
-0.349968
-0.347773
-0.339188
-0.325215
-0.306753
-0.284601
-0.259439
-0.231884
-0.202417
-0.171413
-0.13923
-0.106203
-0.0725349
-0.0383913
-0.00397516
0.030529
0.0649995
0.0993266
0.133324
0.166755
0.199355
0.230829
0.260914
0.289164
0.314959
0.337786
0.356753
0.370899
0.37788
0.377776
0.371615
0.360248
0.344428
0.324876
0.302276
0.277172
0.249963
0.220939
0.190231
0.157848
0.123684
0.0873125
0.0480595
0.00512126
-0.0423915
-0.0953073
-0.154401
-0.220376
-0.294345
-0.377563
-0.471401
-0.571154
0.397976
0.268342
0.147169
0.0383756
-0.0535691
-0.129302
-0.190642
-0.239473
-0.27731
-0.305214
-0.323743
-0.333996
-0.336335
-0.331702
-0.321032
-0.305252
-0.285198
-0.261592
-0.235117
-0.206403
-0.175894
-0.143948
-0.110964
-0.0773219
-0.0432567
-0.00890651
0.0255232
0.0598165
0.0938052
0.127326
0.160202
0.192185
0.222987
0.252286
0.279778
0.305042
0.327497
0.346642
0.361674
0.371774
0.374684
0.371091
0.361904
0.347889
0.329734
0.308099
0.283616
0.256782
0.227951
0.197344
0.165048
0.131054
0.0952536
0.0572739
0.0165317
-0.0276699
-0.076064
-0.129243
-0.187796
-0.252063
-0.322982
-0.40121
-0.486652
-0.571482
0.343151
0.222607
0.110338
0.0110631
-0.0724451
-0.141126
-0.196651
-0.240617
-0.274227
-0.298254
-0.313016
-0.319901
-0.319428
-0.312439
-0.299761
-0.282212
-0.260547
-0.235494
-0.207735
-0.177911
-0.146447
-0.113747
-0.0802579
-0.0463865
-0.0124097
0.021562
0.0553403
0.0886956
0.121437
0.153383
0.184382
0.214195
0.242531
0.269062
0.293474
0.315393
0.3343
0.349709
0.360883
0.367095
0.366467
0.359997
0.348444
0.332468
0.312662
0.289607
0.26386
0.235869
0.205924
0.174186
0.140705
0.105462
0.0683446
0.0290372
-0.01294
-0.0581601
-0.107162
-0.160272
-0.217869
-0.279926
-0.347011
-0.419308
-0.493991
-0.564465
0.291187
0.180984
0.0783773
-0.0112339
-0.0865455
-0.148537
-0.19863
-0.23807
-0.26772
-0.288091
-0.299259
-0.302964
-0.299819
-0.290513
-0.27578
-0.25635
-0.232993
-0.206441
-0.177399
-0.146506
-0.114226
-0.0810347
-0.0474253
-0.0138238
0.0194921
0.0524249
0.0848054
0.116424
0.147116
0.176719
0.205106
0.232073
0.25735
0.280638
0.301643
0.320034
0.335353
0.347126
0.354706
0.357369
0.353922
0.345285
0.332085
0.31486
0.294098
0.270286
0.243894
0.215298
0.184743
0.152345
0.118116
0.0820164
0.043928
0.00358753
-0.0393651
-0.0853642
-0.134715
-0.187488
-0.243746
-0.303162
-0.36575
-0.431355
-0.494126
-0.550748
0.241987
0.142891
0.0507849
-0.0292972
-0.0967605
-0.152448
-0.197438
-0.23238
-0.257915
-0.27457
-0.282456
-0.283566
-0.278212
-0.267211
-0.251138
-0.229884
-0.20439
-0.176005
-0.145447
-0.113414
-0.0804432
-0.0470556
-0.0137708
0.0189978
0.0510039
0.0821612
0.112357
0.141454
0.169347
0.195918
0.221076
0.244669
0.266476
0.286241
0.303704
0.318574
0.330448
0.338878
0.343322
0.343102
0.337595
0.327549
0.313448
0.295709
0.274706
0.250819
0.224398
0.195757
0.16511
0.132539
0.0980213
0.0615031
0.0228605
-0.018133
-0.0617403
-0.108237
-0.157694
-0.209914
-0.264586
-0.321077
-0.378951
-0.437212
-0.488403
-0.531632
0.195835
0.108573
0.0274097
-0.0433265
-0.103227
-0.152272
-0.191446
-0.221496
-0.242999
-0.256315
-0.261494
-0.260297
-0.253465
-0.241596
-0.224481
-0.202642
-0.176784
-0.146352
-0.11414
-0.0809676
-0.0474715
-0.0142303
0.0182325
0.0495596
0.0795735
0.10824
0.135545
0.161456
0.185955
0.208989
0.230518
0.25045
0.268619
0.284818
0.298827
0.310396
0.319175
0.324751
0.326692
0.324409
0.31767
0.307016
0.292794
0.275303
0.254797
0.231496
0.205656
0.177592
0.14753
0.115493
0.0813565
0.045001
0.00626225
-0.0350864
-0.0791557
-0.125997
-0.17537
-0.226835
-0.279728
-0.333033
-0.386106
-0.437035
-0.477133
-0.507583
0.153756
0.0790108
0.00896188
-0.0524255
-0.10408
-0.146596
-0.180427
-0.206069
-0.223876
-0.234144
-0.237017
-0.234194
-0.226359
-0.213576
-0.19641
-0.174337
-0.148379
-0.118068
-0.0846623
-0.0508701
-0.0174736
0.0148956
0.04575
0.0748277
0.102063
0.127517
0.151296
0.173491
0.194186
0.213397
0.231144
0.247385
0.262006
0.274842
0.285719
0.294426
0.300662
0.304054
0.304272
0.300849
0.293755
0.283326
0.269789
0.253324
0.234026
0.212007
0.187498
0.160837
0.132194
0.101458
0.0684215
0.0328263
-0.00560471
-0.0469271
-0.0909732
-0.137811
-0.186977
-0.237486
-0.288593
-0.338528
-0.385274
-0.426987
-0.457553
-0.477535
0.11697
0.0553522
-0.00342123
-0.0551831
-0.0992724
-0.135585
-0.164388
-0.185939
-0.20049
-0.208322
-0.209473
-0.205618
-0.197394
-0.184641
-0.167639
-0.14657
-0.120815
-0.0918352
-0.0581585
-0.0247982
0.00733724
0.0376167
0.0656594
0.0913588
0.114808
0.136204
0.155783
0.173751
0.190287
0.205478
0.219402
0.232064
0.243384
0.253231
0.261465
0.267913
0.27231
0.274332
0.273727
0.270163
0.263655
0.254355
0.242384
0.227785
0.210519
0.19064
0.16837
0.144058
0.117735
0.0891924
0.0580273
0.023803
-0.0136384
-0.0541089
-0.0977728
-0.144424
-0.193096
-0.242733
-0.290964
-0.335429
-0.375547
-0.40924
-0.431945
-0.443509
0.0862378
0.0384253
-0.00890706
-0.0514873
-0.0882359
-0.118753
-0.142974
-0.160959
-0.172893
-0.179042
-0.179607
-0.175739
-0.168035
-0.15647
-0.140506
-0.121109
-0.0967759
-0.0693834
-0.0372516
-0.00570188
0.0235888
0.0500896
0.0736257
0.0943253
0.112501
0.128532
0.142805
0.155642
0.167306
0.177969
0.187767
0.196749
0.204864
0.211998
0.218033
0.22282
0.226111
0.22765
0.227239
0.22467
0.219891
0.212907
0.203722
0.192255
0.17838
0.162104
0.143626
0.12319
0.100717
0.0758391
0.0479299
0.0165254
-0.0184047
-0.0570833
-0.0996069
-0.145384
-0.193469
-0.240989
-0.284782
-0.323722
-0.357122
-0.383329
-0.399448
-0.405033
