-1.21544
-1.27691
-1.2956
-1.28886
-1.26571
-1.23182
-1.22247
-1.17419
-1.10223
-1.00413
-0.873748
-0.704132
-0.488668
-0.222111
0.0950513
0.440697
0.785873
1.11891
1.42995
1.71148
1.9599
2.17703
2.37059
2.55237
2.73422
2.91798
3.07859
3.187
3.20193
3.10065
2.88673
2.59924
2.27178
1.90605
1.55986
1.25578
0.996653
0.781516
0.606319
0.465503
0.352834
0.262002
0.187177
0.123431
0.0668926
0.0146939
-0.0352243
-0.08433
-0.133257
-0.18131
-0.228429
-0.275719
-0.324151
-0.3743
-0.426241
-0.479425
-0.532519
-0.583132
-0.627384
-0.659298
-0.670163
-0.648191
-0.579041
-0.447829
-1.28941
-1.37965
-1.41839
-1.41878
-1.39033
-1.34073
-1.31555
-1.24339
-1.14925
-1.03441
-0.896386
-0.731705
-0.536479
-0.306141
-0.0354437
0.262677
0.585092
0.930106
1.29249
1.66519
2.04083
2.41353
2.78077
3.1428
3.49863
3.81962
4.05026
4.15257
4.08127
3.82667
3.41885
2.92845
2.39032
1.8858
1.46152
1.11988
0.853931
0.650576
0.49532
0.375241
0.279955
0.20152
0.134036
0.0732225
0.0160343
-0.0396794
-0.0954778
-0.152489
-0.209843
-0.264451
-0.315932
-0.366151
-0.416564
-0.468018
-0.520619
-0.573628
-0.625329
-0.672748
-0.711175
-0.733442
-0.729087
-0.683689
-0.579055
-0.395462
-1.33067
-1.42811
-1.4777
-1.48236
-1.44863
-1.3849
-1.34555
-1.25427
-1.14519
-1.02214
-0.884537
-0.730049
-0.554674
-0.352636
-0.116316
0.149104
0.450418
0.793488
1.1773
1.59486
2.03496
2.48557
2.93794
3.38619
3.82049
4.17459
4.40009
4.46089
4.3171
3.96654
3.43135
2.79765
2.16685
1.61929
1.18323
0.856094
0.619885
0.451471
0.329646
0.238019
0.165076
0.103103
0.0470088
-0.00657826
-0.0599338
-0.114649
-0.171913
-0.232389
-0.291866
-0.345332
-0.393661
-0.439421
-0.484685
-0.530757
-0.578041
-0.625963
-0.672868
-0.715735
-0.749609
-0.766653
-0.754822
-0.696445
-0.567889
-0.342675
-1.35763
-1.44695
-1.49805
-1.50229
-1.46172
-1.38427
-1.33224
-1.22553
-1.10626
-0.979546
-0.845352
-0.701222
-0.542588
-0.363147
-0.153734
0.0877622
0.370802
0.705042
1.09218
1.52506
1.9895
2.4694
2.95284
3.42977
3.87674
4.20195
4.38826
4.40135
4.19941
3.77723
3.1697
2.47532
1.81367
1.26558
0.853949
0.565672
0.372033
0.243184
0.154966
0.0903591
0.0383566
-0.00785353
-0.0524558
-0.0980843
-0.14647
-0.198813
-0.255956
-0.31732
-0.374261
-0.421454
-0.461972
-0.499059
-0.535448
-0.573022
-0.612662
-0.654216
-0.696408
-0.736524
-0.769682
-0.787482
-0.775919
-0.713049
-0.568351
-0.307153
-1.38001
-1.4511
-1.4957
-1.49433
-1.44425
-1.35236
-1.28923
-1.16985
-1.04303
-0.914387
-0.783855
-0.648628
-0.503704
-0.342553
-0.155211
0.0658014
0.329941
0.647693
1.02224
1.44727
1.90877
2.39075
2.8811
3.36194
3.76849
4.05124
4.19793
4.18073
3.94479
3.46061
2.78442
2.05087
1.39353
0.882161
0.523069
0.288673
0.142332
0.0517943
-0.00659965
-0.0483986
-0.0831231
-0.116405
-0.151597
-0.190787
-0.235341
-0.286171
-0.343717
-0.403072
-0.453416
-0.492117
-0.523048
-0.550197
-0.576999
-0.605949
-0.638479
-0.674958
-0.714617
-0.755163
-0.791801
-0.815362
-0.809411
-0.747105
-0.590322
-0.295352
-1.40324
-1.44983
-1.48155
-1.46959
-1.40685
-1.29887
-1.22625
-1.0957
-0.962072
-0.831483
-0.703633
-0.575212
-0.440718
-0.293721
-0.124123
0.0782957
0.323728
0.622856
0.980219
1.39102
1.8418
2.31514
2.79443
3.24642
3.59701
3.83049
3.92396
3.83302
3.50263
2.93321
2.22172
1.51593
0.928961
0.501359
0.219386
0.0468873
-0.0533401
-0.110652
-0.145233
-0.169797
-0.191928
-0.216065
-0.244882
-0.280072
-0.322722
-0.373446
-0.431833
-0.487547
-0.529505
-0.558791
-0.579989
-0.597787
-0.616238
-0.638365
-0.666071
-0.700187
-0.740384
-0.784665
-0.828095
-0.86043
-0.862581
-0.802804
-0.63537
-0.307205
-1.43005
-1.4487
-1.46261
-1.43561
-1.35703
-1.23086
-1.14985
-1.00798
-0.867177
-0.733744
-0.60672
-0.482084
-0.353896
-0.216217
-0.0587319
0.129987
0.361418
0.647144
0.992908
1.39487
1.83936
2.30594
2.76771
3.14161
3.40303
3.52841
3.48911
3.25428
2.81051
2.20359
1.54287
0.946544
0.483952
0.165527
-0.0335266
-0.148254
-0.210029
-0.242093
-0.259896
-0.273036
-0.287269
-0.306071
-0.331641
-0.365416
-0.408255
-0.460423
-0.518931
-0.568947
-0.60207
-0.622283
-0.634876
-0.645156
-0.657659
-0.675778
-0.701735
-0.736654
-0.780428
-0.831062
-0.883136
-0.925112
-0.935397
-0.877882
-0.699809
-0.33882
-1.46139
-1.45056
-1.4431
-1.39735
-1.30013
-1.15386
-1.0638
-0.910202
-0.761675
-0.623477
-0.494565
-0.370362
-0.244534
-0.111095
0.0409266
0.224494
0.452368
0.736698
1.08358
1.48872
1.93535
2.39186
2.77362
3.03703
3.15357
3.1031
2.8814
2.50153
1.99665
1.43156
0.890853
0.442959
0.115631
-0.0993411
-0.227616
-0.297238
-0.331394
-0.346754
-0.354343
-0.361127
-0.371466
-0.388187
-0.413209
-0.4478
-0.492599
-0.547389
-0.603787
-0.646125
-0.670968
-0.683328
-0.689209
-0.694436
-0.703864
-0.721072
-0.7484
-0.787025
-0.836749
-0.895191
-0.95613
-1.00671
-1.02332
-0.966424
-0.777227
-0.384435
-1.49658
-1.45567
-1.42382
-1.35561
-1.23654
-1.06822
-0.962932
-0.798516
-0.642169
-0.498855
-0.366771
-0.240931
-0.114579
0.0197313
0.174451
0.364031
0.602473
0.902059
1.26784
1.69143
2.14325
2.53232
2.79837
2.90054
2.81847
2.56552
2.1826
1.72105
1.23163
0.765013
0.365336
0.057686
-0.156338
-0.291576
-0.368931
-0.408226
-0.425193
-0.431131
-0.433704
-0.438011
-0.447505
-0.46463
-0.491128
-0.528086
-0.575837
-0.633155
-0.6859
-0.720086
-0.737225
-0.743134
-0.744393
-0.747138
-0.756326
-0.775505
-0.806896
-0.851428
-0.908435
-0.974783
-1.04326
-1.0999
-1.11981
-1.06119
-0.860435
-0.437831
-1.53333
-1.46206
-1.40366
-1.31087
-1.16887
-0.978951
-0.857451
-0.683046
-0.518735
-0.369445
-0.232742
-0.102783
0.0281663
0.171002
0.339633
0.550086
0.817243
1.15245
1.55613
2.00513
2.40477
2.68405
2.78436
2.67696
2.38366
1.96672
1.4985
1.03716
0.619823
0.26812
-0.00770919
-0.208105
-0.342416
-0.424842
-0.470287
-0.491798
-0.499655
-0.501461
-0.502682
-0.507266
-0.51815
-0.537566
-0.567113
-0.607661
-0.659164
-0.717171
-0.764071
-0.790623
-0.801278
-0.802573
-0.801502
-0.804319
-0.815874
-0.839471
-0.876948
-0.928654
-0.993092
-1.0661
-1.13949
-1.19863
-1.21817
-1.15529
-0.942821
-0.493314
-1.57002
-1.46873
-1.38235
-1.26325
-1.09746
-0.886478
-0.749414
-0.565867
-0.394049
-0.238426
-0.0955621
0.0419166
0.184182
0.346036
0.542697
0.791639
1.1077
1.49792
1.94736
2.36024
2.66152
2.7741
2.65563
2.32933
1.87235
1.37539
0.907863
0.506583
0.182293
-0.0679628
-0.252495
-0.381588
-0.466288
-0.517486
-0.54509
-0.557524
-0.561604
-0.562688
-0.564956
-0.571712
-0.585605
-0.608703
-0.642411
-0.687287
-0.742728
-0.798838
-0.838489
-0.858398
-0.864129
-0.862824
-0.861711
-0.866959
-0.88311
-0.912993
-0.957775
-1.01689
-1.08773
-1.16502
-1.23979
-1.29731
-1.31268
-1.24312
-1.01912
-0.546312
-1.60371
-1.47253
-1.35711
-1.211
-1.02183
-0.791583
-0.640329
-0.44886
-0.270079
-0.107347
0.0444573
0.195298
0.359393
0.553473
0.79499
1.10202
1.48572
1.9363
2.36464
2.69242
2.82635
2.70933
2.36135
1.86935
1.33883
0.850341
0.444002
0.127077
-0.110803
-0.284939
-0.409302
-0.49509
-0.551282
-0.585401
-0.603934
-0.612507
-0.615951
-0.61837
-0.623241
-0.633502
-0.651586
-0.679341
-0.717856
-0.767255
-0.825848
-0.878351
-0.910743
-0.924954
-0.927323
-0.925373
-0.926332
-0.936058
-0.958562
-0.995929
-1.04835
-1.11407
-1.18922
-1.26753
-1.33968
-1.39143
-1.39906
-1.32075
-1.08571
-0.593599
-1.63138
-1.47034
-1.32539
-1.15256
-0.94152
-0.694845
-0.531385
-0.333034
-0.147079
0.0251798
0.191529
0.365846
0.565012
0.807763
1.11346
1.49697
1.94664
2.39059
2.74419
2.90176
2.79358
2.43449
1.91658
1.35633
0.843944
0.423979
0.102996
-0.132934
-0.303498
-0.426055
-0.513306
-0.573992
-0.614393
-0.639537
-0.653851
-0.661417
-0.666006
-0.671061
-0.679664
-0.694498
-0.717755
-0.75098
-0.794861
-0.849034
-0.908293
-0.955147
-0.981335
-0.991383
-0.992255
-0.991679
-0.996682
-1.0126
-1.04268
-1.08797
-1.14743
-1.21794
-1.29446
-1.37004
-1.43551
-1.47767
-1.47452
-1.38585
-1.1405
-0.633228
-1.65029
-1.45937
-1.28492
-1.08647
-0.855892
-0.596271
-0.422937
-0.217682
-0.0222153
0.16544
0.356331
0.567822
0.818428
1.12924
1.51739
1.96856
2.4248
2.79749
2.97381
2.87573
2.51315
1.97938
1.39731
0.864434
0.429737
0.100547
-0.13873
-0.310271
-0.433743
-0.523342
-0.588276
-0.634439
-0.665997
-0.686438
-0.699078
-0.707213
-0.714082
-0.722766
-0.736072
-0.75641
-0.78564
-0.824877
-0.874306
-0.932909
-0.990363
-1.03081
-1.05202
-1.05954
-1.06077
-1.06345
-1.07419
-1.09757
-1.13576
-1.18855
-1.25346
-1.32607
-1.40042
-1.46939
-1.52443
-1.55378
-1.53751
-1.43738
-1.18259
-0.664283
-1.65798
-1.43717
-1.23365
-1.01115
-0.763664
-0.494748
-0.313488
-0.0986337
0.112932
0.326459
0.555897
0.821234
1.14265
1.53942
1.99375
2.45657
2.83774
3.02263
2.93133
2.5705
2.0313
1.43799
0.892008
0.446005
0.108923
-0.135113
-0.309523
-0.435348
-0.527851
-0.596794
-0.648081
-0.685467
-0.711809
-0.729786
-0.742193
-0.751968
-0.762076
-0.775347
-0.794305
-0.820999
-0.856827
-0.902357
-0.957194
-1.01917
-1.07323
-1.10769
-1.12509
-1.13163
-1.13493
-1.1425
-1.16025
-1.19171
-1.23774
-1.29662
-1.36447
-1.43579
-1.50419
-1.56285
-1.60427
-1.61837
-1.58737
-1.47517
-1.21196
-0.686558
-1.65224
-1.4015
-1.16942
-0.924345
-0.662118
-0.387017
-0.197532
0.0351091
0.274091
0.527727
0.81268
1.15138
1.55641
2.01371
2.47534
2.85192
3.03309
2.943
2.58753
2.05324
1.46091
0.911981
0.46118
0.119428
-0.128313
-0.305587
-0.434006
-0.529418
-0.601981
-0.657706
-0.700172
-0.731852
-0.754954
-0.771833
-0.785099
-0.797541
-0.811943
-0.830878
-0.85651
-0.89042
-0.933451
-0.985601
-1.0459
-1.10819
-1.15713
-1.18708
-1.20232
-1.20958
-1.21658
-1.23033
-1.25582
-1.29521
-1.34782
-1.4104
-1.47788
-1.54415
-1.6029
-1.64805
-1.6734
-1.67061
-1.62396
-1.49955
-1.22903
-0.700263
-1.63091
-1.35003
-1.08961
-0.822514
-0.546012
-0.265538
-0.0607121
0.202548
0.482515
0.79342
1.15237
1.56905
2.02475
2.47478
2.83279
2.99755
2.90195
2.5535
2.0331
1.45411
0.913843
0.466812
0.125621
-0.123105
-0.302003
-0.432427
-0.530308
-0.605944
-0.665404
-0.712179
-0.748507
-0.776267
-0.797462
-0.814408
-0.829697
-0.846033
-0.865995
-0.891807
-0.925143
-0.966988
-1.01755
-1.07621
-1.14118
-1.20169
-1.24531
-1.27172
-1.28602
-1.29534
-1.3072
-1.32785
-1.36096
-1.40713
-1.46401
-1.52706
-1.59041
-1.64787
-1.69369
-1.72283
-1.73049
-1.70996
-1.6474
-1.51103
-1.23442
-0.705803
-1.59091
-1.27891
-0.988616
-0.696564
-0.399802
-0.102093
0.129586
0.425437
0.761904
1.14149
1.56398
2.01566
2.44584
2.77482
2.91323
2.80611
2.46508
1.96552
1.41094
0.890891
0.457058
0.122843
-0.123063
-0.301513
-0.432812
-0.53242
-0.610476
-0.672983
-0.723341
-0.763626
-0.795483
-0.820653
-0.841208
-0.859564
-0.878334
-0.900087
-0.927085
-0.961058
-1.00305
-1.05336
-1.11154
-1.17637
-1.24399
-1.30075
-1.33948
-1.36309
-1.37738
-1.38964
-1.40693
-1.43437
-1.47402
-1.52475
-1.58275
-1.64253
-1.69799
-1.74332
-1.77364
-1.78513
-1.77432
-1.73593
-1.65779
-1.51011
-1.22873
-0.703629
-1.52808
-1.18331
-0.860444
-0.538231
-0.211933
0.115336
0.39246
0.734294
1.12403
1.55099
1.99009
2.39281
2.68326
2.78675
2.66209
2.32714
1.85252
1.33058
0.840523
0.428683
0.108008
-0.130811
-0.306284
-0.436989
-0.537395
-0.617155
-0.682047
-0.735329
-0.778936
-0.814337
-0.843076
-0.867038
-0.888493
-0.909976
-0.934047
-0.962999
-0.998601
-1.04192
-1.09326
-1.15222
-1.21767
-1.2877
-1.35406
-1.40523
-1.43941
-1.46069
-1.47546
-1.49101
-1.51357
-1.54675
-1.59086
-1.64316
-1.6987
-1.75155
-1.79585
-1.82651
-1.83971
-1.83284
-1.80363
-1.74797
-1.65512
-1.49715
-1.21249
-0.694166
-1.43628
-1.05606
-0.696323
-0.336308
0.0287805
0.39517
0.72741
1.11498
1.53516
1.95406
2.31905
2.56381
2.62612
2.47985
2.14946
1.70165
1.21736
0.764075
0.381083
0.0795984
-0.148114
-0.318022
-0.446539
-0.546721
-0.627441
-0.694085
-0.749699
-0.796066
-0.834511
-0.866423
-0.893542
-0.918027
-0.942356
-0.969082
-1.00052
-1.03848
-1.084
-1.13735
-1.19803
-1.26492
-1.3362
-1.40856
-1.47016
-1.51431
-1.54311
-1.56161
-1.57665
-1.59509
-1.62192
-1.65898
-1.70486
-1.75545
-1.80515
-1.84805
-1.87884
-1.89335
-1.88884
-1.86386
-1.81712
-1.74542
-1.63922
-1.47234
-1.1861
-0.677802
-1.30837
-0.888353
-0.485305
-0.0804916
0.328311
0.734575
1.11227
1.51506
1.90452
2.22641
2.42046
2.43955
2.27045
1.94438
1.52398
1.07934
0.6662
0.316102
0.0376651
-0.175843
-0.337977
-0.462826
-0.561787
-0.642742
-0.710542
-0.767955
-0.816591
-0.857639
-0.892363
-0.92239
-0.949794
-0.977006
-1.00658
-1.04084
-1.08161
-1.1299
-1.1859
-1.24898
-1.31784
-1.39069
-1.46485
-1.53301
-1.58566
-1.62134
-1.64376
-1.65893
-1.67381
-1.69443
-1.72414
-1.76294
-1.80789
-1.85395
-1.8952
-1.92612
-1.94216
-1.94013
-1.91837
-1.87641
-1.81374
-1.72775
-1.60997
-1.43587
-1.14992
-0.654913
-1.13777
-0.672971
-0.222555
0.226826
0.672063
1.09956
1.48279
1.83719
2.113
2.25723
2.23489
2.04547
1.72488
1.3319
0.926444
0.553549
0.237347
-0.0164404
-0.21404
-0.366933
-0.486985
-0.583886
-0.664427
-0.732846
-0.791581
-0.842055
-0.885321
-0.922535
-0.955227
-0.985402
-1.01545
-1.04791
-1.08512
-1.12886
-1.18009
-1.23885
-1.30435
-1.37509
-1.44902
-1.52366
-1.59469
-1.65245
-1.69267
-1.71769
-1.73262
-1.74408
-1.75858
-1.78076
-1.8121
-1.85079
-1.8927
-1.93222
-1.9634
-1.98136
-1.9825
-1.96457
-1.92687
-1.86977
-1.79322
-1.69502
-1.56763
-1.38808
-1.10436
-0.625877
-0.92182
-0.411606
0.0806307
0.560186
1.0146
1.41963
1.74336
1.97561
2.07534
2.01872
1.81457
1.50235
1.13645
0.768015
0.432933
0.149018
-0.0806757
-0.26217
-0.405277
-0.519915
-0.614184
-0.693809
-0.762399
-0.822046
-0.873977
-0.919116
-0.958517
-0.993621
-1.02637
-1.05909
-1.0943
-1.1343
-1.18081
-1.23468
-1.2958
-1.36311
-1.43496
-1.50906
-1.58272
-1.65271
-1.7116
-1.75356
-1.77928
-1.79303
-1.80097
-1.80966
-1.82446
-1.84824
-1.88052
-1.91789
-1.95539
-1.98713
-2.00744
-2.01235
-1.99928
-1.96681
-1.91505
-1.84491
-1.75647
-1.64729
-1.51156
-1.32809
-1.04891
-0.590879
-0.668066
-0.122937
0.390862
0.867687
1.28421
1.60831
1.809
1.87482
1.79471
1.58443
1.28464
0.945568
0.611037
0.309809
0.0548044
-0.152992
-0.319471
-0.453134
-0.562298
-0.653696
-0.732101
-0.800537
-0.860765
-0.913823
-0.960513
-1.00179
-1.039
-1.074
-1.10907
-1.14664
-1.18893
-1.23758
-1.29329
-1.35574
-1.42369
-1.49514
-1.56784
-1.6389
-1.70516
-1.76177
-1.80234
-1.82652
-1.83796
-1.84219
-1.8456
-1.8538
-1.8704
-1.89634
-1.92923
-1.96441
-1.99651
-2.01968
-2.02885
-2.02119
-1.99497
-1.9489
-1.88369
-1.80119
-1.70188
-1.58425
-1.44238
-1.257
-0.984491
-0.550193
-0.399124
0.156369
0.656063
1.08375
1.41014
1.60593
1.65485
1.56485
1.35838
1.07591
0.763594
0.459627
0.187659
-0.0426934
-0.231761
-0.385207
-0.510476
-0.61461
-0.703243
-0.78035
-0.848455
-0.909027
-0.962931
-1.01085
-1.05364
-1.09254
-1.12932
-1.16615
-1.20536
-1.24906
-1.29873
-1.35493
-1.41718
-1.484
-1.55332
-1.62257
-1.6892
-1.75005
-1.80174
-1.83856
-1.85945
-1.86781
-1.86857
-1.86754
-1.87036
-1.88097
-1.90099
-1.92951
-1.96252
-1.99446
-2.02003
-2.0337
-2.03051
-2.00924
-1.9693
-1.91042
-1.83357
-1.74044
-1.63194
-1.50714
-1.36057
-1.17486
-0.911029
-0.503843
-0.149426
0.380373
0.823095
1.15769
1.35931
1.41423
1.33024
1.13779
0.877541
0.592091
0.315529
0.0682858
-0.141869
-0.315778
-0.458673
-0.577086
-0.677055
-0.763349
-0.839318
-0.907081
-0.967864
-1.02238
-1.07119
-1.11504
-1.15506
-1.1929
-1.23059
-1.27033
-1.3141
-1.36323
-1.41816
-1.47827
-1.54204
-1.60723
-1.67141
-1.73185
-1.78613
-1.83122
-1.86287
-1.87993
-1.88522
-1.88331
-1.8792
-1.87804
-1.88416
-1.89949
-1.92367
-1.95419
-1.98559
-2.01088
-2.02631
-2.02752
-2.01133
-1.97673
-1.9236
-1.85243
-1.76464
-1.66211
-1.54601
-1.41564
-1.26595
-1.08148
-0.828412
-0.451876
0.0459179
0.511904
0.862081
1.07943
1.1534
1.09181
0.92343
0.689757
0.43123
0.179281
-0.0473647
-0.241542
-0.403881
-0.538927
-0.652346
-0.74935
-0.834036
-0.909274
-0.976868
-1.03784
-1.09278
-1.14211
-1.18645
-1.22682
-1.2647
-1.302
-1.34079
-1.38291
-1.4296
-1.48124
-1.53722
-1.59603
-1.65556
-1.71326
-1.76691
-1.81388
-1.85223
-1.87846
-1.89181
-1.89467
-1.89097
-1.88527
-1.8818
-1.88455
-1.89628
-1.91655
-1.94173
-1.96918
-1.99337
-2.00887
-2.01205
-1.99971
-1.96966
-1.9215
-1.85567
-1.77332
-1.67618
-1.56613
-1.44428
-1.30995
-1.15849
-0.976659
-0.736469
-0.394343
0.165305
0.53863
0.779219
0.881183
0.85167
0.716129
0.512857
0.28117
0.0513758
-0.158265
-0.340253
-0.49442
-0.624365
-0.734865
-0.830396
-0.914507
-0.989687
-1.05749
-1.11878
-1.17398
-1.22343
-1.26758
-1.3073
-1.34395
-1.37931
-1.41534
-1.45386
-1.4961
-1.5425
-1.59258
-1.645
-1.69779
-1.74865
-1.79509
-1.83544
-1.86729
-1.88891
-1.89913
-1.90051
-1.89628
-1.88987
-1.88541
-1.88595
-1.89178
-1.90507
-1.92414
-1.94559
-1.96568
-1.97966
-1.98306
-1.97281
-1.94648
-1.90278
-1.84189
-1.76487
-1.67328
-1.56893
-1.45341
-1.32746
-1.1903
-1.03794
-0.859904
-0.63486
-0.331269
0.207881
0.475036
0.608586
0.615704
0.517482
0.347534
0.142653
-0.0670476
-0.262706
-0.435772
-0.584843
-0.712356
-0.82213
-0.917922
-1.00278
-1.07886
-1.14749
-1.20936
-1.26479
-1.31394
-1.35713
-1.39509
-1.42905
-1.46074
-1.49213
-1.5251
-1.56104
-1.60061
-1.64352
-1.68875
-1.73452
-1.77862
-1.81876
-1.85274
-1.8797
-1.897
-1.90567
-1.90642
-1.9025
-1.89621
-1.88839
-1.88236
-1.88137
-1.88646
-1.8974
-1.91193
-1.92656
-1.9374
-1.94009
-1.93074
-1.90682
-1.86684
-1.81047
-1.73855
-1.65255
-1.55409
-1.44464
-1.32523
-1.19612
-1.0565
-0.903524
-0.730271
-0.523019
-0.262661
0.189376
0.350716
0.392224
0.331111
0.195012
0.0167874
-0.174303
-0.358308
-0.525089
-0.671682
-0.799191
-0.9104
-1.00832
-1.09546
-1.17365
-1.24397
-1.30693
-1.36267
-1.41121
-1.45271
-1.4878
-1.51765
-1.54404
-1.56907
-1.59485
-1.62311
-1.65478
-1.69
-1.72788
-1.76694
-1.805
-1.83973
-1.86902
-1.89109
-1.90611
-1.91321
-1.91539
-1.91123
-1.89796
-1.88303
-1.86991
-1.86099
-1.85784
-1.8607
-1.86825
-1.87745
-1.88431
-1.8848
-1.87507
-1.8522
-1.81464
-1.76195
-1.69468
-1.61406
-1.52151
-1.41827
-1.30516
-1.18248
-1.05006
-0.907409
-0.753569
-0.586229
-0.400171
-0.188579
0.131648
0.195786
0.16407
0.0581459
-0.0950022
-0.268687
-0.442595
-0.604945
-0.75103
-0.880507
-0.995053
-1.09687
-1.18792
-1.26959
-1.34267
-1.40743
-1.46381
-1.51163
-1.55095
-1.58231
-1.60694
-1.62676
-1.64419
-1.66172
-1.68151
-1.70497
-1.73249
-1.76356
-1.79655
-1.82952
-1.85994
-1.88553
-1.90467
-1.91565
-1.9248
-1.92351
-1.90778
-1.88739
-1.86624
-1.84654
-1.83089
-1.82096
-1.81708
-1.81806
-1.82134
-1.82333
-1.8201
-1.80818
-1.78479
-1.74825
-1.69807
-1.63464
-1.55891
-1.47203
-1.37494
-1.26815
-1.15163
-1.02496
-0.887785
-0.74057
-0.58535
-0.42569
-0.265534
-0.109404
0.0538776
0.0323238
-0.0555484
-0.189529
-0.348335
-0.513478
-0.672536
-0.819327
-0.952083
-1.07136
-1.17851
-1.27488
-1.36137
-1.43838
-1.50585
-1.56346
-1.61083
-1.64789
-1.67518
-1.69406
-1.70672
-1.71599
-1.7249
-1.73612
-1.75157
-1.77201
-1.79688
-1.82483
-1.85335
-1.88029
-1.90299
-1.91895
-1.92744
-1.92962
-1.91443
-1.89287
-1.86793
-1.8416
-1.81699
-1.79599
-1.78016
-1.76985
-1.76405
-1.76057
-1.75638
-1.74806
-1.73241
-1.70693
-1.67008
-1.62124
-1.56068
-1.48913
-1.40741
-1.31616
-1.21551
-1.10501
-0.983735
-0.850702
-0.705916
-0.551878
-0.395112
-0.246403
-0.118918
-0.026434
-0.0309904
-0.12699
-0.257726
-0.409259
-0.568708
-0.725708
-0.8739
-1.01058
-1.13533
-1.24871
-1.35141
-1.4438
-1.52582
-1.59701
-1.65671
-1.70431
-1.73962
-1.76318
-1.77655
-1.78224
-1.78356
-1.78415
-1.78728
-1.79531
-1.8093
-1.82879
-1.85194
-1.87666
-1.89961
-1.91871
-1.9313
-1.92698
-1.9165
-1.898
-1.8731
-1.84427
-1.81433
-1.78517
-1.75908
-1.73724
-1.72008
-1.70689
-1.6959
-1.6846
-1.67013
-1.6497
-1.62107
-1.58282
-1.53437
-1.47579
-1.40759
-1.33034
-1.24432
-1.14933
-1.04448
-0.928268
-0.798898
-0.655276
-0.498775
-0.335612
-0.178705
-0.047079
0.0379811
0.0569065
-0.115758
-0.276433
-0.440433
-0.603467
-0.762009
-0.912784
-1.05376
-1.1842
-1.30412
-1.41364
-1.51261
-1.60048
-1.67637
-1.73919
-1.78808
-1.82271
-1.84359
-1.85244
-1.85216
-1.84647
-1.83954
-1.83529
-1.8365
-1.84435
-1.85834
-1.87653
-1.8959
-1.91423
-1.92755
-1.92621
-1.91419
-1.9011
-1.87973
-1.85205
-1.82013
-1.78605
-1.75227
-1.72045
-1.69206
-1.66753
-1.64646
-1.62755
-1.60878
-1.58776
-1.56211
-1.52985
-1.48965
-1.4409
-1.38357
-1.31795
-1.24433
-1.16273
-1.0726
-0.972663
-0.860854
-0.734542
-0.591392
-0.431145
-0.258368
-0.085408
0.0664898
0.170176
0.199227
0.133166
-0.197013
-0.414232
-0.604752
-0.775943
-0.933518
-1.08002
-1.21633
-1.34271
-1.45907
-1.56485
-1.65907
-1.74042
-1.80744
-1.8589
-1.8943
-1.91415
-1.92015
-1.91541
-1.90414
-1.89075
-1.87956
-1.87383
-1.87486
-1.8821
-1.89362
-1.90674
-1.91779
-1.91893
-1.91344
-1.90334
-1.88605
-1.86211
-1.83127
-1.79542
-1.75678
-1.71741
-1.67934
-1.64382
-1.61165
-1.58266
-1.55598
-1.53002
-1.50278
-1.47217
-1.43639
-1.39417
-1.34486
-1.28827
-1.22451
-1.15364
-1.07545
-0.98911
-0.892989
-0.784487
-0.660168
-0.516474
-0.351447
-0.167668
0.0241581
0.202698
0.337498
0.395818
0.351456
0.188814
-0.273353
-0.540398
-0.752668
-0.930117
-1.08704
-1.23057
-1.36349
-1.48643
-1.59886
-1.69954
-1.78679
-1.85885
-1.91421
-1.95197
-1.97258
-1.97778
-1.97043
-1.9548
-1.93572
-1.91737
-1.90333
-1.89575
-1.89465
-1.89862
-1.90397
-1.9073
-1.90812
-1.90423
-1.89275
-1.87326
-1.84483
-1.80984
-1.76921
-1.72502
-1.67951
-1.63458
-1.59186
-1.55219
-1.51583
-1.48218
-1.44998
-1.41748
-1.38277
-1.34413
-1.30027
-1.25043
-1.19431
-1.13181
-1.06285
-0.986994
-0.903192
-0.809484
-0.702774
-0.578848
-0.432976
-0.261584
-0.0653564
0.146684
0.353865
0.523955
0.619459
0.608199
0.471486
0.20388
-0.344275
-0.655529
-0.886043
-1.06849
-1.22485
-1.36584
-1.49539
-1.61411
-1.72101
-1.81425
-1.89179
-1.95193
-1.99357
-2.01657
-2.02253
-2.01425
-1.99522
-1.97026
-1.9444
-1.92155
-1.90506
-1.89649
-1.89323
-1.89508
-1.89881
-1.90021
-1.89604
-1.88332
-1.85988
-1.82695
-1.78609
-1.73967
-1.6893
-1.63719
-1.58548
-1.53586
-1.48955
-1.44695
-1.40773
-1.37078
-1.33445
-1.2969
-1.25638
-1.21152
-1.16145
-1.1057
-1.04404
-0.976233
-0.901676
-0.819116
-0.726275
-0.619554
-0.493958
-0.343629
-0.163512
0.0473418
0.281164
0.517453
0.722739
0.855865
0.87964
0.771812
0.528191
0.155964
-0.409611
-0.760264
-1.00626
-1.19257
-1.34795
-1.48589
-1.61098
-1.7237
-1.8227
-1.90585
-1.97115
-2.01743
-2.04425
-2.05223
-2.04393
-2.02292
-1.99323
-1.96067
-1.93098
-1.90666
-1.89178
-1.88656
-1.88772
-1.89118
-1.89258
-1.88739
-1.87193
-1.8442
-1.8053
-1.75827
-1.70504
-1.64818
-1.58968
-1.53175
-1.47634
-1.42475
-1.3776
-1.33458
-1.29464
-1.25613
-1.21714
-1.17584
-1.13073
-1.08082
-1.02549
-0.964399
-0.897152
-0.823017
-0.740518
-0.647026
-0.538381
-0.408754
-0.251153
-0.0591942
0.169321
0.427208
0.693118
0.931156
1.09765
1.1516
1.06813
0.843866
0.491908
0.0296155
-0.469277
-0.855074
-1.11416
-1.30306
-1.45643
-1.59
-1.70876
-1.81317
-1.90183
-1.97262
-2.02394
-2.05538
-2.06714
-2.06057
-2.03931
-2.00785
-1.97054
-1.93497
-1.90674
-1.88821
-1.8797
-1.87905
-1.88148
-1.88167
-1.87461
-1.85588
-1.82305
-1.77777
-1.72389
-1.66417
-1.60097
-1.53689
-1.47404
-1.4144
-1.35938
-1.30957
-1.26467
-1.22353
-1.18442
-1.14531
-1.10424
-1.05962
-1.01028
-0.955514
-0.894845
-0.827772
-0.753402
-0.670006
-0.574527
-0.462127
-0.326005
-0.157968
0.0495742
0.299576
0.584516
0.880911
1.14882
1.34043
1.41481
1.34599
1.13224
0.791381
0.349505
-0.173102
-0.523188
-0.940224
-1.21013
-1.40005
-1.54989
-1.67727
-1.78757
-1.88153
-1.95802
-2.01513
-2.05195
-2.06885
-2.06627
-2.04627
-2.01439
-1.97653
-1.93825
-1.90548
-1.8823
-1.86944
-1.86507
-1.86497
-1.86312
-1.85361
-1.83161
-1.794
-1.74222
-1.68196
-1.61628
-1.54807
-1.47974
-1.41369
-1.35173
-1.29521
-1.24464
-1.1996
-1.15883
-1.12044
-1.08229
-1.04232
-0.998779
-0.950417
-0.896403
-0.836161
-0.769071
-0.694063
-0.609102
-0.510595
-0.392851
-0.247885
-0.0661362
0.161126
0.437074
0.752648
1.0806
1.37532
1.58332
1.66219
1.59483
1.38087
1.04235
0.610912
0.115524
-0.429073
-0.571244
-1.01582
-1.29429
-1.48347
-1.62797
-1.7473
-1.8473
-1.92938
-1.99291
-2.0355
-2.05715
-2.05935
-2.04408
-2.01464
-1.9766
-1.93617
-1.89892
-1.8697
-1.85088
-1.84132
-1.83712
-1.83236
-1.82037
-1.79557
-1.75454
-1.69793
-1.63235
-1.56224
-1.49056
-1.41995
-1.35253
-1.29014
-1.23391
-1.18419
-1.14042
-1.10119
-1.06452
-1.02815
-0.989894
-0.947932
-0.9009
-0.847873
-0.788177
-0.721069
-0.645277
-0.558399
-0.456193
-0.331915
-0.176113
0.0224156
0.273583
0.580247
0.930479
1.29121
1.6094
1.82513
1.89415
1.80583
1.58113
1.23852
0.812446
0.335261
-0.170991
-0.702177
-0.613357
-1.0819
-1.36673
-1.55336
-1.69085
-1.80054
-1.88817
-1.95639
-2.00507
-2.03326
-2.04113
-2.03043
-2.00412
-1.96655
-1.92381
-1.88207
-1.8464
-1.82027
-1.80411
-1.79478
-1.78664
-1.77281
-1.74693
-1.70479
-1.64602
-1.57668
-1.5039
-1.43067
-1.35953
-1.29255
-1.23128
-1.17672
-1.12902
-1.08748
-1.0506
-1.01629
-0.982215
-0.946133
-0.906131
-0.860758
-0.808996
-0.750073
-0.683114
-0.606629
-0.517806
-0.411652
-0.280183
-0.11218
0.105563
0.38433
0.726272
1.11523
1.51018
1.84847
2.06356
2.11074
1.98607
1.72441
1.37671
0.956349
0.496171
0.0193017
-0.463229
-0.957712
-0.649453
-1.13844
-1.42715
-1.60889
-1.73685
-1.83438
-1.90909
-1.96324
-1.99697
-2.01005
-2.00344
-1.97977
-1.943
-1.89836
-1.85206
-1.80989
-1.77602
-1.75227
-1.73704
-1.72545
-1.71071
-1.68591
-1.64586
-1.5884
-1.51792
-1.44406
-1.37087
-1.30068
-1.23538
-1.17633
-1.1243
-1.0793
-1.04053
-1.0064
-0.974805
-0.943358
-0.909761
-0.872031
-0.828635
-0.77846
-0.720628
-0.654129
-0.57725
-0.486752
-0.376845
-0.238177
-0.0574995
0.180778
0.489653
0.870435
1.30162
1.73216
2.08792
2.29502
2.31085
2.14072
1.83155
1.4479
1.04553
0.60754
0.160141
-0.284573
-0.724518
-1.17329
-0.679178
-1.18442
-1.47465
-1.65
-1.76731
-1.85158
-1.91146
-1.94963
-1.9668
-1.96369
-1.94222
-1.90597
-1.85977
-1.80939
-1.7609
-1.7194
-1.68783
-1.66618
-1.65101
-1.63605
-1.61406
-1.57883
-1.52664
-1.45908
-1.38574
-1.31356
-1.24516
-1.18219
-1.12584
-1.07669
-1.03463
-0.998782
-0.967547
-0.938796
-0.910144
-0.879253
-0.844074
-0.802981
-0.754756
-0.698409
-0.632794
-0.555982
-0.464336
-0.351287
-0.206094
-0.0133473
0.245247
0.584827
1.00608
1.48158
1.94867
2.32
2.5144
2.49234
2.27251
1.91481
1.49192
1.06576
0.675994
0.263986
-0.144294
-0.54365
-0.936651
-1.34148
-0.702482
-1.22065
-1.51041
-1.67759
-1.78233
-1.85136
-1.89445
-1.91502
-1.91457
-1.89488
-1.85896
-1.81129
-1.75737
-1.70322
-1.6545
-1.61532
-1.58711
-1.56803
-1.55301
-1.53496
-1.50681
-1.46335
-1.40258
-1.33104
-1.26054
-1.19411
-1.13353
-1.07981
-1.03342
-0.994159
-0.961107
-0.932678
-0.906764
-0.880987
-0.852978
-0.820616
-0.78217
-0.736302
-0.681894
-0.617664
-0.541494
-0.449407
-0.334159
-0.183736
0.0193804
0.296326
0.664793
1.12538
1.64495
2.14858
2.53456
2.71399
2.65237
2.38213
1.98019
1.52562
1.07864
0.67605
0.338495
-0.0299845
-0.393003
-0.747657
-1.09847
-1.46516
-0.718999
-1.24675
-1.53413
-1.69147
-1.78192
-1.83405
-1.85894
-1.86096
-1.84268
-1.80701
-1.75803
-1.70102
-1.64195
-1.58675
-1.54034
-1.50548
-1.48191
-1.46603
-1.45155
-1.43096
-1.39766
-1.34748
-1.28217
-1.21312
-1.1483
-1.08952
-1.03787
-0.993714
-0.956796
-0.926189
-0.900325
-0.877134
-0.854251
-0.829276
-0.800003
-0.764576
-0.721509
-0.669541
-0.607248
-0.532355
-0.440632
-0.324325
-0.170402
0.0404927
0.332202
0.725237
1.22089
1.7813
2.31988
2.72027
2.88534
2.78569
2.46983
2.02941
1.55451
1.09984
0.692467
0.34337
0.065804
-0.261346
-0.584925
-0.902326
-1.21774
-1.55144
-0.728349
-1.26236
-1.54566
-1.69181
-1.7667
-1.80083
-1.80681
-1.79024
-1.7549
-1.7049
-1.64529
-1.58198
-1.52104
-1.46792
-1.42639
-1.39763
-1.37962
-1.36733
-1.3536
-1.33093
-1.29336
-1.23799
-1.17157
-1.10764
-1.04987
-0.999395
-0.956654
-0.921392
-0.892691
-0.869021
-0.848348
-0.828325
-0.806513
-0.780605
-0.748593
-0.708812
-0.659823
-0.600051
-0.527089
-0.436544
-0.32036
-0.164832
0.0507475
0.352488
0.763692
1.28716
1.88203
2.45185
2.86658
3.02035
2.88791
2.53298
2.06436
1.57755
1.12926
0.732307
0.385976
0.0882934
-0.141193
-0.437719
-0.731626
-1.01949
-1.30419
-1.60812
-0.730142
-1.26709
-1.54482
-1.67883
-1.73738
-1.7531
-1.74029
-1.70604
-1.65544
-1.59375
-1.5268
-1.46079
-1.40148
-1.35334
-1.31869
-1.29701
-1.28475
-1.27571
-1.26224
-1.23706
-1.19491
-1.136
-1.07225
-1.01432
-0.963875
-0.921472
-0.886947
-0.859429
-0.83743
-0.818958
-0.801679
-0.783109
-0.760827
-0.73264
-0.696661
-0.65123
-0.594589
-0.524201
-0.435592
-0.320605
-0.165256
0.0518983
0.358504
0.780215
1.32191
1.94174
2.53636
2.96417
3.11064
2.95269
2.5672
2.07701
1.58575
1.14545
0.77332
0.454427
0.170694
-0.0923681
-0.292218
-0.571774
-0.845542
-1.10925
-1.36598
-1.64183
-0.723946
-1.26043
-1.5313
-1.65259
-1.69463
-1.69221
-1.66159
-1.61148
-1.54833
-1.47834
-1.40781
-1.34277
-1.28816
-1.24713
-1.2204
-1.20591
-1.19879
-1.19207
-1.17794
-1.1495
-1.10239
-1.04177
-0.982594
-0.93093
-0.88765
-0.852756
-0.825498
-0.804462
-0.787708
-0.772918
-0.757568
-0.739109
-0.715138
-0.683494
-0.642234
-0.589352
-0.52216
-0.436143
-0.32321
-0.169472
0.0465913
0.353241
0.777641
1.32679
1.95978
2.57
3.00778
3.15091
2.97685
2.57222
2.07086
1.57904
1.15135
0.799839
0.507504
0.249515
0.00903967
-0.22303
-0.407121
-0.679001
-0.93749
-1.17913
-1.4088
-1.65718
-0.709307
-1.24176
-1.50461
-1.61305
-1.63898
-1.61947
-1.57286
-1.50955
-1.43722
-1.36271
-1.29234
-1.23144
-1.18375
-1.15095
-1.13223
-1.1242
-1.12105
-1.11533
-1.09929
-1.06663
-1.01463
-0.954206
-0.900289
-0.854936
-0.818473
-0.790374
-0.769377
-0.753632
-0.740862
-0.728519
-0.713938
-0.694488
-0.667687
-0.63122
-0.582742
-0.519332
-0.436421
-0.326091
-0.174859
0.0382708
0.34122
0.761553
1.30789
1.94157
2.55659
3
3.14442
2.96629
2.55709
2.05528
1.56785
1.14945
0.815255
0.542466
0.308905
0.0931168
-0.118981
-0.332088
-0.508144
-0.772483
-1.01542
-1.23433
-1.43651
-1.65732
-0.685821
-1.21048
-1.46427
-1.56013
-1.57105
-1.53628
-1.4763
-1.40311
-1.32535
-1.25009
-1.18312
-1.1287
-1.08915
-1.06469
-1.05322
-1.0503
-1.04946
-1.04299
-1.02338
-0.985032
-0.929681
-0.872493
-0.82374
-0.784337
-0.754074
-0.73192
-0.716176
-0.704649
-0.694807
-0.6839
-0.669082
-0.647515
-0.616423
-0.572975
-0.513869
-0.434387
-0.326806
-0.178266
0.0311742
0.328201
0.739567
1.27452
1.89721
2.50563
2.949
3.09876
2.9288
2.52892
2.0354
1.55304
1.14338
0.819456
0.561537
0.345808
0.152587
-0.0362877
-0.231659
-0.434495
-0.602714
-0.857316
-1.08285
-1.27762
-1.45169
-1.64468
-0.653282
-1.16618
-1.40998
-1.49403
-1.49173
-1.44433
-1.3743
-1.29501
-1.21564
-1.14298
-1.08188
-1.03528
-1.00411
-0.987323
-0.981792
-0.982343
-0.982068
-0.973258
-0.948899
-0.90442
-0.847179
-0.794214
-0.75072
-0.716976
-0.692308
-0.675277
-0.663864
-0.655623
-0.647794
-0.637372
-0.621173
-0.595882
-0.55801
-0.503622
-0.427618
-0.322367
-0.175746
0.0307078
0.321586
0.721645
1.23955
1.84202
2.43341
2.87034
3.02749
2.87541
2.49592
2.01719
1.53948
1.13541
0.816806
0.566561
0.363287
0.18642
0.0185263
-0.154583
-0.340232
-0.535975
-0.694187
-0.936082
-1.14192
-1.31121
-1.45675
-1.62166
-0.611913
-1.10893
-1.34198
-1.41548
-1.40249
-1.34582
-1.2696
-1.18814
-1.11068
-1.04327
-0.989574
-0.951178
-0.927807
-0.917415
-0.916129
-0.918258
-0.916693
-0.903935
-0.873623
-0.823531
-0.766663
-0.71824
-0.679832
-0.651247
-0.631435
-0.618662
-0.610678
-0.60482
-0.598038
-0.586884
-0.567493
-0.535551
-0.486154
-0.413377
-0.309307
-0.162497
0.0436825
0.330896
0.720526
1.21929
1.79575
2.36173
2.7851
2.94828
2.81901
2.4668
2.00674
1.5326
1.13063
0.812138
0.56351
0.365354
0.198852
0.0460889
-0.107194
-0.270864
-0.449313
-0.638198
-0.783996
-1.01008
-1.19421
-1.33719
-1.45425
-1.59084
-0.562659
-1.03966
-1.26136
-1.3261
-1.30561
-1.24362
-1.16533
-1.08547
-1.01282
-0.95243
-0.906695
-0.876026
-0.859204
-0.85347
-0.854429
-0.856082
-0.851316
-0.833031
-0.795677
-0.741886
-0.687953
-0.643808
-0.609935
-0.585739
-0.569868
-0.560379
-0.554828
-0.550272
-0.543163
-0.529199
-0.503184
-0.458909
-0.388966
-0.284349
-0.133678
0.0777198
0.367622
0.752393
1.23466
1.7836
2.31879
2.72148
2.88563
2.77845
2.4557
2.01584
1.54318
1.13842
0.814075
0.560248
0.360204
0.196251
0.0522063
-0.0871976
-0.231858
-0.388557
-0.560012
-0.741035
-0.872542
-1.08006
-1.2412
-1.35785
-1.44699
-1.555
-0.507516
-0.960523
-1.17052
-1.22875
-1.20447
-1.1414
-1.06507
-0.990033
-0.924255
-0.871645
-0.833495
-0.809327
-0.797283
-0.794145
-0.795219
-0.794418
-0.784866
-0.760091
-0.715662
-0.659784
-0.609553
-0.569496
-0.539558
-0.518862
-0.505875
-0.498509
-0.494096
-0.489214
-0.479377
-0.458678
-0.419476
-0.352239
-0.245611
-0.0867345
0.138133
0.442234
0.834555
1.3104
1.83635
2.33904
2.7148
2.87176
2.78
2.48283
2.06023
1.5904
1.17603
0.837297
0.569848
0.359393
0.189914
0.0461296
-0.0865822
-0.218752
-0.357479
-0.507848
-0.671667
-0.843545
-0.959626
-1.14665
-1.28452
-1.37574
-1.43802
-1.51704
-0.449786
-0.875235
-1.07348
-1.12775
-1.10361
-1.04361
-0.972784
-0.904927
-0.847001
-0.801894
-0.770081
-0.750534
-0.741036
-0.738141
-0.737054
-0.7318
-0.715928
-0.683709
-0.633329
-0.577764
-0.531089
-0.494447
-0.467439
-0.449
-0.43748
-0.430623
-0.425362
-0.417374
-0.400461
-0.365874
-0.301794
-0.1934
-0.0240175
0.222184
0.555742
0.976396
1.46682
1.98498
2.46023
2.80521
2.94654
2.86086
2.58262
2.17395
1.7028
1.27084
0.906211
0.612699
0.380786
0.195332
0.0418442
-0.0928171
-0.220812
-0.348952
-0.483008
-0.627164
-0.78271
-0.944444
-1.04471
-1.21045
-1.32596
-1.39351
-1.43022
-1.4797
-0.394152
-0.789169
-0.975927
-1.02889
-1.00862
-0.95529
-0.892559
-0.833081
-0.782818
-0.743912
-0.716397
-0.699018
-0.689457
-0.68424
-0.678672
-0.66709
-0.643626
-0.603387
-0.549174
-0.495892
-0.451984
-0.41759
-0.39205
-0.374152
-0.362108
-0.353351
-0.344044
-0.328266
-0.296929
-0.236661
-0.129203
0.0476244
0.315897
0.689373
1.16209
1.69997
2.24171
2.70945
3.02777
3.14721
3.05899
2.79255
2.39436
1.91709
1.4596
1.05621
0.720327
0.450518
0.235425
0.0598853
-0.0888049
-0.222163
-0.349074
-0.475203
-0.605634
-0.744107
-0.891211
-1.04164
-1.12727
-1.27108
-1.3654
-1.41155
-1.42481
-1.44468
-0.346441
-0.709068
-0.884845
-0.938913
-0.925563
-0.881425
-0.828076
-0.776836
-0.732867
-0.697947
-0.672035
-0.653948
-0.641491
-0.63138
-0.619229
-0.599897
-0.568249
-0.520411
-0.463859
-0.412978
-0.370893
-0.337293
-0.311343
-0.2917
-0.276337
-0.26209
-0.243802
-0.212997
-0.156215
-0.053446
0.122126
0.400798
0.806419
1.3386
1.95362
2.56368
3.06569
3.38246
3.48601
3.3924
3.13631
2.75117
2.26652
1.78039
1.32895
0.934904
0.607497
0.343433
0.130503
-0.0463403
-0.19798
-0.334187
-0.462383
-0.587932
-0.715489
-0.848278
-0.986939
-1.12549
-1.20289
-1.32653
-1.40263
-1.4307
-1.42306
-1.41355
-0.313008
-0.642243
-0.807553
-0.864378
-0.859737
-0.825782
-0.781545
-0.737047
-0.696979
-0.663138
-0.635721
-0.613847
-0.595644
-0.578192
-0.557587
-0.529316
-0.488973
-0.435248
-0.378459
-0.328901
-0.286975
-0.25207
-0.223165
-0.198685
-0.176129
-0.151319
-0.117099
-0.0614408
0.0347935
0.199512
0.468232
0.876021
1.43841
2.12234
2.82779
3.41724
3.78637
3.91141
3.8306
3.59486
3.23423
2.75947
2.25121
1.75351
1.29423
0.893565
0.558985
0.286624
0.0652419
-0.120767
-0.281595
-0.424786
-0.557862
-0.686101
-0.813559
-0.942693
-1.07352
-1.2006
-1.27063
-1.37575
-1.43628
-1.44977
-1.42447
-1.38682
-0.299714
-0.595191
-0.749994
-0.809799
-0.813779
-0.789078
-0.75205
-0.711646
-0.672429
-0.636507
-0.604525
-0.576062
-0.549716
-0.523083
-0.492876
-0.455286
-0.406631
-0.349076
-0.292922
-0.243167
-0.199369
-0.16065
-0.125718
-0.0925733
-0.0579226
-0.0161209
0.0425312
0.134114
0.283475
0.525011
0.898263
1.43317
2.12239
2.88769
3.58333
4.06869
4.29076
4.28462
4.10849
3.79858
3.3625
2.84895
2.31269
1.79403
1.31893
0.904957
0.557546
0.271836
0.0366992
-0.163362
-0.338806
-0.493621
-0.635285
-0.768832
-0.897756
-1.02398
-1.14734
-1.26319
-1.32487
-1.41344
-1.46141
-1.46446
-1.42596
-1.36334
-0.310461
-0.571586
-0.71438
-0.775122
-0.785158
-0.76664
-0.733469
-0.693832
-0.652394
-0.611686
-0.572862
-0.536021
-0.5003
-0.463901
-0.424232
-0.378229
-0.322996
-0.263244
-0.207343
-0.156036
-0.108482
-0.0635092
-0.0194117
0.0264911
0.0786056
0.144309
0.2358
0.372345
0.581917
0.899729
1.35963
1.97529
2.71202
3.46189
4.08244
4.47721
4.63388
4.58174
4.34647
3.96578
3.46395
2.92744
2.3821
1.8589
1.37986
0.959004
0.600368
0.299646
0.0470711
-0.171588
-0.367132
-0.538242
-0.691925
-0.832967
-0.964478
-1.08804
-1.20344
-1.30683
-1.3586
-1.43222
-1.47063
-1.46778
-1.42198
-1.34029
-0.345191
-0.56972
-0.696376
-0.752928
-0.763623
-0.746248
-0.712718
-0.670656
-0.624802
-0.578001
-0.531788
-0.486681
-0.442292
-0.397391
-0.35004
-0.297851
-0.239874
-0.180754
-0.124681
-0.071011
-0.0185502
0.0343182
0.0899746
0.152083
0.226376
0.321792
0.451971
0.636708
0.902094
1.27678
1.78169
2.41575
3.12955
3.81801
4.37295
4.71566
4.83024
4.72801
4.43884
4.00616
3.5007
2.97707
2.45328
1.95115
1.48614
1.06833
0.701056
0.381961
0.104863
-0.14063
-0.363672
-0.556458
-0.725608
-0.875783
-1.00978
-1.12916
-1.23425
-1.32257
-1.36253
-1.42199
-1.45326
-1.4492
-1.4035
-1.31239
-0.397178
-0.579478
-0.682213
-0.726094
-0.729717
-0.707515
-0.669777
-0.623447
-0.573032
-0.521338
-0.469975
-0.419632
-0.370215
-0.320942
-0.27047
-0.21708
-0.161022
-0.105199
-0.0505051
0.00421048
0.0605688
0.120861
0.188434
0.268158
0.366958
0.494378
0.663081
0.888998
1.19022
1.58301
2.07431
2.65604
3.25672
3.80409
4.24623
4.51172
4.57301
4.44357
4.16187
3.77587
3.35869
2.92935
2.49333
2.06126
1.64235
1.24504
0.874609
0.533145
0.22074
-0.0652117
-0.325905
-0.547204
-0.735167
-0.894174
-1.02752
-1.1381
-1.22816
-1.29763
-1.32357
-1.36858
-1.39408
-1.39304
-1.35619
-1.27031
-0.448423
-0.577912
-0.645349
-0.666261
-0.655152
-0.623701
-0.580408
-0.531035
-0.479282
-0.427409
-0.37667
-0.327583
-0.280088
-0.233662
-0.187421
-0.140327
-0.0924021
-0.044288
0.00468253
0.0560415
0.111986
0.175651
0.251384
0.344881
0.463043
0.613494
0.803825
1.04087
1.32995
1.67308
2.06701
2.4709
2.83379
3.14933
3.38139
3.49279
3.48142
3.37132
3.19661
2.99585
2.79407
2.58412
2.35181
2.08929
1.7934
1.46835
1.12277
0.76661
0.409825
0.0624595
-0.2515
-0.511047
-0.718737
-0.881315
-1.00581
-1.099
-1.16675
-1.21243
-1.22193
-1.2512
-1.27093
-1.2756
-1.25642
-1.19647
