0.498951
0.456852
0.404003
0.347849
0.291461
0.235831
0.181298
0.128138
0.0766966
0.027359
-0.019534
-0.0637606
-0.105251
-0.144076
-0.180414
-0.214505
-0.246617
-0.277018
-0.30596
-0.333674
-0.360364
-0.386208
-0.411361
-0.435953
-0.460094
-0.483791
-0.50671
-0.528772
-0.55025
-0.571454
-0.592693
-0.614284
-0.636586
-0.660035
-0.685184
-0.712717
-0.743392
-0.77784
-0.816073
-0.856556
-0.894726
-0.921145
-0.920103
-0.870596
-0.752119
-0.556575
-0.300998
-0.0292665
0.204229
0.363746
0.447515
0.469667
0.454533
0.42695
0.39836
0.371194
0.343825
0.313411
0.274416
0.227303
0.171919
0.108149
0.0355071
-0.051588
0.452947
0.373517
0.298268
0.232465
0.175111
0.123186
0.0740119
0.0259796
-0.0215256
-0.0684522
-0.11442
-0.158988
-0.201818
-0.242742
-0.281755
-0.318982
-0.354625
-0.388929
-0.42215
-0.454534
-0.486311
-0.517677
-0.548789
-0.579768
-0.610676
-0.641204
-0.670335
-0.698135
-0.725154
-0.751892
-0.778773
-0.806171
-0.834441
-0.863955
-0.895129
-0.928397
-0.964101
-1.00221
-1.04173
-1.0798
-1.11028
-1.12238
-1.10022
-1.02492
-0.880957
-0.666323
-0.400337
-0.124504
0.11294
0.277794
0.36171
0.392006
0.391167
0.381819
0.376541
0.37499
0.374992
0.369312
0.349771
0.31484
0.262204
0.188964
0.0911229
-0.0406748
0.362823
0.232867
0.126355
0.0459819
-0.0138432
-0.0608267
-0.101349
-0.13948
-0.177259
-0.215349
-0.253649
-0.291761
-0.329285
-0.365961
-0.401706
-0.436588
-0.470778
-0.504509
-0.538036
-0.571605
-0.605445
-0.639731
-0.674574
-0.710023
-0.745975
-0.781259
-0.814644
-0.846592
-0.877876
-0.909149
-0.940934
-0.973646
-1.00762
-1.04315
-1.08048
-1.11972
-1.1607
-1.20258
-1.24325
-1.27839
-1.30039
-1.29761
-1.25468
-1.15546
-0.989103
-0.757513
-0.482035
-0.201377
0.0418912
0.21155
0.303015
0.338849
0.345244
0.348078
0.356695
0.3722
0.39076
0.401029
0.392891
0.363202
0.307384
0.219472
0.0924089
-0.0871667
0.242377
0.0532247
-0.0892047
-0.185782
-0.247441
-0.287155
-0.315527
-0.339551
-0.363064
-0.387721
-0.413903
-0.441398
-0.469834
-0.498912
-0.528489
-0.558574
-0.589294
-0.620839
-0.653417
-0.687227
-0.72244
-0.759132
-0.797277
-0.836747
-0.877001
-0.915663
-0.952086
-0.987125
-1.02167
-1.05647
-1.09209
-1.12897
-1.1674
-1.20757
-1.2495
-1.29292
-1.33707
-1.38023
-1.41914
-1.44823
-1.45888
-1.43908
-1.3745
-1.25174
-1.06287
-0.8142
-0.52928
-0.244209
-0.0027846
0.167877
0.265599
0.305228
0.318576
0.328612
0.346302
0.372394
0.401854
0.419927
0.416221
0.385622
0.320741
0.213067
0.0529733
-0.176433
0.105485
-0.14651
-0.325711
-0.437865
-0.499967
-0.530525
-0.544539
-0.552138
-0.559169
-0.568429
-0.580861
-0.596466
-0.614896
-0.635794
-0.658929
-0.684227
-0.711729
-0.741537
-0.773758
-0.80847
-0.845729
-0.885417
-0.92725
-0.970775
-1.01431
-1.05512
-1.09347
-1.13036
-1.16671
-1.20332
-1.24077
-1.27952
-1.3198
-1.36167
-1.40491
-1.44882
-1.49204
-1.53205
-1.5647
-1.58356
-1.57932
-1.53996
-1.45203
-1.30318
-1.0899
-0.823852
-0.528644
-0.246666
-0.0132155
0.154399
0.250534
0.293522
0.311828
0.326637
0.350422
0.381517
0.413923
0.432481
0.426723
0.388973
0.309439
0.177623
-0.0180595
-0.297908
-0.0350902
-0.348763
-0.562454
-0.688334
-0.749976
-0.771213
-0.771095
-0.762705
-0.753867
-0.748544
-0.748245
-0.753163
-0.762938
-0.777112
-0.795335
-0.817412
-0.84326
-0.872837
-0.906081
-0.942878
-0.983125
-1.02639
-1.072
-1.11889
-1.1637
-1.20489
-1.24321
-1.27966
-1.31519
-1.35063
-1.38664
-1.4237
-1.46204
-1.5016
-1.54192
-1.58193
-1.61976
-1.6523
-1.67478
-1.67991
-1.65783
-1.59603
-1.47994
-1.30172
-1.06196
-0.773587
-0.472971
-0.196773
0.027272
0.181611
0.270616
0.313517
0.333006
0.351408
0.375608
0.40669
0.434949
0.447593
0.43354
0.383029
0.284369
0.124849
-0.108799
-0.438917
-0.169381
-0.539778
-0.783563
-0.920849
-0.982011
-0.995588
-0.983887
-0.962386
-0.94063
-0.923672
-0.913575
-0.910703
-0.914643
-0.924789
-0.940617
-0.961754
-0.987934
-1.0189
-1.05435
-1.09392
-1.13732
-1.18371
-1.2318
-1.27925
-1.32223
-1.36072
-1.39559
-1.42789
-1.45867
-1.48892
-1.51947
-1.55093
-1.58355
-1.61722
-1.65125
-1.68427
-1.71404
-1.73686
-1.74699
-1.73637
-1.6936
-1.60369
-1.45534
-1.24165
-0.96154
-0.649778
-0.345637
-0.0790518
0.121972
0.252969
0.328607
0.363748
0.382327
0.398805
0.419533
0.44604
0.464904
0.466847
0.440311
0.37362
0.251829
0.0614794
-0.211743
-0.589584
-0.290883
-0.71068
-0.979094
-1.12536
-1.18652
-1.19499
-1.17539
-1.14487
-1.1143
-1.0897
-1.07365
-1.06667
-1.06824
-1.0775
-1.09366
-1.11607
-1.14416
-1.1774
-1.21516
-1.25678
-1.30187
-1.34899
-1.39611
-1.43909
-1.47597
-1.50736
-1.53433
-1.55818
-1.58025
-1.60181
-1.62398
-1.64753
-1.67276
-1.6994
-1.72654
-1.75242
-1.77415
-1.78693
-1.78443
-1.75618
-1.68679
-1.56402
-1.36993
-1.10011
-0.784652
-0.457979
-0.15834
0.0774746
0.238938
0.34101
0.395936
0.42206
0.437395
0.448888
0.464992
0.481437
0.488886
0.479211
0.439492
0.353886
0.206285
-0.017287
-0.327943
-0.748369
-0.396244
-0.857102
-1.14444
-1.29724
-1.35875
-1.36437
-1.3402
-1.30443
-1.26891
-1.24043
-1.22205
-1.21439
-1.21672
-1.22782
-1.24642
-1.27143
-1.3019
-1.3369
-1.37544
-1.41662
-1.46007
-1.5036
-1.54407
-1.57734
-1.60349
-1.62359
-1.63915
-1.65191
-1.66358
-1.6758
-1.6899
-1.70668
-1.72617
-1.74787
-1.77042
-1.79101
-1.80614
-1.81029
-1.79353
-1.7405
-1.63694
-1.46429
-1.20826
-0.890157
-0.546416
-0.215357
0.0517388
0.236768
0.356548
0.425453
0.459742
0.479584
0.48911
0.494916
0.504038
0.50725
0.503799
0.483121
0.427941
0.320407
0.143974
-0.111193
-0.454933
-0.911865
-0.484432
-0.978022
-1.27888
-1.43578
-1.49744
-1.50143
-1.47469
-1.43605
-1.39803
-1.36812
-1.34977
-1.34362
-1.34863
-1.363
-1.38484
-1.41244
-1.44435
-1.47921
-1.51569
-1.55274
-1.5902
-1.62522
-1.65357
-1.67368
-1.68659
-1.694
-1.69805
-1.70082
-1.70435
-1.7103
-1.72006
-1.73402
-1.75167
-1.77202
-1.79298
-1.81072
-1.82061
-1.81207
-1.77102
-1.68632
-1.53345
-1.29314
-0.978792
-0.618127
-0.253038
0.0521784
0.262711
0.394767
0.468874
0.504253
0.524928
0.535592
0.536441
0.536412
0.533064
0.524521
0.511791
0.478364
0.404577
0.271682
0.0668852
-0.216509
-0.58865
-1.07485
-0.55585
-1.07444
-1.38397
-1.54257
-1.6036
-1.60611
-1.57741
-1.53667
-1.49702
-1.46648
-1.44887
-1.44481
-1.45282
-1.47043
-1.49497
-1.52404
-1.55562
-1.58793
-1.61939
-1.64895
-1.67692
-1.69993
-1.71449
-1.72139
-1.72236
-1.71963
-1.71572
-1.71301
-1.71332
-1.71801
-1.72802
-1.74347
-1.76314
-1.78506
-1.80516
-1.81822
-1.81523
-1.78539
-1.71457
-1.58033
-1.3594
-1.05399
-0.680914
-0.277506
0.0769533
0.325929
0.474499
0.548067
0.573775
0.584387
0.591602
0.588745
0.581137
0.57151
0.552583
0.536159
0.513201
0.464199
0.368042
0.209
-0.022149
-0.329633
-0.725548
-1.23292
-0.611634
-1.14829
-1.46228
-1.62025
-1.67946
-1.67996
-1.6491
-1.60621
-1.56484
-1.53352
-1.51638
-1.51397
-1.5244
-1.54447
-1.57071
-1.59999
-1.62971
-1.65775
-1.68229
-1.70262
-1.72005
-1.73056
-1.73349
-1.7306
-1.72396
-1.71595
-1.70918
-1.70597
-1.70783
-1.71557
-1.72958
-1.7487
-1.7702
-1.79017
-1.80479
-1.80612
-1.78206
-1.72262
-1.60563
-1.40628
-1.11685
-0.739665
-0.30165
0.111139
0.418848
0.602505
0.679828
0.689437
0.678545
0.668648
0.654839
0.637774
0.619753
0.591154
0.564762
0.541196
0.506227
0.437881
0.31777
0.133505
-0.120515
-0.447101
-0.861146
-1.38094
-0.653197
-1.20178
-1.51661
-1.67172
-1.72771
-1.72541
-1.69208
-1.64702
-1.60399
-1.57192
-1.55518
-1.55427
-1.56684
-1.589
-1.61644
-1.6453
-1.67249
-1.6956
-1.71276
-1.72392
-1.73188
-1.73233
-1.72757
-1.7195
-1.71025
-1.70207
-1.69703
-1.69715
-1.70285
-1.71397
-1.72937
-1.7477
-1.76611
-1.77952
-1.78072
-1.76153
-1.71072
-1.60989
-1.43302
-1.16545
-0.796719
-0.336791
0.132117
0.514525
0.760985
0.863896
0.863643
0.825219
0.785564
0.746746
0.711809
0.681337
0.641581
0.602217
0.570892
0.539151
0.488167
0.398149
0.253905
0.0467705
-0.225683
-0.566483
-0.993122
-1.51294
-0.681983
-1.23706
-1.54959
-1.69981
-1.75117
-1.74531
-1.70942
-1.66267
-1.61883
-1.58701
-1.5717
-1.57322
-1.58873
-1.61354
-1.6425
-1.67108
-1.69583
-1.71427
-1.72437
-1.72819
-1.72957
-1.72455
-1.7165
-1.70756
-1.69944
-1.69277
-1.6895
-1.68828
-1.69188
-1.70053
-1.7129
-1.72574
-1.73621
-1.73811
-1.7226
-1.68033
-1.59396
-1.43945
-1.19717
-0.848574
-0.386431
0.122837
0.580906
0.912438
1.07259
1.08689
1.02993
0.955829
0.88027
0.813818
0.760753
0.70351
0.649413
0.606564
0.570285
0.526305
0.456479
0.343774
0.176734
-0.0496141
-0.335822
-0.687108
-1.11947
-1.62504
-0.699342
-1.25607
-1.56366
-1.70728
-1.75285
-1.74285
-1.70467
-1.65732
-1.61447
-1.5851
-1.57353
-1.57964
-1.59983
-1.62844
-1.65952
-1.68805
-1.71072
-1.72447
-1.728
-1.72581
-1.72375
-1.71787
-1.70148
-1.68169
-1.66233
-1.64632
-1.63601
-1.63219
-1.63531
-1.64464
-1.65747
-1.6695
-1.67546
-1.66633
-1.63231
-1.55965
-1.42577
-1.20965
-0.889117
-0.444083
0.0808271
0.598345
1.02057
1.26391
1.3258
1.27611
1.1785
1.06393
0.956106
0.86754
0.781071
0.706951
0.649778
0.604165
0.559246
0.499762
0.409391
0.274593
0.0876915
-0.153421
-0.44861
-0.806022
-1.23716
-1.71314
-0.706469
-1.26052
-1.56105
-1.69689
-1.73595
-1.72172
-1.68196
-1.63572
-1.59644
-1.57262
-1.5678
-1.58083
-1.60684
-1.63888
-1.6699
-1.6949
-1.70973
-1.70928
-1.69296
-1.67047
-1.64622
-1.62126
-1.59799
-1.57756
-1.56164
-1.55142
-1.54837
-1.55273
-1.56339
-1.57792
-1.59261
-1.60188
-1.59759
-1.57051
-1.50903
-1.39328
-1.20175
-0.912731
-0.498981
0.0173692
0.567014
1.0662
1.40219
1.53792
1.52712
1.43096
1.28939
1.14116
1.00899
0.881188
0.778557
0.701638
0.643208
0.591891
0.53465
0.457343
0.346236
0.191555
-0.0110798
-0.261877
-0.561375
-0.920141
-1.34074
-1.77698
-0.704224
-1.25139
-1.54277
-1.66952
-1.70078
-1.68052
-1.63665
-1.58819
-1.54846
-1.52566
-1.52278
-1.53782
-1.565
-1.59667
-1.62533
-1.64582
-1.65273
-1.64319
-1.61781
-1.59271
-1.5662
-1.53952
-1.51561
-1.49614
-1.48253
-1.47555
-1.47606
-1.48341
-1.49536
-1.50879
-1.51882
-1.51714
-1.49521
-1.44327
-1.34295
-1.17376
-0.916143
-0.541099
-0.0512011
0.502712
1.05176
1.47201
1.69453
1.74747
1.68097
1.53503
1.35894
1.18521
1.01002
0.870286
0.765935
0.68938
0.627399
0.566368
0.494055
0.398012
0.267615
0.0965792
-0.116967
-0.372609
-0.673226
-1.02767
-1.42588
-1.81521
-0.693084
-1.22926
-1.50974
-1.62679
-1.65025
-1.62443
-1.57734
-1.52797
-1.48954
-1.47003
-1.47191
-1.49232
-1.52434
-1.55912
-1.58842
-1.60654
-1.6061
-1.58761
-1.55349
-1.52204
-1.49082
-1.46111
-1.43556
-1.41574
-1.40281
-1.3972
-1.39877
-1.40594
-1.41604
-1.42479
-1.42442
-1.40661
-1.36295
-1.27618
-1.12695
-0.898828
-0.564006
-0.110279
0.426103
0.994642
1.47897
1.78551
1.91723
1.90378
1.77765
1.59311
1.38946
1.16967
0.98789
0.848508
0.746855
0.668681
0.5989
0.525156
0.436357
0.322301
0.175577
-0.00740489
-0.227284
-0.484127
-0.783183
-1.12516
-1.48589
-1.8254
-0.673152
-1.19445
-1.46243
-1.56941
-1.5855
-1.55536
-1.50712
-1.45966
-1.42581
-1.4129
-1.42241
-1.45017
-1.48782
-1.52512
-1.55368
-1.56538
-1.55469
-1.52273
-1.48043
-1.44234
-1.40588
-1.37265
-1.34496
-1.32422
-1.31133
-1.30599
-1.30715
-1.31288
-1.31933
-1.31931
-1.30517
-1.26909
-1.19449
-1.06336
-0.862122
-0.565324
-0.151071
0.35477
0.916075
1.43891
1.81656
2.02956
2.08511
1.99922
1.8268
1.61063
1.35721
1.13414
0.955043
0.821526
0.720233
0.635893
0.555204
0.467064
0.361987
0.232309
0.0733351
-0.1169
-0.338713
-0.5933
-0.88662
-1.20798
-1.52149
-1.80862
-0.644341
-1.14666
-1.40036
-1.49669
-1.50565
-1.47218
-1.42448
-1.38117
-1.35442
-1.35052
-1.36952
-1.40548
-1.4482
-1.48635
-1.51085
-1.5121
-1.48812
-1.44128
-1.39074
-1.3458
-1.30402
-1.26723
-1.23756
-1.21622
-1.20342
-1.19819
-1.19915
-1.20294
-1.20292
-1.19219
-1.16325
-1.0999
-0.985365
-0.80846
-0.545766
-0.170179
0.298803
0.83468
1.37091
1.80147
2.08802
2.21756
2.18952
2.048
1.83747
1.56645
1.30818
1.08921
0.919333
0.787858
0.681925
0.588153
0.494761
0.392127
0.272644
0.130935
-0.0359185
-0.229138
-0.449524
-0.700274
-0.981473
-1.27174
-1.53206
-1.76643
-0.606725
-1.08582
-1.3234
-1.40855
-1.4107
-1.37487
-1.3293
-1.29212
-1.27456
-1.28142
-1.31077
-1.35449
-1.40044
-1.43663
-1.45258
-1.43931
-1.39959
-1.33927
-1.2815
-1.22997
-1.18344
-1.14403
-1.11357
-1.09269
-1.08094
-1.07709
-1.07811
-1.07794
-1.07042
-1.04806
-0.99509
-0.895787
-0.740755
-0.507945
-0.168253
0.262045
0.762513
1.29401
1.7562
2.10194
2.30302
2.34267
2.2492
2.06173
1.78942
1.50584
1.25281
1.04436
0.877285
0.742492
0.628473
0.523463
0.417264
0.301803
0.171173
0.0216268
-0.148928
-0.341924
-0.5589
-0.803597
-1.06281
-1.30868
-1.51533
-1.69998
-0.560722
-1.01234
-1.232
-1.30568
-1.30159
-1.26465
-1.22288
-1.19373
-1.18707
-1.2057
-1.24523
-1.29505
-1.34122
-1.37131
-1.37374
-1.34387
-1.28693
-1.21718
-1.15375
-1.09738
-1.04825
-1.00844
-0.979208
-0.960578
-0.951722
-0.949714
-0.948981
-0.944137
-0.927338
-0.883486
-0.797929
-0.66224
-0.455353
-0.148215
0.244193
0.705802
1.21995
1.69632
2.08158
2.34586
2.45689
2.42332
2.27491
2.01735
1.71984
1.44053
1.19664
0.991607
0.822272
0.680712
0.556961
0.440925
0.323825
0.198824
0.0611938
-0.0919665
-0.26269
-0.45284
-0.664647
-0.898049
-1.12665
-1.32074
-1.47374
-1.61289
-0.50731
-0.927302
-1.12746
-1.18972
-1.18048
-1.14406
-1.10803
-1.08879
-1.09441
-1.12514
-1.17366
-1.22681
-1.26978
-1.28972
-1.27508
-1.22873
-1.15693
-1.08237
-1.01542
-0.957006
-0.90809
-0.870372
-0.844494
-0.829955
-0.824138
-0.821931
-0.818554
-0.80568
-0.769112
-0.695461
-0.576325
-0.39163
-0.113802
0.242945
0.666131
1.15498
1.63147
2.03836
2.35151
2.53254
2.56364
2.46473
2.23819
1.93995
1.64348
1.37022
1.12921
0.922637
0.74778
0.598299
0.465807
0.34144
0.217232
0.0869854
-0.0534469
-0.206794
-0.375478
-0.561801
-0.767939
-0.978897
-1.16532
-1.30592
-1.40871
-1.50843
-0.4483
-0.832821
-1.01223
-1.06365
-1.05091
-1.01723
-0.989258
-0.981904
-1.00088
-1.04338
-1.09895
-1.15228
-1.18803
-1.19343
-1.16155
-1.1008
-1.01985
-0.943797
-0.876428
-0.81908
-0.773068
-0.73958
-0.7185
-0.707633
-0.702515
-0.698776
-0.687623
-0.656003
-0.592015
-0.48637
-0.320227
-0.0685211
0.255168
0.643355
1.10175
1.5674
1.98155
2.3311
2.57169
2.6667
2.61823
2.43975
2.15426
1.85031
1.55511
1.28287
1.04009
0.82915
0.648698
0.493754
0.356702
0.228937
0.102554
-0.0284841
-0.168099
-0.319162
-0.484397
-0.665962
-0.86151
-1.04061
-1.17711
-1.26543
-1.32356
-1.39053
-0.386605
-0.732389
-0.890301
-0.932052
-0.918149
-0.89003
-0.872824
-0.879348
-0.91238
-0.965609
-1.02553
-1.07562
-1.1007
-1.089
-1.04235
-0.967563
-0.885392
-0.810592
-0.745435
-0.69161
-0.650382
-0.621945
-0.60474
-0.595009
-0.588703
-0.5768
-0.547549
-0.490656
-0.395237
-0.244072
-0.0153591
0.278311
0.635108
1.06291
1.50818
1.92244
2.29457
2.58136
2.73182
2.73809
2.6107
2.35062
2.04866
1.7394
1.44156
1.16602
0.91956
0.705918
0.524606
0.370573
0.235558
0.110257
-0.0136001
-0.141986
-0.278681
-0.426692
-0.588705
-0.765649
-0.938219
-1.07532
-1.16072
-1.20119
-1.22208
-1.26296
-0.326395
-0.631071
-0.767447
-0.801391
-0.789314
-0.770076
-0.766536
-0.788723
-0.835828
-0.897751
-0.958679
-1.00122
-1.01221
-0.983312
-0.924034
-0.840444
-0.760278
-0.688601
-0.627507
-0.57866
-0.542314
-0.517678
-0.501701
-0.490551
-0.475472
-0.446045
-0.393451
-0.304983
-0.165192
0.0432981
0.310962
0.639991
1.03855
1.46084
1.86736
2.25217
2.57014
2.7656
2.82381
2.74367
2.51798
2.22588
1.90948
1.59173
1.28774
1.00889
0.763356
0.555025
0.382142
0.237706
0.111735
-0.00605337
-0.124088
-0.247956
-0.381064
-0.526091
-0.685331
-0.852079
-0.991613
-1.081
-1.11765
-1.11717
-1.10893
-1.12947
-0.272977
-0.535378
-0.651072
-0.679788
-0.673074
-0.666299
-0.679156
-0.718033
-0.777873
-0.84512
-0.902486
-0.933217
-0.926595
-0.885301
-0.808791
-0.724975
-0.648043
-0.580504
-0.524241
-0.479692
-0.44684
-0.423168
-0.405069
-0.384613
-0.352592
-0.301341
-0.216617
-0.0847742
0.106454
0.352296
0.658595
1.02972
1.42828
1.82448
2.211
2.54928
2.77746
2.87834
2.84159
2.64873
2.37033
2.05131
1.71823
1.39053
1.08393
0.810747
0.578346
0.387908
0.234186
0.107222
-0.00467551
-0.11222
-0.22333
-0.342727
-0.473176
-0.616786
-0.773077
-0.915659
-1.01361
-1.05649
-1.0505
-1.01799
-0.988784
-0.993388
-0.232286
-0.45268
-0.549556
-0.576292
-0.5788
-0.58796
-0.619256
-0.6744
-0.743738
-0.811737
-0.859345
-0.874298
-0.849766
-0.789335
-0.704802
-0.622992
-0.549572
-0.486202
-0.433305
-0.391714
-0.359089
-0.332185
-0.304378
-0.267376
-0.21437
-0.130195
-0.00316798
0.174355
0.403213
0.691714
1.03858
1.41297
1.79795
2.18004
2.52464
2.77429
2.90516
2.90203
2.73604
2.47075
2.1511
1.80622
1.45976
1.13147
0.836935
0.586238
0.382533
0.222061
0.0954192
-0.00980042
-0.105995
-0.203294
-0.308373
-0.424655
-0.553927
-0.697419
-0.842414
-0.950928
-1.00494
-1.00516
-0.96488
-0.909798
-0.866732
-0.858028
-0.21004
-0.39022
-0.471128
-0.499597
-0.515163
-0.543115
-0.593442
-0.662163
-0.736117
-0.797472
-0.829697
-0.824956
-0.781884
-0.701941
-0.615091
-0.535451
-0.464806
-0.403227
-0.352283
-0.309407
-0.27196
-0.234839
-0.190269
-0.132236
-0.0453027
0.0799413
0.248082
0.465627
0.740887
1.06649
1.4191
1.79124
2.164
2.50292
2.7597
2.90713
2.92316
2.7723
2.51693
2.19742
1.84437
1.48489
1.14211
0.833983
0.572147
0.361073
0.197932
0.0739787
-0.0232343
-0.107064
-0.189288
-0.278518
-0.379686
-0.494719
-0.624322
-0.765248
-0.884397
-0.953019
-0.966511
-0.931689
-0.867355
-0.799037
-0.747761
-0.726617
-0.210796
-0.353989
-0.422571
-0.456639
-0.488591
-0.536879
-0.604408
-0.681955
-0.753503
-0.800917
-0.813771
-0.792131
-0.714841
-0.62584
-0.539392
-0.460903
-0.390184
-0.329251
-0.274798
-0.225143
-0.176598
-0.121523
-0.0549575
0.0382549
0.165042
0.328961
0.541248
0.807181
1.11478
1.4491
1.8077
2.16577
2.48707
2.73929
2.88785
2.90578
2.75646
2.50547
2.18641
1.8295
1.46371
1.11422
0.800417
0.534637
0.321885
0.16008
0.0411098
-0.0470725
-0.118043
-0.184541
-0.256708
-0.34117
-0.440983
-0.556595
-0.687042
-0.811913
-0.895858
-0.925705
-0.904227
-0.843985
-0.766157
-0.692763
-0.637073
-0.602648
-0.237214
-0.347817
-0.40819
-0.451428
-0.501962
-0.56966
-0.650163
-0.729875
-0.790452
-0.818335
-0.817105
-0.749721
-0.659251
-0.566024
-0.478384
-0.397405
-0.325397
-0.257767
-0.194046
-0.131619
-0.0626727
0.0162457
0.1196
0.251828
0.417328
0.629998
0.889873
1.1836
1.50358
1.84746
2.18612
2.48132
2.71671
2.85593
2.84884
2.69495
2.44366
2.1253
1.76895
1.4035
1.05461
0.741938
0.477969
0.267844
0.109967
-0.00293037
-0.0821805
-0.141004
-0.192403
-0.247426
-0.314086
-0.396896
-0.49703
-0.613822
-0.737829
-0.833845
-0.880003
-0.875052
-0.826757
-0.751751
-0.670272
-0.598188
-0.539949
-0.489924
-0.28976
-0.372973
-0.42933
-0.484513
-0.553547
-0.63699
-0.723838
-0.796582
-0.839855
-0.853569
-0.805089
-0.716559
-0.617547
-0.520602
-0.428304
-0.344086
-0.261836
-0.182191
-0.103328
-0.0170095
0.0783456
0.195814
0.337977
0.511153
0.729133
0.985446
1.26984
1.58039
1.90758
2.22178
2.49043
2.69757
2.81895
2.77299
2.60427
2.34922
2.03151
1.6786
1.31842
0.975482
0.668704
0.410138
0.204919
0.0518567
-0.0554656
-0.127321
-0.176153
-0.214676
-0.25425
-0.303741
-0.368955
-0.452397
-0.553652
-0.668847
-0.771073
-0.831447
-0.843093
-0.81002
-0.744816
-0.665555
-0.58867
-0.522199
-0.461489
-0.392405
-0.366921
-0.428303
-0.48449
-0.552677
-0.63748
-0.73012
-0.813791
-0.871855
-0.900467
-0.878089
-0.793369
-0.693068
-0.588542
-0.485363
-0.388411
-0.290872
-0.193971
-0.0966233
0.0100299
0.125738
0.261331
0.417964
0.604693
0.832065
1.0873
1.3668
1.67165
1.98064
2.26574
2.51189
2.69133
2.77015
2.68733
2.50251
2.24129
1.92417
1.57619
1.22362
0.889357
0.590779
0.339137
0.139364
-0.00934795
-0.112598
-0.179546
-0.22154
-0.250596
-0.277904
-0.312704
-0.361647
-0.428518
-0.514026
-0.616065
-0.717582
-0.787928
-0.813547
-0.795485
-0.742597
-0.670542
-0.596021
-0.529624
-0.470843
-0.406203
-0.313864
-0.465757
-0.510819
-0.569643
-0.64968
-0.74436
-0.836956
-0.908004
-0.952279
-0.960425
-0.885565
-0.786825
-0.679693
-0.568341
-0.459755
-0.347658
-0.23344
-0.116901
0.0117934
0.150733
0.307741
0.483575
0.68787
0.928109
1.18441
1.46573
1.76488
2.05624
2.31882
2.5404
2.6993
2.7147
2.60399
2.40581
2.13873
1.82137
1.47771
1.13225
0.80618
0.515474
0.270336
0.0753351
-0.0701587
-0.171089
-0.235639
-0.274049
-0.297385
-0.31631
-0.340019
-0.375547
-0.427482
-0.49772
-0.585563
-0.682093
-0.758425
-0.794992
-0.789848
-0.748984
-0.685378
-0.615436
-0.552265
-0.499608
-0.448537
-0.377377
-0.257318
-0.582657
-0.616312
-0.679054
-0.766942
-0.863115
-0.944421
-1.00108
-1.04371
-0.984075
-0.889327
-0.783794
-0.670456
-0.554313
-0.430996
-0.301744
-0.167497
-0.0172251
0.145868
0.325253
0.524107
0.748506
1.0026
1.26468
1.55072
1.84616
2.1194
2.37125
2.57388
2.68636
2.66453
2.53323
2.3249
2.05303
1.73479
1.39352
1.0526
0.731931
0.446488
0.205792
0.0139812
-0.129625
-0.229668
-0.293676
-0.330993
-0.351758
-0.36591
-0.382297
-0.408007
-0.448007
-0.505036
-0.579338
-0.667595
-0.747561
-0.793835
-0.800285
-0.770514
-0.715088
-0.649427
-0.588504
-0.540532
-0.502369
-0.457382
-0.376467
-0.224434
-0.713884
-0.740033
-0.805654
-0.894673
-0.98048
-1.04343
-1.10192
-1.08042
-0.998491
-0.894893
-0.783944
-0.666436
-0.537294
-0.397432
-0.248843
-0.0803348
0.104468
0.30495
0.526982
0.772469
1.04116
1.31336
1.60679
1.89887
2.16571
2.41042
2.60664
2.67479
2.62653
2.48331
2.26834
1.99241
1.67195
1.32982
0.989067
0.669118
0.384637
0.14496
-0.0459916
-0.189163
-0.289304
-0.353761
-0.391377
-0.411575
-0.423585
-0.435744
-0.454935
-0.486277
-0.532975
-0.596194
-0.674733
-0.755716
-0.811872
-0.830194
-0.811838
-0.76482
-0.703072
-0.642434
-0.594868
-0.563313
-0.538371
-0.496748
-0.402698
-0.215073
-0.856178
-0.877149
-0.94189
-1.02191
-1.08744
-1.13804
-1.1648
-1.10206
-1.00415
-0.897316
-0.784294
-0.657002
-0.513407
-0.356671
-0.176467
0.0236326
0.240287
0.482404
0.745963
1.03121
1.31574
1.61923
1.91137
2.18111
2.42928
2.60249
2.66207
2.60356
2.45614
2.23895
1.96016
1.63609
1.28947
0.943552
0.618383
0.32931
0.0861879
-0.106972
-0.251444
-0.352478
-0.417759
-0.456118
-0.476621
-0.487952
-0.497926
-0.513068
-0.538362
-0.577233
-0.631369
-0.700682
-0.779911
-0.8458
-0.877605
-0.872465
-0.835697
-0.779031
-0.718099
-0.667401
-0.635068
-0.61906
-0.604727
-0.563243
-0.452978
-0.227128
-1.00583
-1.02112
-1.07755
-1.13703
-1.17795
-1.23421
-1.18921
-1.10516
-1.00112
-0.89557
-0.776859
-0.638129
-0.481582
-0.298999
-0.0927264
0.131945
0.386567
0.6645
0.963732
1.26336
1.57753
1.8776
2.15576
2.41744
2.5903
2.65103
2.59686
2.45335
2.23793
1.95781
1.62891
1.27398
0.917029
0.579878
0.279787
0.0279437
-0.171167
-0.319161
-0.422079
-0.488408
-0.527467
-0.548384
-0.559564
-0.568398
-0.581034
-0.60218
-0.635156
-0.68207
-0.743442
-0.817722
-0.890559
-0.936915
-0.947172
-0.923562
-0.874906
-0.815384
-0.760629
-0.722593
-0.705397
-0.702705
-0.695711
-0.651155
-0.522247
-0.256763
-1.15976
-1.16651
-1.20523
-1.23548
-1.26141
-1.27252
-1.19281
-1.09754
-0.994902
-0.886872
-0.759541
-0.611561
-0.436378
-0.234451
-0.0108426
0.246284
0.531929
0.840084
1.15271
1.4779
1.79103
2.08375
2.36572
2.55959
2.6411
2.60086
2.46967
2.2624
1.98435
1.65051
1.28387
0.910153
0.55407
0.236109
-0.0302614
-0.239668
-0.394018
-0.500337
-0.568261
-0.608016
-0.629203
-0.640264
-0.648338
-0.659237
-0.677396
-0.705847
-0.746604
-0.800851
-0.868234
-0.942927
-1.0027
-1.02943
-1.02141
-0.984209
-0.929442
-0.872331
-0.827124
-0.802594
-0.799092
-0.806802
-0.803784
-0.753339
-0.604223
-0.299023
-1.31521
-1.30656
-1.31653
-1.31326
-1.33736
-1.27363
-1.17882
-1.08045
-0.979211
-0.865881
-0.732775
-0.5735
-0.385843
-0.172716
0.0761721
0.358075
0.666081
0.986618
1.31768
1.64702
1.95747
2.26334
2.49887
2.6188
2.60695
2.4968
2.30553
2.03608
1.6999
1.31968
0.924019
0.542275
0.199548
-0.0874247
-0.311933
-0.476103
-0.588049
-0.658758
-0.699656
-0.721149
-0.732033
-0.739418
-0.748877
-0.764587
-0.789383
-0.824868
-0.872198
-0.932035
-1.00282
-1.07101
-1.11344
-1.1219
-1.0988
-1.05249
-0.996356
-0.945327
-0.911347
-0.899844
-0.907875
-0.92293
-0.920825
-0.862292
-0.692328
-0.348616
-1.46481
-1.43245
-1.40579
-1.37551
-1.35425
-1.25466
-1.15331
-1.05268
-0.949521
-0.833122
-0.694805
-0.528807
-0.335205
-0.105981
0.159263
0.455529
0.773708
1.10448
1.44428
1.77356
2.10204
2.39205
2.56763
2.60119
2.52144
2.35656
2.10623
1.77472
1.38205
0.960657
0.546931
0.17265
-0.141075
-0.385763
-0.563706
-0.684169
-0.759579
-0.802697
-0.824958
-0.835776
-0.842478
-0.850553
-0.863962
-0.885359
-0.916198
-0.956988
-1.00854
-1.07133
-1.1402
-1.19502
-1.21902
-1.21096
-1.17599
-1.12462
-1.07083
-1.02821
-1.00593
-1.00622
-1.02341
-1.04299
-1.03926
-0.97114
-0.780557
-0.400657
-1.60655
-1.54108
-1.47195
-1.43265
-1.3291
-1.21677
-1.1119
-1.00911
-0.905343
-0.788169
-0.647571
-0.480632
-0.280436
-0.0437289
0.228574
0.530094
0.850256
1.19074
1.53213
1.87809
2.22169
2.47742
2.56875
2.52716
2.39897
2.18228
1.86815
1.46947
1.02185
0.571184
0.158912
-0.187668
-0.457693
-0.653587
-0.785858
-0.86841
-0.915361
-0.93926
-0.950328
-0.956342
-0.96291
-0.973887
-0.991762
-1.0179
-1.05268
-1.09589
-1.14851
-1.21064
-1.27086
-1.30778
-1.31391
-1.29171
-1.24844
-1.1958
-1.14731
-1.1145
-1.10365
-1.11421
-1.13834
-1.16011
-1.15287
-1.07434
-0.864089
-0.451184
-1.73281
-1.62693
-1.51463
-1.42091
-1.2866
-1.16466
-1.05444
-0.950646
-0.848293
-0.731747
-0.594312
-0.42852
-0.228527
0.00787765
0.277339
0.575637
0.900736
1.24207
1.59266
1.99395
2.34208
2.49965
2.49815
2.41296
2.24476
1.96634
1.57538
1.10696
0.617691
0.162184
-0.223107
-0.523587
-0.741589
-0.888989
-0.981257
-1.03385
-1.06043
-1.0721
-1.07731
-1.082
-1.09012
-1.10407
-1.12513
-1.1537
-1.18937
-1.2316
-1.28199
-1.33854
-1.38395
-1.40229
-1.3927
-1.35976
-1.31218
-1.26181
-1.22088
-1.19855
-1.19844
-1.21771
-1.24687
-1.26903
-1.25703
-1.16789
-0.939433
-0.49728
-1.84016
-1.68716
-1.51702
-1.37336
-1.22157
-1.0919
-0.97803
-0.877141
-0.777505
-0.667014
-0.536229
-0.37697
-0.183767
0.0412154
0.304574
0.598314
0.919591
1.28536
1.73972
2.16952
2.38714
2.42305
2.38079
2.27137
2.04838
1.68591
1.21035
0.686728
0.185603
-0.243375
-0.579254
-0.823369
-0.988974
-1.09327
-1.15312
-1.18325
-1.19572
-1.19973
-1.20184
-1.20632
-1.21566
-1.23114
-1.25314
-1.28137
-1.3149
-1.35328
-1.39871
-1.44501
-1.47263
-1.47431
-1.45253
-1.41311
-1.36525
-1.32013
-1.28821
-1.27633
-1.2859
-1.3123
-1.34487
-1.36612
-1.34863
-1.24915
-1.00431
-0.537001
-1.92474
-1.71515
-1.48524
-1.29853
-1.1345
-0.999103
-0.885137
-0.788417
-0.696031
-0.595213
-0.475544
-0.327466
-0.15191
0.061514
0.310156
0.598895
1.03571
1.51378
1.96544
2.21609
2.28582
2.28775
2.24205
2.08978
1.77926
1.31852
0.773343
0.229714
-0.245546
-0.621059
-0.895037
-1.08158
-1.19977
-1.26804
-1.30229
-1.31547
-1.31768
-1.31624
-1.31604
-1.31991
-1.32926
-1.34454
-1.36546
-1.3912
-1.42048
-1.45319
-1.49142
-1.52404
-1.53532
-1.5243
-1.49476
-1.45311
-1.40831
-1.37032
-1.34776
-1.34551
-1.36327
-1.39517
-1.42976
-1.44917
-1.42595
-1.31673
-1.05752
-0.569275
-1.98373
-1.70227
-1.41237
-1.19991
-1.02714
-0.888399
-0.777079
-0.687664
-0.60596
-0.518204
-0.412292
-0.285394
-0.12817
0.0641903
0.397396
0.830008
1.30421
1.72904
1.98318
2.08224
2.1306
2.14889
2.07266
1.83169
1.41086
0.865442
0.290328
-0.229148
-0.646614
-0.953568
-1.16344
-1.29697
-1.37445
-1.4131
-1.42685
-1.42668
-1.42084
-1.41499
-1.4126
-1.41539
-1.42395
-1.43806
-1.45691
-1.47919
-1.50344
-1.53021
-1.55994
-1.57823
-1.57675
-1.55735
-1.52421
-1.48366
-1.44391
-1.41358
-1.39965
-1.40547
-1.42955
-1.46521
-1.5005
-1.51736
-1.48834
-1.37014
-1.09859
-0.593568
-2.00886
-1.65742
-1.30906
-1.08227
-0.902554
-0.762644
-0.65706
-0.578032
-0.509495
-0.437667
-0.353481
-0.249425
-0.0955975
0.225604
0.652313
1.0874
1.47257
1.71363
1.83507
1.92342
1.9977
1.99206
1.8268
1.46614
0.945674
0.357926
-0.197188
-0.655377
-0.997016
-1.23211
-1.38222
-1.46951
-1.51281
-1.52724
-1.52462
-1.51407
-1.50217
-1.49316
-1.48932
-1.49148
-1.49951
-1.51264
-1.52954
-1.54841
-1.56776
-1.5886
-1.60884
-1.61529
-1.60531
-1.58137
-1.54764
-1.51006
-1.47588
-1.45243
-1.44538
-1.45699
-1.48505
-1.52244
-1.55696
-1.57051
-1.53566
-1.40925
-1.12734
-0.60963
-1.99002
-1.57585
-1.18424
-0.946596
-0.762724
-0.625205
-0.528479
-0.461818
-0.411106
-0.359865
-0.299989
-0.173406
0.0982576
0.484235
0.889041
1.22999
1.45439
1.5815
1.69146
1.79992
1.84751
1.75321
1.46487
0.993668
0.417852
-0.156946
-0.649324
-1.02472
-1.28602
-1.45371
-1.55148
-1.59997
-1.61563
-1.61125
-1.59666
-1.57922
-1.56408
-1.55415
-1.55069
-1.55369
-1.56233
-1.57547
-1.59114
-1.60742
-1.62237
-1.63724
-1.64774
-1.64576
-1.63064
-1.60474
-1.57207
-1.53791
-1.50842
-1.48977
-1.48668
-1.50088
-1.52999
-1.56682
-1.59915
-1.60881
-1.56822
-1.43438
-1.14397
-0.617466
-1.93919
-1.45233
-1.04039
-0.795323
-0.611216
-0.479022
-0.393399
-0.34513
-0.314137
-0.287233
-0.209042
0.000641645
0.332611
0.707532
1.02664
1.23561
1.35452
1.46071
1.57536
1.65052
1.61238
1.39807
0.993769
0.45484
-0.118408
-0.632735
-1.0373
-1.32417
-1.51012
-1.61924
-1.67389
-1.69201
-1.68742
-1.67066
-1.64962
-1.63005
-1.61565
-1.6082
-1.60787
-1.61384
-1.62494
-1.6398
-1.65618
-1.67233
-1.68631
-1.69809
-1.70215
-1.69083
-1.66796
-1.63714
-1.60224
-1.56789
-1.53942
-1.52219
-1.52026
-1.53494
-1.56356
-1.59877
-1.62817
-1.63345
-1.58697
-1.44614
-1.14874
-0.617195
-1.85856
-1.28199
-0.879038
-0.63198
-0.449312
-0.325391
-0.257507
-0.229101
-0.221614
-0.199895
-0.0671488
0.192253
0.535089
0.851399
1.06952
1.17751
1.25597
1.34322
1.41576
1.41265
1.26558
0.937876
0.457182
-0.0914528
-0.611029
-1.03627
-1.34605
-1.55035
-1.67193
-1.73427
-1.75689
-1.75476
-1.73918
-1.7186
-1.69885
-1.68376
-1.67525
-1.67355
-1.67714
-1.68451
-1.69343
-1.70075
-1.70449
-1.7051
-1.70592
-1.70399
-1.69302
-1.67345
-1.64674
-1.61547
-1.58281
-1.55274
-1.52991
-1.51889
-1.52292
-1.54257
-1.5746
-1.61121
-1.63979
-1.64202
-1.59055
-1.44364
-1.14093
-0.608155
-1.73908
-1.09276
-0.706652
-0.457929
-0.279442
-0.170565
-0.123318
-0.117216
-0.133061
-0.0870845
0.0747328
0.366656
0.687134
0.931276
1.05431
1.09543
1.12839
1.16739
1.17226
1.07623
0.825263
0.418001
-0.0841061
-0.589662
-1.02371
-1.3514
-1.57331
-1.70836
-1.77982
-1.80807
-1.80883
-1.79355
-1.77068
-1.7463
-1.7242
-1.70702
-1.69541
-1.68867
-1.68583
-1.68704
-1.69077
-1.69576
-1.69985
-1.70119
-1.69982
-1.69091
-1.67395
-1.65045
-1.62219
-1.5915
-1.56117
-1.53468
-1.51602
-1.50904
-1.51643
-1.53839
-1.57151
-1.60788
-1.63476
-1.63373
-1.57758
-1.42546
-1.11934
-0.589408
-1.57764
-0.905214
-0.52681
-0.277336
-0.10914
-0.0197229
0.00605241
-0.0111615
-0.0391075
0.022535
0.218982
0.510448
0.775218
0.932797
0.962813
0.947034
0.938578
0.926101
0.856368
0.669524
0.339988
-0.0992851
-0.572207
-1.00133
-1.34004
-1.57755
-1.72648
-1.80764
-1.84129
-1.84348
-1.8263
-1.79874
-1.7681
-1.73861
-1.71379
-1.69587
-1.68565
-1.68201
-1.68349
-1.68784
-1.69322
-1.69794
-1.69935
-1.69646
-1.68707
-1.67058
-1.64785
-1.62063
-1.59075
-1.56026
-1.53156
-1.50754
-1.49153
-1.4868
-1.4956
-1.51798
-1.55055
-1.5855
-1.61012
-1.60589
-1.5457
-1.38962
-1.08239
-0.559832
-1.37662
-0.711409
-0.340055
-0.0955632
0.0563442
0.126006
0.129216
0.0891877
0.056292
0.13753
0.345028
0.595858
0.780293
0.838581
0.805591
0.756437
0.712014
0.64331
0.49797
0.237142
-0.133103
-0.559293
-0.970231
-1.31185
-1.56205
-1.72462
-1.81625
-1.85573
-1.85988
-1.84203
-1.81205
-1.77786
-1.74547
-1.71869
-1.69908
-1.68709
-1.68201
-1.68239
-1.68605
-1.69054
-1.69426
-1.69431
-1.68921
-1.67898
-1.65964
-1.63518
-1.60666
-1.57577
-1.54418
-1.51364
-1.4861
-1.46389
-1.44972
-1.44632
-1.45556
-1.47735
-1.50843
-1.54124
-1.56325
-1.556
-1.49253
-1.33396
-1.02835
-0.51821
-1.13096
-0.50928
-0.149973
0.0822375
0.216537
0.266154
0.246418
0.185081
0.152879
0.247193
0.435156
0.619781
0.713561
0.698898
0.631633
0.557447
0.473829
0.345989
0.134459
-0.173074
-0.547007
-0.929973
-1.26679
-1.52593
-1.7017
-1.80451
-1.85169
-1.86028
-1.84416
-1.8153
-1.78228
-1.75042
-1.72321
-1.70225
-1.68808
-1.68031
-1.67781
-1.67872
-1.68051
-1.68114
-1.67869
-1.67044
-1.6558
-1.63462
-1.60574
-1.57389
-1.54022
-1.50626
-1.47346
-1.44321
-1.41704
-1.39675
-1.38449
-1.38241
-1.39196
-1.41293
-1.44219
-1.47251
-1.49171
-1.4816
-1.4156
-1.25619
-0.955393
-0.463311
-0.880949
-0.30708
0.0357853
0.25302
0.369658
0.396803
0.354748
0.271582
0.246563
0.343204
0.486798
0.597814
0.615792
0.555896
0.465948
0.365465
0.239194
0.0565348
-0.202806
-0.528104
-0.878782
-1.20491
-1.46923
-1.65714
-1.7728
-1.82985
-1.84516
-1.83469
-1.81044
-1.7806
-1.75017
-1.7224
-1.69939
-1.68198
-1.67001
-1.66261
-1.65843
-1.65515
-1.65072
-1.64361
-1.63088
-1.61171
-1.58671
-1.55414
-1.51713
-1.4794
-1.44202
-1.40628
-1.37334
-1.34426
-1.32018
-1.3024
-1.29249
-1.29204
-1.30208
-1.32223
-1.34951
-1.37707
-1.39323
-1.3803
-1.31243
-1.15404
-0.86177
-0.394032
-0.646734
-0.114661
0.209731
0.409127
0.507096
0.510851
0.448418
0.349135
0.340129
0.421583
0.515081
0.55478
0.516915
0.427644
0.316748
0.186369
0.0176687
-0.209052
-0.494964
-0.814553
-1.12645
-1.39269
-1.59147
-1.71965
-1.78842
-1.81448
-1.81281
-1.79507
-1.76873
-1.73932
-1.71043
-1.68427
-1.6621
-1.64418
-1.62993
-1.61842
-1.60804
-1.59669
-1.58308
-1.56552
-1.54176
-1.51178
-1.47653
-1.43591
-1.39374
-1.35282
-1.31402
-1.27834
-1.24664
-1.21968
-1.19822
-1.18314
-1.17549
-1.17637
-1.18642
-1.20511
-1.22964
-1.25365
-1.26608
-1.25002
-1.18084
-1.02554
-0.746127
-0.309657
-0.428106
0.0608571
0.361832
0.542764
0.618309
0.600972
0.518286
0.430845
0.433483
0.487083
0.525574
0.506595
0.429451
0.317529
0.183758
0.0211793
-0.185252
-0.441537
-0.733741
-1.02962
-1.29248
-1.49803
-1.63952
-1.72429
-1.765
-1.77493
-1.76436
-1.74176
-1.71295
-1.68209
-1.65185
-1.62381
-1.59872
-1.57647
-1.55648
-1.53789
-1.51894
-1.49852
-1.47569
-1.4479
-1.41496
-1.37747
-1.335
-1.29068
-1.24695
-1.20578
-1.16783
-1.13378
-1.10419
-1.07954
-1.0603
-1.04699
-1.04028
-1.04086
-1.04909
-1.06436
-1.08415
-1.1027
-1.10983
-1.08976
-1.01966
-0.869785
-0.608115
-0.210275
-0.230197
0.211583
0.484682
0.642194
0.695044
0.659804
0.584642
0.524227
0.52177
0.538647
0.524145
0.460233
0.35447
0.222174
0.0652915
-0.12532
-0.356313
-0.620814
-0.896225
-1.15313
-1.36693
-1.52627
-1.63173
-1.69125
-1.71488
-1.71327
-1.69507
-1.66713
-1.63427
-1.59985
-1.566
-1.53389
-1.50394
-1.47594
-1.4495
-1.42368
-1.3972
-1.3696
-1.33954
-1.30521
-1.26669
-1.22493
-1.18027
-1.13605
-1.09368
-1.0544
-1.01862
-0.986738
-0.959058
-0.935812
-0.917224
-0.903584
-0.89528
-0.892726
-0.896093
-0.904808
-0.916714
-0.926843
-0.926207
-0.900693
-0.829887
-0.688023
-0.449318
-0.0974173
-0.056777
0.331061
0.570297
0.70128
0.734003
0.707345
0.666194
0.62406
0.604018
0.580406
0.524443
0.431435
0.308339
0.162543
-0.00965702
-0.2156
-0.454179
-0.711733
-0.964754
-1.19052
-1.37209
-1.50291
-1.58493
-1.62618
-1.6363
-1.62472
-1.59918
-1.56566
-1.52841
-1.49025
-1.45285
-1.41705
-1.38305
-1.35068
-1.31969
-1.28899
-1.25816
-1.22672
-1.19248
-1.15532
-1.11525
-1.07242
-1.02919
-0.987389
-0.94782
-0.911154
-0.877586
-0.847269
-0.82028
-0.79666
-0.776457
-0.759784
-0.746847
-0.737889
-0.732991
-0.731689
-0.732291
-0.730789
-0.719743
-0.687273
-0.616095
-0.484953
-0.274291
0.0252307
0.088307
0.413483
0.605601
0.708206
0.749776
0.760037
0.753437
0.717256
0.677469
0.625004
0.548214
0.443678
0.315099
0.163409
-0.0177344
-0.231897
-0.472165
-0.723044
-0.962043
-1.16841
-1.32831
-1.43818
-1.50205
-1.52848
-1.52712
-1.50703
-1.47551
-1.43801
-1.3982
-1.35832
-1.31958
-1.28249
-1.24705
-1.21322
-1.18053
-1.1482
-1.11622
-1.08358
-1.04854
-1.01125
-0.972007
-0.930901
-0.890678
-0.852013
-0.815295
-0.780798
-0.748528
-0.718445
-0.690458
-0.66446
-0.640372
-0.618182
-0.59798
-0.579918
-0.56407
-0.550149
-0.536996
-0.521671
-0.498521
-0.458336
-0.387533
-0.269747
-0.0913242
0.15134
0.190152
0.438544
0.589976
0.685817
0.750422
0.797584
0.818029
0.787512
0.738317
0.675716
0.596507
0.493968
0.367932
0.215976
0.0310373
-0.18729
-0.430139
-0.678287
-0.908342
-1.10058
-1.24388
-1.33691
-1.38551
-1.39928
-1.3885
-1.36227
-1.32752
-1.28903
-1.24971
-1.21113
-1.174
-1.13847
-1.10447
-1.07192
-1.04014
-1.00887
-0.978038
-0.946005
-0.91242
-0.876847
-0.83966
-0.801856
-0.764941
-0.729166
-0.69464
-0.661381
-0.629262
-0.598112
-0.567727
-0.537904
-0.508476
-0.479355
-0.450561
-0.42222
-0.394457
-0.367212
-0.339873
-0.310561
-0.275447
-0.228133
-0.158987
-0.0566307
0.0872104
0.2717
0.235636
0.411056
0.532372
0.6297
0.714731
0.789554
0.834076
0.819651
0.778871
0.725371
0.65886
0.569673
0.453173
0.306895
0.123372
-0.0971388
-0.342354
-0.589654
-0.814317
-0.996589
-1.12661
-1.20505
-1.23998
-1.24284
-1.22484
-1.19508
-1.15989
-1.12314
-1.08688
-1.05198
-1.01868
-0.986812
-0.956253
-0.926768
-0.897701
-0.869136
-0.840618
-0.810716
-0.779643
-0.747152
-0.713049
-0.678985
-0.645355
-0.612183
-0.579414
-0.546928
-0.514524
-0.481964
-0.448992
-0.415355
-0.380843
-0.345321
-0.308775
-0.271321
-0.233144
-0.194381
-0.154891
-0.113724
-0.0686957
-0.0160558
0.0500108
0.136123
0.245807
0.374905
0.217522
0.329708
0.428092
0.526338
0.624382
0.719484
0.790307
0.805968
0.793378
0.766912
0.727209
0.663034
0.56371
0.42787
0.248706
0.0265653
-0.222191
-0.472171
-0.695734
-0.871383
-0.989882
-1.05444
-1.0762
-1.06884
-1.04451
-1.01213
-0.977271
-0.942868
-0.910148
-0.879384
-0.850374
-0.822751
-0.796273
-0.7705
-0.745007
-0.719851
-0.694364
-0.667863
-0.640361
-0.611785
-0.58218
-0.552443
-0.522608
-0.492589
-0.462258
-0.431442
-0.399923
-0.367451
-0.333759
-0.29858
-0.261676
-0.222867
-0.182074
-0.139348
-0.0948345
-0.0487343
-0.00118199
0.0480868
0.0999162
0.155786
0.218095
0.289167
0.368431
0.449322
0.123733
0.18302
0.261161
0.356621
0.461962
0.574232
0.674895
0.732029
0.764082
0.781165
0.783082
0.758265
0.690475
0.56966
0.396448
0.172087
-0.0844863
-0.343049
-0.570511
-0.741948
-0.848888
-0.898152
-0.9048
-0.885058
-0.852084
-0.814697
-0.777828
-0.743652
-0.712707
-0.684729
-0.659125
-0.635293
-0.612802
-0.591095
-0.569828
-0.548939
-0.527838
-0.506263
-0.484145
-0.461424
-0.438157
-0.414554
-0.390533
-0.365975
-0.34074
-0.314656
-0.28752
-0.259096
-0.229121
-0.197307
-0.163359
-0.126991
-0.0879645
-0.0461157
-0.00136152
0.0462737
0.0966593
0.149702
0.205302
0.263165
0.322853
0.38299
0.43941
0.483596
