-1.09423
-1.13921
-1.15506
-1.15457
-1.14027
-1.10751
-1.05452
-0.985562
-0.899122
-0.794188
-0.670008
-0.525272
-0.358012
-0.167964
0.0432372
0.253853
0.455646
0.641079
0.804404
0.943219
1.05939
1.15888
1.25044
1.34308
1.44099
1.53711
1.62685
1.70387
1.75759
1.77677
1.75407
1.68514
1.56087
1.37165
1.17079
0.976283
0.793735
0.629183
0.486554
0.366891
0.268651
0.188579
0.122711
0.0671798
0.0186691
-0.0254263
-0.0670639
-0.107667
-0.147701
-0.186488
-0.224191
-0.261935
-0.300623
-0.340818
-0.382653
-0.425716
-0.468892
-0.510132
-0.546104
-0.571733
-0.579686
-0.560041
-0.500519
-0.387719
-1.20185
-1.25826
-1.27876
-1.27443
-1.24706
-1.19627
-1.12448
-1.04144
-0.947712
-0.844166
-0.73084
-0.606662
-0.468951
-0.312412
-0.142792
0.0407589
0.238478
0.449762
0.673513
0.908728
1.15498
1.41275
1.68207
1.96048
2.23352
2.45307
2.59857
2.66201
2.63854
2.52844
2.34278
2.0931
1.78453
1.46832
1.18393
0.934596
0.722779
0.548141
0.407453
0.29545
0.206028
0.133253
0.0719878
0.0181391
-0.031361
-0.0787385
-0.125641
-0.173238
-0.220456
-0.264672
-0.305931
-0.345952
-0.386068
-0.4271
-0.469254
-0.512003
-0.553933
-0.592494
-0.623605
-0.64108
-0.63592
-0.59571
-0.504579
-0.344613
-1.28948
-1.34278
-1.35965
-1.34557
-1.30033
-1.23113
-1.14372
-1.05172
-0.956096
-0.857549
-0.755095
-0.645946
-0.524881
-0.391558
-0.246077
-0.0789866
0.116796
0.347861
0.619827
0.936747
1.30003
1.70739
2.15091
2.61437
3.05821
3.37168
3.53261
3.53047
3.37425
3.08382
2.69806
2.23648
1.77876
1.37706
1.04103
0.770517
0.559429
0.398142
0.27588
0.182404
0.10895
0.0485651
-0.0039613
-0.0523602
-0.0992275
-0.146374
-0.19518
-0.246426
-0.296162
-0.340149
-0.379402
-0.416239
-0.45251
-0.489436
-0.527487
-0.56627
-0.604376
-0.63912
-0.666073
-0.678287
-0.665224
-0.611607
-0.49703
-0.297941
-1.36717
-1.40615
-1.41014
-1.37835
-1.30957
-1.22294
-1.12339
-1.02591
-0.930561
-0.836257
-0.740095
-0.63688
-0.523945
-0.401683
-0.26156
-0.0915807
0.119997
0.384321
0.710657
1.10484
1.56714
2.09005
2.65703
3.23913
3.76802
4.097
4.21149
4.09511
3.77635
3.2801
2.69325
2.10325
1.57623
1.14153
0.801453
0.546125
0.359708
0.225421
0.128285
0.0561515
-0.000228542
-0.0475833
-0.0906345
-0.132599
-0.175631
-0.221191
-0.27042
-0.323145
-0.371689
-0.411384
-0.444961
-0.47527
-0.504702
-0.53497
-0.566955
-0.600597
-0.634743
-0.666848
-0.692371
-0.703698
-0.688517
-0.62802
-0.496252
-0.262993
-1.43926
-1.45454
-1.43603
-1.37772
-1.28056
-1.17934
-1.06925
-0.965849
-0.867975
-0.772532
-0.672799
-0.570473
-0.459254
-0.332768
-0.180988
0.00890759
0.249464
0.551447
0.922369
1.36463
1.87435
2.43744
3.03035
3.61507
4.09367
4.37119
4.40926
4.16378
3.69679
3.07811
2.40806
1.77979
1.25071
0.837098
0.530804
0.312745
0.161399
0.0573714
-0.0149651
-0.0674113
-0.108517
-0.144303
-0.178905
-0.215094
-0.254696
-0.298943
-0.348757
-0.400545
-0.444581
-0.478002
-0.504259
-0.526748
-0.54843
-0.571561
-0.597519
-0.626692
-0.658314
-0.690097
-0.717434
-0.731926
-0.719178
-0.656364
-0.511351
-0.246518
-1.50683
-1.48942
-1.43833
-1.34514
-1.21643
-1.10292
-0.97932
-0.863461
-0.755837
-0.653796
-0.552079
-0.444886
-0.324542
-0.182908
-0.0105528
0.202428
0.464312
0.781017
1.15647
1.59008
2.07761
2.60361
3.14338
3.64818
4.01021
4.19792
4.15695
3.85007
3.31287
2.64423
1.966
1.36752
0.888138
0.529464
0.274354
0.0996869
-0.0167393
-0.0934127
-0.14459
-0.180774
-0.209495
-0.236041
-0.264047
-0.295936
-0.333252
-0.377022
-0.427745
-0.477197
-0.515014
-0.541233
-0.559772
-0.574541
-0.589034
-0.606022
-0.627369
-0.653905
-0.68524
-0.719286
-0.751238
-0.771735
-0.764131
-0.701471
-0.545252
-0.250045
-1.56797
-1.50813
-1.41387
-1.2788
-1.11765
-0.984372
-0.84697
-0.722281
-0.607573
-0.497831
-0.386561
-0.266441
-0.129838
0.0296055
0.216885
0.435973
0.689824
0.982182
1.31843
1.70283
2.13675
2.60569
3.07757
3.48074
3.76782
3.88535
3.76094
3.36678
2.77377
2.10686
1.47901
0.953951
0.549388
0.2558
0.0526291
-0.0824243
-0.169182
-0.223675
-0.258192
-0.281846
-0.301246
-0.321098
-0.344652
-0.374029
-0.410483
-0.454818
-0.506399
-0.55219
-0.583066
-0.602049
-0.613434
-0.621569
-0.630404
-0.643145
-0.662054
-0.688305
-0.721735
-0.760261
-0.79867
-0.826513
-0.82496
-0.763179
-0.596514
-0.271665
-1.62388
-1.51311
-1.36939
-1.19225
-1.00345
-0.849933
-0.69956
-0.563169
-0.436807
-0.313884
-0.187425
-0.051365
0.0981487
0.262345
0.441415
0.637185
0.854909
1.1047
1.40524
1.75748
2.15542
2.57887
2.97918
3.30453
3.50877
3.51386
3.26419
2.78567
2.18159
1.56788
1.02537
0.589091
0.261258
0.027703
-0.130988
-0.233854
-0.297369
-0.33492
-0.356976
-0.371499
-0.384406
-0.399976
-0.421163
-0.449834
-0.486977
-0.533261
-0.58387
-0.624072
-0.648488
-0.661108
-0.666631
-0.669829
-0.675043
-0.685821
-0.704691
-0.732985
-0.770529
-0.814977
-0.86051
-0.895583
-0.899475
-0.838023
-0.660993
-0.307427
-1.66971
-1.50175
-1.30533
-1.08511
-0.877099
-0.706087
-0.543471
-0.39496
-0.255567
-0.118546
0.0206557
0.1627
0.306222
0.450726
0.599418
0.761499
0.960285
1.20155
1.49329
1.83154
2.20476
2.58183
2.90806
3.14165
3.21471
3.06802
2.70213
2.18626
1.62073
1.08962
0.640501
0.288006
0.0266991
-0.157609
-0.281182
-0.359329
-0.405373
-0.430447
-0.443569
-0.45184
-0.460676
-0.474039
-0.494607
-0.523949
-0.562752
-0.611477
-0.660033
-0.694064
-0.712456
-0.719659
-0.720746
-0.720831
-0.724538
-0.73561
-0.756649
-0.788892
-0.831861
-0.882686
-0.934816
-0.975747
-0.98333
-0.920833
-0.733271
-0.352461
-1.69934
-1.471
-1.22433
-0.967065
-0.751301
-0.56839
-0.395859
-0.236756
-0.0865705
0.057752
0.19492
0.321893
0.43943
0.556038
0.694985
0.860664
1.06657
1.3183
1.61651
1.95283
2.30282
2.61458
2.84386
2.9368
2.84577
2.56314
2.13348
1.63254
1.13505
0.6923
0.32814
0.0459568
-0.16205
-0.30803
-0.404815
-0.464428
-0.497634
-0.513805
-0.520861
-0.525268
-0.53208
-0.544994
-0.566401
-0.597487
-0.638626
-0.689516
-0.7348
-0.762653
-0.775668
-0.778597
-0.776795
-0.775615
-0.779833
-0.793213
-0.818192
-0.855627
-0.904451
-0.961074
-1.01821
-1.06265
-1.0714
-1.00603
-0.807786
-0.40185
-1.70776
-1.42169
-1.13433
-0.854981
-0.642964
-0.452136
-0.271691
-0.10563
0.0455661
0.180639
0.298596
0.403675
0.516958
0.640457
0.789663
0.97403
1.20385
1.47985
1.7952
2.12638
2.41879
2.62855
2.71294
2.64032
2.40705
2.04429
1.60715
1.15464
0.733524
0.371276
0.0778601
-0.148397
-0.315047
-0.431714
-0.508253
-0.554097
-0.578057
-0.588166
-0.591504
-0.594046
-0.60057
-0.614537
-0.638041
-0.67185
-0.71622
-0.767068
-0.807238
-0.829839
-0.838653
-0.83873
-0.835681
-0.835023
-0.841556
-0.858866
-0.888965
-0.932046
-0.986232
-1.04713
-1.10683
-1.15179
-1.15878
-1.08855
-0.879612
-0.451246
-1.69274
-1.35946
-1.04989
-0.765991
-0.559424
-0.361318
-0.176813
-0.0144596
0.124381
0.244925
0.364985
0.47783
0.597939
0.736928
0.910638
1.12861
1.39521
1.70272
2.02365
2.29839
2.48316
2.54592
2.46949
2.25845
1.93967
1.55453
1.14758
0.75666
0.407536
0.113137
-0.123705
-0.306359
-0.44114
-0.535374
-0.596586
-0.632278
-0.649807
-0.65617
-0.65775
-0.660109
-0.667769
-0.683945
-0.710357
-0.747254
-0.795012
-0.844436
-0.879126
-0.897163
-0.90277
-0.901268
-0.898446
-0.899868
-0.910177
-0.93253
-0.968238
-1.0166
-1.07479
-1.13768
-1.19696
-1.23914
-1.24134
-1.16434
-0.944889
-0.497235
-1.65793
-1.29689
-0.984094
-0.699559
-0.494868
-0.293749
-0.11398
0.041232
0.186873
0.316034
0.439672
0.562138
0.699637
0.867505
1.08018
1.34332
1.65123
1.96696
2.22621
2.38682
2.42461
2.33424
2.12863
1.83473
1.48667
1.11855
0.759329
0.430085
0.143313
-0.0960199
-0.288314
-0.437052
-0.547139
-0.62406
-0.67364
-0.701995
-0.715392
-0.719972
-0.721488
-0.725116
-0.735141
-0.7545
-0.784421
-0.8246
-0.875354
-0.921999
-0.951418
-0.9656
-0.969022
-0.967183
-0.965954
-0.970789
-0.985946
-1.01389
-1.05497
-1.10746
-1.16761
-1.2297
-1.28531
-1.32141
-1.31599
-1.23055
-1.00096
-0.537435
-1.61349
-1.24587
-0.93483
-0.643591
-0.443163
-0.23997
-0.0502687
0.112884
0.259203
0.393676
0.527805
0.670447
0.838949
1.04927
1.31166
1.62141
1.93194
2.17834
2.31867
2.33409
2.22783
2.0195
1.73789
1.41381
1.07507
0.743918
0.436417
0.162665
-0.0723914
-0.26777
-0.42506
-0.54724
-0.637982
-0.701432
-0.742249
-0.765578
-0.776828
-0.78136
-0.784319
-0.790522
-0.80404
-0.827504
-0.861519
-0.905559
-0.957068
-0.999124
-1.02431
-1.03575
-1.03818
-1.03726
-1.03888
-1.04819
-1.06881
-1.10226
-1.14778
-1.20257
-1.26213
-1.32038
-1.36913
-1.39613
-1.38065
-1.28542
-1.04627
-0.570425
-1.57064
-1.20567
-0.889159
-0.585005
-0.378958
-0.168194
0.0215682
0.186847
0.338068
0.484718
0.639961
0.815635
1.02804
1.29036
1.59856
1.90158
2.13686
2.26184
2.26039
2.14103
1.92807
1.65211
1.34281
1.02463
0.715638
0.427992
0.169072
-0.057427
-0.250508
-0.410963
-0.540599
-0.641756
-0.717184
-0.770155
-0.804582
-0.824919
-0.835816
-0.841855
-0.847585
-0.857505
-0.875465
-0.903652
-0.941823
-0.989793
-1.04052
-1.07773
-1.09927
-1.10874
-1.11111
-1.11218
-1.11762
-1.13207
-1.15824
-1.19648
-1.24486
-1.29965
-1.35581
-1.40721
-1.44618
-1.46152
-1.43404
-1.32808
-1.08013
-0.595533
-1.53139
-1.16236
-0.827705
-0.513
-0.30474
-0.0965416
0.0952362
0.266288
0.429202
0.597405
0.785853
1.00634
1.27072
1.5746
1.86585
2.09007
2.20425
2.19232
2.06498
1.84916
1.57678
1.27707
0.972926
0.680196
0.408657
0.163588
-0.0527851
-0.240191
-0.399495
-0.532117
-0.639691
-0.724027
-0.787294
-0.832276
-0.862444
-0.881681
-0.893864
-0.902778
-0.912447
-0.927139
-0.950446
-0.983827
-1.02614
-1.0776
-1.12573
-1.15821
-1.1766
-1.18479
-1.188
-1.19195
-1.20194
-1.22178
-1.25301
-1.29472
-1.34392
-1.39612
-1.44606
-1.48788
-1.51461
-1.51632
-1.47549
-1.35829
-1.10245
-0.612611
-1.48474
-1.10031
-0.751497
-0.438781
-0.22887
-0.0257404
0.172397
0.355197
0.538397
0.738624
0.971446
1.24105
1.53589
1.81496
2.02994
2.13816
2.12212
1.99251
1.77733
1.50916
1.21704
0.923091
0.642126
0.382768
0.149121
-0.057656
-0.238105
-0.393588
-0.525703
-0.635962
-0.725756
-0.796566
-0.850304
-0.889564
-0.917514
-0.937433
-0.952342
-0.965281
-0.979924
-1.0004
-1.02987
-1.06865
-1.11533
-1.16781
-1.21133
-1.23976
-1.25565
-1.26334
-1.26821
-1.2758
-1.29074
-1.31573
-1.35102
-1.39445
-1.44213
-1.48915
-1.53029
-1.5602
-1.57284
-1.55958
-1.50463
-1.37611
-1.11347
-0.621818
-1.42217
-1.02389
-0.667319
-0.359971
-0.152461
0.0496358
0.253679
0.456292
0.669906
0.90973
1.18164
1.46885
1.74023
1.9508
2.05883
2.04508
1.91877
1.708
1.44583
1.16123
0.875844
0.603959
0.35376
0.12892
-0.0698715
-0.243661
-0.394296
-0.523774
-0.63386
-0.725975
-0.801351
-0.861385
-0.908002
-0.943758
-0.971471
-0.993652
-1.01242
-1.03027
-1.05079
-1.07792
-1.11391
-1.15759
-1.20822
-1.25935
-1.29751
-1.32179
-1.33543
-1.34314
-1.3503
-1.36201
-1.3819
-1.41137
-1.44927
-1.4924
-1.53619
-1.57562
-1.6058
-1.62206
-1.6194
-1.5905
-1.52125
-1.38176
-1.11357
-0.623463
-1.34585
-0.937284
-0.576181
-0.275816
-0.0660572
0.139089
0.351137
0.571638
0.810326
1.07444
1.35596
1.62625
1.84143
1.95869
1.95595
1.83975
1.63769
1.38367
1.1073
0.830156
0.566201
0.323413
0.105416
-0.0871172
-0.255326
-0.401271
-0.527274
-0.635456
-0.727526
-0.804818
-0.868576
-0.920346
-0.962222
-0.996677
-1.02595
-1.05158
-1.07495
-1.09841
-1.12563
-1.16002
-1.20226
-1.25008
-1.30256
-1.349
-1.38145
-1.40162
-1.41339
-1.4217
-1.43174
-1.4478
-1.4723
-1.50517
-1.54401
-1.58474
-1.62247
-1.65229
-1.66986
-1.67138
-1.65289
-1.60833
-1.52516
-1.37544
-1.10317
-0.617909
-1.2563
-0.839253
-0.47532
-0.18074
0.0343816
0.244334
0.461463
0.689937
0.936864
1.20204
1.46608
1.68891
1.82474
1.84449
1.74854
1.56197
1.31956
1.05274
0.78412
0.527855
0.291817
0.07964
-0.107841
-0.271576
-0.413537
-0.53612
-0.641686
-0.732268
-0.809488
-0.874718
-0.929407
-0.975403
-1.01494
-1.05013
-1.08229
-1.11201
-1.14037
-1.17
-1.20448
-1.24594
-1.29298
-1.34354
-1.39412
-1.43358
-1.45993
-1.47609
-1.48646
-1.49602
-1.50939
-1.52978
-1.5582
-1.59314
-1.6311
-1.66746
-1.69724
-1.71589
-1.71982
-1.70616
-1.67199
-1.61235
-1.51614
-1.35731
-1.08265
-0.605529
-1.1515
-0.728444
-0.365196
-0.0783748
0.139255
0.349537
0.564687
0.789631
1.02764
1.27068
1.49046
1.64408
1.69471
1.63127
1.47111
1.24738
0.993592
0.734874
0.48678
0.257618
0.0511187
-0.131737
-0.291632
-0.430255
-0.549831
-0.652734
-0.741187
-0.817101
-0.882108
-0.937783
-0.985935
-1.0287
-1.06814
-1.10557
-1.1412
-1.17511
-1.20868
-1.24489
-1.28651
-1.33357
-1.38304
-1.43349
-1.47776
-1.50914
-1.52926
-1.54184
-1.55156
-1.56309
-1.58011
-1.60454
-1.6359
-1.67141
-1.70667
-1.73684
-1.75715
-1.76358
-1.75342
-1.72478
-1.67568
-1.60201
-1.49405
-1.32755
-1.05235
-0.586704
-1.03137
-0.60745
-0.251025
0.0241915
0.238764
0.442289
0.645912
0.853611
1.06412
1.26304
1.41929
1.49606
1.47112
1.34873
1.15458
0.921352
0.676737
0.438957
0.217865
0.0178047
-0.159983
-0.315922
-0.451364
-0.568203
-0.668604
-0.754766
-0.828756
-0.892449
-0.947642
-0.996264
-1.04047
-1.08239
-1.1234
-1.16366
-1.20262
-1.24057
-1.27954
-1.32221
-1.36954
-1.41916
-1.46813
-1.51377
-1.54865
-1.57182
-1.58634
-1.59637
-1.60652
-1.62078
-1.64161
-1.66946
-1.70253
-1.73696
-1.76771
-1.79009
-1.79977
-1.79345
-1.76929
-1.7264
-1.66352
-1.57723
-1.45903
-1.28644
-1.01267
-0.561811
-0.89918
-0.481327
-0.138933
0.119736
0.323722
0.511512
0.692507
0.868713
1.03497
1.17425
1.25913
1.26437
1.18215
1.02617
0.822969
0.599846
0.377242
0.167295
-0.0242465
-0.195462
-0.346394
-0.478033
-0.591872
-0.689709
-0.77351
-0.845289
-0.907038
-0.96075
-1.00854
-1.05267
-1.09537
-1.13819
-1.18136
-1.22409
-1.26588
-1.30782
-1.35208
-1.39991
-1.44986
-1.49817
-1.5427
-1.57919
-1.60418
-1.6199
-1.63017
-1.63916
-1.65094
-1.66852
-1.69299
-1.72332
-1.75662
-1.78819
-1.81268
-1.8259
-1.82421
-1.80503
-1.76738
-1.71122
-1.63578
-1.5374
-1.40981
-1.23259
-0.96273
-0.530865
-0.759621
-0.355913
-0.0355062
0.200684
0.385446
0.547915
0.695513
0.828321
0.939325
1.01309
1.03013
0.977654
0.858481
0.689845
0.494677
0.29317
0.0989623
-0.0806267
-0.24264
-0.386521
-0.512838
-0.622658
-0.717332
-0.798432
-0.867719
-0.927111
-0.978676
-1.02467
-1.06751
-1.10954
-1.15246
-1.19671
-1.24149
-1.28591
-1.33029
-1.37617
-1.42461
-1.47468
-1.52287
-1.56608
-1.60206
-1.62765
-1.64387
-1.65399
-1.66201
-1.67169
-1.68618
-1.7074
-1.73497
-1.76647
-1.79824
-1.8251
-1.84168
-1.84454
-1.83084
-1.7981
-1.74588
-1.67598
-1.58831
-1.48063
-1.34639
-1.16706
-0.903701
-0.494331
-0.618781
-0.238233
0.0521706
0.259581
0.416691
0.545347
0.651342
0.733846
0.786514
0.798545
0.759493
0.666563
0.528407
0.361633
0.183834
0.00857669
-0.155963
-0.305976
-0.440337
-0.559229
-0.663361
-0.753668
-0.831274
-0.897546
-0.954144
-1.00304
-1.04653
-1.08712
-1.12726
-1.16876
-1.21227
-1.2572
-1.30261
-1.34837
-1.3954
-1.44439
-1.49443
-1.54253
-1.58465
-1.619
-1.6442
-1.66034
-1.67017
-1.67716
-1.68516
-1.69709
-1.715
-1.73971
-1.76942
-1.80025
-1.82829
-1.84804
-1.8532
-1.84225
-1.81407
-1.76774
-1.70348
-1.62244
-1.52499
-1.40954
-1.27022
-1.09047
-0.835799
-0.452368
-0.483593
-0.135659
0.117413
0.290185
0.412742
0.501732
0.56214
0.593627
0.592455
0.553469
0.473823
0.356965
0.213362
0.0568251
-0.100254
-0.24949
-0.386567
-0.510016
-0.619856
-0.716673
-0.801188
-0.874195
-0.936663
-0.989894
-1.03562
-1.07601
-1.11357
-1.15077
-1.1895
-1.23057
-1.2737
-1.31822
-1.36393
-1.41131
-1.46052
-1.51043
-1.55824
-1.59995
-1.63264
-1.65666
-1.67209
-1.6814
-1.68769
-1.69405
-1.7039
-1.71917
-1.74042
-1.76748
-1.79697
-1.82177
-1.84032
-1.84799
-1.84094
-1.8174
-1.77648
-1.71795
-1.64253
-1.55157
-1.44578
-1.32407
-1.18123
-1.00277
-0.759044
-0.405112
-0.361371
-0.0552062
0.154539
0.28809
0.371742
0.418851
0.434484
0.419866
0.37458
0.298384
0.193447
0.0660173
-0.0741525
-0.216665
-0.353357
-0.479436
-0.593029
-0.694048
-0.783154
-0.861141
-0.928736
-0.98669
-1.03599
-1.07807
-1.11488
-1.14878
-1.18216
-1.21689
-1.25392
-1.29334
-1.33498
-1.37899
-1.42567
-1.47462
-1.52418
-1.57156
-1.61294
-1.64487
-1.66708
-1.68161
-1.69029
-1.69588
-1.70132
-1.70889
-1.72143
-1.73941
-1.7594
-1.78262
-1.80523
-1.82247
-1.83091
-1.82682
-1.8073
-1.77109
-1.71785
-1.64799
-1.56264
-1.46326
-1.35075
-1.22428
-1.07938
-0.90386
-0.673433
-0.352742
-0.258908
-0.00258708
0.159635
0.251243
0.29462
0.301274
0.276962
0.224844
0.147431
0.0477755
-0.0695044
-0.197786
-0.329236
-0.456642
-0.574949
-0.68165
-0.776224
-0.859238
-0.931596
-0.994155
-1.04767
-1.093
-1.13131
-1.16432
-1.19415
-1.22302
-1.2527
-1.2842
-1.31805
-1.35483
-1.39539
-1.44018
-1.48829
-1.53734
-1.58413
-1.62508
-1.6565
-1.67722
-1.69078
-1.69905
-1.70399
-1.70801
-1.71363
-1.71979
-1.72975
-1.74422
-1.76149
-1.77948
-1.7944
-1.80206
-1.79923
-1.78283
-1.75075
-1.70228
-1.63767
-1.55783
-1.46414
-1.35803
-1.24029
-1.11031
-0.96451
-0.793487
-0.578915
-0.295493
-0.181292
0.0187431
0.131129
0.180114
0.184571
0.155041
0.0981196
0.0186147
-0.0790502
-0.190274
-0.30995
-0.432471
-0.55227
-0.664764
-0.767066
-0.85801
-0.937686
-1.0068
-1.06621
-1.11671
-1.15909
-1.1944
-1.22406
-1.24993
-1.27397
-1.2978
-1.32249
-1.34907
-1.37912
-1.41457
-1.45628
-1.50291
-1.55125
-1.59749
-1.63787
-1.66897
-1.68872
-1.7014
-1.70895
-1.71291
-1.71392
-1.71129
-1.71084
-1.714
-1.72142
-1.73237
-1.74474
-1.75583
-1.76189
-1.75903
-1.74431
-1.71539
-1.67104
-1.6112
-1.53663
-1.44852
-1.34817
-1.23672
-1.11478
-0.982004
-0.836145
-0.671181
-0.4754
-0.233701
-0.13102
0.00830643
0.0703062
0.0778313
0.0467463
-0.0130271
-0.0943138
-0.191359
-0.299013
-0.412561
-0.527647
-0.640283
-0.747024
-0.845318
-0.933733
-1.01185
-1.07992
-1.1385
-1.18822
-1.22971
-1.26377
-1.2915
-1.31437
-1.33396
-1.35167
-1.36869
-1.38668
-1.40845
-1.43732
-1.47492
-1.51949
-1.56688
-1.61249
-1.65238
-1.68293
-1.70207
-1.71388
-1.72059
-1.7189
-1.71046
-1.70156
-1.69443
-1.69073
-1.69128
-1.69581
-1.70274
-1.70932
-1.71235
-1.70821
-1.69364
-1.66636
-1.62499
-1.56916
-1.49936
-1.41655
-1.32179
-1.21603
-1.09997
-0.974083
-0.838618
-0.69329
-0.536229
-0.362854
-0.16793
-0.107662
-0.0314463
-0.0189535
-0.0503304
-0.112367
-0.195839
-0.293546
-0.399665
-0.509378
-0.618828
-0.725011
-0.82563
-0.918996
-1.00403
-1.08025
-1.14764
-1.20642
-1.25689
-1.29937
-1.33421
-1.36199
-1.38354
-1.39986
-1.41197
-1.42117
-1.42989
-1.44244
-1.46382
-1.49651
-1.53858
-1.58474
-1.62954
-1.66866
-1.69888
-1.71653
-1.72825
-1.72685
-1.71492
-1.70036
-1.68541
-1.67218
-1.66235
-1.65672
-1.6551
-1.65617
-1.65759
-1.65629
-1.64913
-1.63311
-1.60586
-1.56601
-1.51307
-1.44724
-1.36921
-1.27973
-1.17941
-1.06861
-0.947651
-0.817152
-0.678571
-0.534436
-0.387845
-0.241562
-0.0992461
-0.10837
-0.0959577
-0.131062
-0.197867
-0.285742
-0.386561
-0.493817
-0.60247
-0.708803
-0.810317
-0.905491
-0.993499
-1.07397
-1.14683
-1.21219
-1.27027
-1.32118
-1.36496
-1.40149
-1.43067
-1.45247
-1.467
-1.47468
-1.47679
-1.47655
-1.47985
-1.49348
-1.52101
-1.56016
-1.60481
-1.64842
-1.68645
-1.71517
-1.73226
-1.73512
-1.72299
-1.70597
-1.68609
-1.6659
-1.64733
-1.63181
-1.62018
-1.61228
-1.60697
-1.60226
-1.59555
-1.58396
-1.56489
-1.53619
-1.49646
-1.44515
-1.38228
-1.30825
-1.22349
-1.12821
-1.02234
-0.905655
-0.778331
-0.641737
-0.499439
-0.357821
-0.225638
-0.112673
-0.0297208
-0.128667
-0.17951
-0.259654
-0.357955
-0.466594
-0.579162
-0.690584
-0.797268
-0.897021
-0.988827
-1.0725
-1.14836
-1.21692
-1.27876
-1.33433
-1.38393
-1.42753
-1.46477
-1.49498
-1.51728
-1.53081
-1.53524
-1.5316
-1.52371
-1.51881
-1.52534
-1.54782
-1.58393
-1.62652
-1.66851
-1.70435
-1.73091
-1.74057
-1.73271
-1.71686
-1.69514
-1.67065
-1.6455
-1.6216
-1.60037
-1.5825
-1.56795
-1.55577
-1.54427
-1.53125
-1.5143
-1.49107
-1.4597
-1.41891
-1.36809
-1.30714
-1.2362
-1.15537
-1.06449
-0.963009
-0.850119
-0.725249
-0.588978
-0.444369
-0.298326
-0.162171
-0.0505772
0.0208318
0.0367504
-0.163296
-0.276004
-0.398311
-0.524119
-0.648923
-0.768734
-0.880529
-0.982565
-1.07429
-1.15606
-1.22876
-1.29349
-1.35132
-1.40314
-1.44955
-1.49071
-1.52629
-1.55538
-1.57662
-1.5885
-1.59006
-1.58204
-1.56843
-1.55729
-1.55808
-1.57617
-1.60905
-1.64917
-1.68846
-1.72157
-1.74023
-1.74094
-1.72998
-1.7098
-1.68395
-1.65481
-1.62463
-1.59524
-1.56799
-1.54362
-1.52209
-1.50272
-1.4841
-1.4644
-1.44156
-1.41361
-1.37887
-1.33622
-1.28502
-1.22504
-1.15623
-1.07841
-0.991039
-0.893135
-0.783307
-0.660202
-0.523407
-0.374908
-0.220863
-0.0729613
0.0517609
0.13337
0.152724
0.0933944
-0.207011
-0.3795
-0.540962
-0.690547
-0.827679
-0.951431
-1.06125
-1.15739
-1.24084
-1.31308
-1.37575
-1.43043
-1.47841
-1.52061
-1.55748
-1.58884
-1.61388
-1.63129
-1.63951
-1.63753
-1.62596
-1.60864
-1.59355
-1.5904
-1.60485
-1.63457
-1.67153
-1.70785
-1.73382
-1.74308
-1.74097
-1.72601
-1.70222
-1.67211
-1.63829
-1.60291
-1.56779
-1.53428
-1.50316
-1.47456
-1.44795
-1.42228
-1.396
-1.36737
-1.33466
-1.29639
-1.25152
-1.19939
-1.13967
-1.07211
-0.996289
-0.911361
-0.815933
-0.708082
-0.585716
-0.447433
-0.294021
-0.130483
0.0321059
0.175998
0.278646
0.316999
0.271959
0.129725
-0.255105
-0.484555
-0.682056
-0.852117
-0.998609
-1.12412
-1.23076
-1.32069
-1.39623
-1.45968
-1.51312
-1.55826
-1.59632
-1.62797
-1.65327
-1.67174
-1.68253
-1.68472
-1.67789
-1.66296
-1.64342
-1.62644
-1.62103
-1.63267
-1.65914
-1.69277
-1.72146
-1.73854
-1.74478
-1.73924
-1.72105
-1.69342
-1.65909
-1.62043
-1.57965
-1.53861
-1.4987
-1.46082
-1.42528
-1.39183
-1.35961
-1.32735
-1.29353
-1.25656
-1.21509
-1.16807
-1.11482
-1.05488
-0.987846
-0.913058
-0.82941
-0.735148
-0.627866
-0.504799
-0.363634
-0.204033
-0.0298337
0.148678
0.313706
0.44124
0.505344
0.48381
0.361943
0.131892
-0.303942
-0.586632
-0.816793
-1.0044
-1.15803
-1.28395
-1.38689
-1.4707
-1.53872
-1.59372
-1.63788
-1.67275
-1.69925
-1.71775
-1.72823
-1.73061
-1.72507
-1.71229
-1.69385
-1.67295
-1.65539
-1.64893
-1.65822
-1.68147
-1.70586
-1.72659
-1.74053
-1.74442
-1.73605
-1.71431
-1.68284
-1.64402
-1.60034
-1.55401
-1.50696
-1.46075
-1.41642
-1.37452
-1.33498
-1.29717
-1.25998
-1.22197
-1.18165
-1.13765
-1.0889
-1.03462
-0.974244
-0.907183
-0.832592
-0.749104
-0.654633
-0.546318
-0.420775
-0.274878
-0.107318
0.0790399
0.274518
0.461113
0.613757
0.704469
0.70857
0.609936
0.402256
0.0853747
-0.351068
-0.682342
-0.941361
-1.1437
-1.30265
-1.42802
-1.52687
-1.60445
-1.6647
-1.71053
-1.74398
-1.76633
-1.7784
-1.78083
-1.7745
-1.76084
-1.74185
-1.71982
-1.69786
-1.68042
-1.67325
-1.67831
-1.69158
-1.71012
-1.72779
-1.73943
-1.7415
-1.73054
-1.70511
-1.66932
-1.62579
-1.57691
-1.52502
-1.47218
-1.4201
-1.37005
-1.32274
-1.2783
-1.23621
-1.19541
-1.1545
-1.11193
-1.06629
-1.01641
-0.961404
-0.900562
-0.833143
-0.7581
-0.673811
-0.577842
-0.466868
-0.336903
-0.184094
-0.00634259
0.19415
0.407921
0.616315
0.792645
0.907358
0.934258
0.856368
0.668316
0.374021
-0.0197927
-0.395079
-0.769518
-1.05311
-1.26718
-1.42957
-1.55323
-1.64715
-1.71752
-1.76858
-1.80321
-1.82333
-1.83043
-1.82605
-1.81216
-1.7914
-1.76695
-1.74178
-1.71848
-1.69955
-1.68728
-1.6856
-1.69468
-1.70964
-1.72513
-1.73526
-1.7352
-1.72148
-1.6923
-1.65169
-1.60312
-1.54906
-1.49188
-1.4338
-1.37671
-1.32204
-1.27065
-1.22276
-1.17788
-1.13495
-1.09248
-1.04884
-1.0025
-0.952165
-0.896835
-0.83566
-0.767738
-0.691822
-0.606007
-0.507469
-0.39236
-0.256055
-0.0940051
0.0964897
0.313517
0.547266
0.777798
0.976143
1.11027
1.15378
1.09035
0.915996
0.637642
0.267818
-0.183313
-0.435263
-0.84702
-1.15052
-1.37292
-1.53632
-1.65637
-1.7435
-1.80449
-1.84379
-1.86447
-1.86907
-1.86021
-1.8411
-1.81542
-1.78685
-1.757
-1.72827
-1.70453
-1.68972
-1.68548
-1.69154
-1.70444
-1.71795
-1.72635
-1.72423
-1.70746
-1.67441
-1.62871
-1.57495
-1.51593
-1.4541
-1.39173
-1.33084
-1.27296
-1.21903
-1.16926
-1.12313
-1.07948
-1.03673
-0.993107
-0.946947
-0.896834
-0.841631
-0.78036
-0.711965
-0.634984
-0.547201
-0.445333
-0.324914
-0.180576
-0.00704078
0.198864
0.435107
0.690846
0.944028
1.16269
1.31169
1.36326
1.30506
1.13644
0.866897
0.512633
0.0900436
-0.392007
-0.471227
-0.914365
-1.23288
-1.45969
-1.62084
-1.73425
-1.81148
-1.85997
-1.8848
-1.8901
-1.87998
-1.8582
-1.82804
-1.79354
-1.75854
-1.72643
-1.70023
-1.6833
-1.67766
-1.68193
-1.69248
-1.70417
-1.71069
-1.70648
-1.68694
-1.65005
-1.59939
-1.54069
-1.47726
-1.41172
-1.34633
-1.28309
-1.22355
-1.16863
-1.11848
-1.0725
-1.02941
-0.987477
-0.944809
-0.899606
-0.850324
-0.795708
-0.734654
-0.665959
-0.587942
-0.498045
-0.39246
-0.265984
-0.112351
0.0745649
0.298367
0.556561
0.836531
1.11313
1.35055
1.51019
1.56261
1.49747
1.3243
1.05665
0.711834
0.309055
-0.13707
-0.622848
-0.502611
-0.97128
-1.29977
-1.52646
-1.68106
-1.78368
-1.84735
-1.88064
-1.88965
-1.88009
-1.85721
-1.82568
-1.78939
-1.75174
-1.71659
-1.68808
-1.66931
-1.6615
-1.66354
-1.67179
-1.68117
-1.6859
-1.67993
-1.65844
-1.6186
-1.56337
-1.5005
-1.43357
-1.36545
-1.2984
-1.2343
-1.17459
-1.12009
-1.07086
-1.02618
-0.984651
-0.944417
-0.903463
-0.859865
-0.811964
-0.75839
-0.697926
-0.629226
-0.550398
-0.45853
-0.349241
-0.216481
-0.0529162
0.148623
0.392257
0.674812
0.981262
1.28234
1.53741
1.70406
1.75152
1.67135
1.47889
1.20422
0.865154
0.478093
0.0591443
-0.38267
-0.850309
-0.528878
-1.0172
-1.35029
-1.57148
-1.71425
-1.80155
-1.84872
-1.86644
-1.86258
-1.84321
-1.81318
-1.77671
-1.73782
-1.70063
-1.6694
-1.6476
-1.63655
-1.63515
-1.64031
-1.6472
-1.64997
-1.64269
-1.62015
-1.57917
-1.52145
-1.45532
-1.38606
-1.31657
-1.24911
-1.18543
-1.12678
-1.07382
-1.02649
-0.983961
-0.944727
-0.90684
-0.868182
-0.826722
-0.780693
-0.728616
-0.669163
-0.600857
-0.521608
-0.428163
-0.315564
-0.176857
-0.00349418
0.212971
0.47739
0.785906
1.12066
1.44743
1.71978
1.89092
1.92924
1.82904
1.61079
1.31196
0.972648
0.601584
0.207269
-0.200018
-0.617418
-1.05375
-0.549112
-1.05049
-1.38194
-1.59256
-1.72065
-1.79252
-1.82559
-1.83147
-1.81823
-1.79174
-1.75675
-1.71765
-1.67892
-1.64483
-1.61886
-1.60289
-1.59664
-1.59759
-1.60142
-1.60247
-1.59469
-1.57273
-1.53282
-1.47499
-1.40676
-1.33629
-1.26656
-1.19973
-1.13741
-1.08066
-1.02998
-0.985172
-0.945315
-0.908842
-0.873738
-0.837807
-0.798925
-0.755218
-0.705097
-0.647121
-0.579687
-0.50053
-0.406102
-0.290912
-0.147121
0.0350979
0.265667
0.550477
0.885232
1.24915
1.60255
1.89246
2.06715
2.09408
1.97142
1.72563
1.3996
1.0391
0.680995
0.315022
-0.0601202
-0.438405
-0.821275
-1.22182
-0.562557
-1.07116
-1.39711
-1.59542
-1.7089
-1.76667
-1.78748
-1.78334
-1.76225
-1.73008
-1.69174
-1.65183
-1.61465
-1.58381
-1.56172
-1.54912
-1.54457
-1.54452
-1.54378
-1.53638
-1.51664
-1.48032
-1.42541
-1.35718
-1.28624
-1.21699
-1.15142
-1.09096
-1.03652
-0.988447
-0.946423
-0.909466
-0.875976
-0.843907
-0.811009
-0.775073
-0.734116
-0.686422
-0.630428
-0.564406
-0.485944
-0.391259
-0.274422
-0.126819
0.0626015
0.305336
0.608627
0.968202
1.36071
1.74093
2.04888
2.22748
2.24306
2.09757
1.82524
1.47501
1.09486
0.722709
0.38361
0.046595
-0.296341
-0.639467
-0.986094
-1.35213
-0.569237
-1.08071
-1.39899
-1.58451
-1.68399
-1.72873
-1.73839
-1.7252
-1.69723
-1.6604
-1.61966
-1.57938
-1.5434
-1.51465
-1.49478
-1.48356
-1.47866
-1.47569
-1.46899
-1.45268
-1.42181
-1.37325
-1.30854
-1.23789
-1.16932
-1.10512
-1.04657
-0.994409
-0.948871
-0.909561
-0.875462
-0.844968
-0.81603
-0.786366
-0.753689
-0.715892
-0.671116
-0.617648
-0.553627
-0.476516
-0.382364
-0.26494
-0.115033
0.0794446
0.331504
0.649969
1.03116
1.44992
1.85597
2.18224
2.36577
2.37152
2.20528
1.90848
1.53917
1.1476
0.767956
0.420794
0.119611
-0.180708
-0.490241
-0.799759
-1.11344
-1.44806
-0.569327
-1.08022
-1.38957
-1.56234
-1.64845
-1.68089
-1.68005
-1.65838
-1.62403
-1.58289
-1.53979
-1.49886
-1.46348
-1.43608
-1.41756
-1.40691
-1.40097
-1.39478
-1.38249
-1.35857
-1.31881
-1.26123
-1.19246
-1.12461
-1.06147
-1.00444
-0.954144
-0.910738
-0.873788
-0.842268
-0.814596
-0.788744
-0.762416
-0.733252
-0.699012
-0.65766
-0.607301
-0.545915
-0.470842
-0.378026
-0.261073
-0.110417
0.0867769
0.344797
0.674101
1.07217
1.51304
1.94244
2.28671
2.47645
2.47447
2.29049
1.97371
1.58946
1.19499
0.820391
0.476792
0.168856
-0.0943581
-0.362139
-0.643483
-0.924724
-1.20951
-1.51518
-0.562994
-1.07034
-1.36993
-1.53014
-1.60335
-1.62395
-1.61292
-1.58301
-1.54241
-1.49706
-1.45166
-1.4101
-1.37543
-1.34951
-1.33256
-1.32274
-1.31616
-1.30741
-1.29061
-1.26057
-1.2137
-1.15099
-1.08363
-1.02098
-0.964689
-0.915501
-0.873523
-0.838316
-0.808878
-0.783671
-0.760709
-0.737703
-0.712231
-0.681909
-0.644493
-0.597861
-0.539783
-0.467456
-0.376754
-0.261249
-0.111265
0.0864086
0.346937
0.682233
1.0913
1.54846
1.99694
2.35744
2.55412
2.54639
2.34686
2.01306
1.61806
1.22113
0.859928
0.540739
0.252521
-0.0177194
-0.253625
-0.50052
-0.762286
-1.02124
-1.28026
-1.55869
-0.550344
-1.05139
-1.34052
-1.48832
-1.54898
-1.55802
-1.53704
-1.49911
-1.45262
-1.40352
-1.35646
-1.31509
-1.28206
-1.25861
-1.24414
-1.23596
-1.22952
-1.21908
-1.19879
-1.16383
-1.11124
-1.04679
-0.98383
-0.927377
-0.878296
-0.8368
-0.802495
-0.774431
-0.751137
-0.730693
-0.710839
-0.689113
-0.66299
-0.629998
-0.587726
-0.533668
-0.464816
-0.376961
-0.263731
-0.115566
0.0807293
0.340679
0.677217
1.09093
1.55734
2.01885
2.39215
2.59543
2.58424
2.37269
2.02543
1.62365
1.23105
0.88369
0.585814
0.322818
0.0794302
-0.155959
-0.375264
-0.609196
-0.857134
-1.09663
-1.33122
-1.58308
-0.531449
-1.02346
-1.30143
-1.43698
-1.48546
-1.48336
-1.45293
-1.40765
-1.35615
-1.30446
-1.25711
-1.21745
-1.18755
-1.16784
-1.15679
-1.1509
-1.14501
-1.13319
-1.10975
-1.07023
-1.01337
-0.949987
-0.892447
-0.84244
-0.800347
-0.765923
-0.738324
-0.716181
-0.697665
-0.680581
-0.662459
-0.640666
-0.612492
-0.575192
-0.525889
-0.461262
-0.376943
-0.266623
-0.121028
0.0726583
0.32976
0.663612
1.07609
1.5445
2.01204
2.3936
2.60299
2.59208
2.3757
2.02274
1.61826
1.22992
0.894749
0.61219
0.369692
0.150607
-0.0596584
-0.270558
-0.47866
-0.701084
-0.936466
-1.15662
-1.36658
-1.59169
-0.506446
-0.986609
-1.25275
-1.37632
-1.41326
-1.40084
-1.362
-1.31068
-1.25577
-1.2033
-1.15757
-1.1214
-1.09605
-1.08098
-1.07373
-1.07007
-1.06445
-1.05085
-1.02378
-0.979169
-0.92008
-0.860426
-0.808274
-0.764354
-0.728604
-0.700349
-0.678354
-0.660917
-0.64594
-0.631003
-0.613411
-0.590253
-0.55843
-0.514601
-0.454976
-0.374856
-0.267887
-0.125129
0.0655619
0.318753
0.647442
1.05417
1.51809
1.9845
2.36886
2.58294
2.57577
2.36143
2.01003
1.60706
1.22207
0.895579
0.623945
0.395454
0.195502
0.00838149
-0.179071
-0.375336
-0.572526
-0.783361
-1.00499
-1.20463
-1.38921
-1.58708
-0.475666
-0.941124
-1.19481
-1.30691
-1.33338
-1.31206
-1.26652
-1.21116
-1.155
-1.10394
-1.06178
-1.03056
-1.01055
-1.00024
-0.996405
-0.994272
-0.988098
-0.971949
-0.940648
-0.890879
-0.831016
-0.775876
-0.729062
-0.690806
-0.660672
-0.637633
-0.620162
-0.606314
-0.593778
-0.579886
-0.561608
-0.535525
-0.497782
-0.443946
-0.368717
-0.265413
-0.125275
0.0630484
0.312837
0.635908
1.03455
1.48925
1.94807
2.32914
2.54536
2.54425
2.33739
1.99233
1.59329
1.21261
0.890453
0.625331
0.405452
0.217776
0.0484659
-0.116865
-0.289769
-0.475262
-0.661329
-0.861504
-1.06622
-1.24348
-1.40169
-1.57171
-0.439798
-0.887674
-1.12839
-1.22987
-1.24748
-1.21932
-1.16944
-1.11252
-1.05753
-1.00995
-0.972819
-0.9472
-0.932416
-0.926152
-0.924587
-0.922661
-0.91458
-0.894611
-0.857991
-0.804117
-0.745741
-0.695073
-0.653175
-0.6199
-0.594484
-0.575635
-0.561613
-0.55029
-0.539126
-0.525097
-0.504587
-0.473266
-0.425945
-0.356403
-0.257144
-0.119106
0.0684849
0.317349
0.637137
1.02862
1.47262
1.91998
2.29313
2.50848
2.51405
2.31782
1.98173
1.58596
1.20758
0.885922
0.622058
0.405717
0.223938
0.0651882
-0.0836949
-0.235124
-0.397318
-0.573155
-0.747007
-0.936816
-1.12179
-1.27515
-1.40638
-1.548
-0.400045
-0.82753
-1.05492
-1.14702
-1.15789
-1.12551
-1.07406
-1.01822
-0.966616
-0.923995
-0.892478
-0.872207
-0.861712
-0.858113
-0.857257
-0.853966
-0.84255
-0.817577
-0.774806
-0.718362
-0.663126
-0.616581
-0.578971
-0.549819
-0.528106
-0.512349
-0.500668
-0.490749
-0.479731
-0.46399
-0.438901
-0.398564
-0.335618
-0.241173
-0.10497
0.084041
0.336324
0.658726
1.04864
1.48528
1.92124
2.28406
2.49585
2.50693
2.32163
1.99415
1.5986
1.21802
0.891962
0.623555
0.404605
0.22298
0.0672588
-0.0728318
-0.209131
-0.350552
-0.503594
-0.669821
-0.830073
-1.00941
-1.17276
-1.30148
-1.40566
-1.51848
-0.358288
-0.76275
-0.976664
-1.06094
-1.06764
-1.03397
-0.983821
-0.931435
-0.88476
-0.847681
-0.82143
-0.805408
-0.797629
-0.794909
-0.792971
-0.786696
-0.770646
-0.739834
-0.690883
-0.633152
-0.581511
-0.538758
-0.504739
-0.478746
-0.459606
-0.445738
-0.435146
-0.425272
-0.41272
-0.392862
-0.359371
-0.303824
-0.215551
-0.0820501
0.109646
0.370285
0.704295
1.10421
1.54404
1.97507
2.32919
2.53623
2.55132
2.3757
2.05446
1.65377
1.26328
0.92467
0.644064
0.414761
0.22598
0.0662481
-0.073159
-0.202795
-0.330665
-0.464073
-0.608634
-0.765149
-0.910409
-1.07873
-1.21993
-1.32431
-1.40202
-1.48577
-0.317193
-0.696312
-0.896833
-0.975112
-0.980378
-0.948364
-0.902028
-0.854786
-0.813687
-0.78176
-0.759553
-0.746015
-0.738916
-0.734984
-0.72998
-0.718969
-0.696852
-0.659132
-0.605567
-0.548895
-0.500377
-0.460582
-0.429071
-0.404969
-0.387016
-0.373568
-0.362473
-0.35076
-0.334141
-0.306331
-0.258323
-0.177849
-0.0495712
0.143227
0.414575
0.76925
1.19525
1.65809
2.101
2.45556
2.65992
2.67835
2.51191
2.19567
1.78483
1.37391
1.01046
0.705623
0.45541
0.249679
0.0775254
-0.0707197
-0.202588
-0.32624
-0.448145
-0.574898
-0.711769
-0.859601
-0.988184
-1.14257
-1.26342
-1.34514
-1.3976
-1.45212
-0.280223
-0.632139
-0.819577
-0.893754
-0.900214
-0.872379
-0.831663
-0.790301
-0.7544
-0.726328
-0.706253
-0.692984
-0.684293
-0.677003
-0.667066
-0.649858
-0.620704
-0.57569
-0.519107
-0.464659
-0.418556
-0.38065
-0.350304
-0.326547
-0.30808
-0.293179
-0.279411
-0.263104
-0.238525
-0.196838
-0.125042
-0.00544746
0.183184
0.4612
0.839034
1.30495
1.81586
2.30017
2.67762
2.88917
2.91258
2.75674
2.44901
2.02966
1.58963
1.18703
0.841335
0.554318
0.318091
0.121549
-0.0454481
-0.190566
-0.320684
-0.441709
-0.559881
-0.681783
-0.812171
-0.951389
-1.06298
-1.20122
-1.30235
-1.36299
-1.3922
-1.4183
-0.251475
-0.574892
-0.749708
-0.821498
-0.831272
-0.80933
-0.775006
-0.739169
-0.707117
-0.680859
-0.660519
-0.645028
-0.632367
-0.619621
-0.603092
-0.57856
-0.541898
-0.490029
-0.431638
-0.379371
-0.334799
-0.297477
-0.266673
-0.241385
-0.220277
-0.201459
-0.181995
-0.157068
-0.118768
-0.0545906
0.053922
0.231291
0.504822
0.895246
1.4
1.97534
2.53386
2.97184
3.21648
3.25521
3.11418
2.82387
2.4097
1.9435
1.4942
1.09222
0.749277
0.464047
0.227397
0.0282905
-0.14236
-0.290542
-0.4222
-0.542674
-0.658288
-0.77545
-0.899099
-1.02918
-1.12872
-1.25094
-1.33507
-1.37798
-1.38686
-1.38574
-0.235282
-0.52945
-0.692056
-0.762609
-0.776871
-0.761357
-0.732971
-0.701231
-0.670889
-0.643919
-0.620676
-0.600414
-0.581464
-0.561288
-0.536612
-0.503716
-0.458984
-0.402473
-0.344471
-0.293206
-0.248625
-0.210088
-0.17678
-0.147646
-0.121225
-0.0952601
-0.0659564
-0.0267905
0.0331619
0.131148
0.29209
0.54737
0.927633
1.44604
2.07237
2.7164
3.2501
3.57121
3.65612
3.54686
3.28803
2.902
2.42876
1.94437
1.48494
1.07446
0.722088
0.426092
0.178306
-0.0321502
-0.213357
-0.369123
-0.50524
-0.627947
-0.743713
-0.858502
-0.976544
-1.09753
-1.1869
-1.29333
-1.3624
-1.39058
-1.38219
-1.35555
-0.235523
-0.499991
-0.650332
-0.719726
-0.738225
-0.728184
-0.704
-0.674041
-0.64281
-0.612506
-0.58389
-0.556669
-0.529634
-0.500734
-0.467219
-0.425924
-0.373798
-0.314304
-0.257118
-0.205755
-0.159654
-0.118065
-0.0800934
-0.0445578
-0.00969539
0.0274135
0.0718493
0.132395
0.223562
0.367601
0.595027
0.940609
1.43058
2.0578
2.75144
3.38011
3.81395
3.99854
3.96387
3.76661
3.43547
2.97929
2.4792
1.98206
1.516
1.09963
0.738624
0.429657
0.165967
-0.0610863
-0.257695
-0.425302
-0.569492
-0.697355
-0.815365
-0.929014
-1.04196
-1.15381
-1.23303
-1.32435
-1.38061
-1.39747
-1.37578
-1.3268
-0.254601
-0.488614
-0.625503
-0.692107
-0.712693
-0.705496
-0.682639
-0.651635
-0.616961
-0.581153
-0.545423
-0.509961
-0.474059
-0.436208
-0.394237
-0.345564
-0.288126
-0.227434
-0.1708
-0.118417
-0.069547
-0.0233484
0.0212229
0.0656463
0.112256
0.164975
0.230509
0.320037
0.451203
0.649451
0.946546
1.37268
1.93953
2.61088
3.28288
3.82337
4.14808
4.2437
4.12749
3.85795
3.46025
2.98445
2.48974
2.00561
1.55272
1.14358
0.781161
0.462534
0.183287
-0.0619539
-0.276448
-0.459038
-0.614114
-0.749291
-0.870939
-0.984053
-1.09171
-1.19342
-1.26135
-1.33811
-1.38374
-1.39297
-1.36299
-1.29698
-0.292001
-0.493498
-0.613743
-0.673572
-0.691904
-0.683377
-0.658297
-0.62357
-0.583683
-0.541427
-0.498357
-0.455049
-0.411236
-0.365903
-0.317418
-0.263729
-0.204824
-0.145601
-0.0894503
-0.0357806
0.0162867
0.0677828
0.12009
0.175253
0.236481
0.308921
0.400786
0.524785
0.699431
0.948951
1.29942
1.76849
2.35063
2.98321
3.56314
3.98299
4.2046
4.22232
4.05411
3.75003
3.34111
2.8985
2.44939
2.01126
1.59604
1.21086
0.857032
0.532997
0.237913
-0.0288355
-0.265687
-0.467456
-0.636549
-0.781045
-0.907071
-1.01908
-1.11983
-1.2091
-1.264
-1.32628
-1.36304
-1.36838
-1.33623
-1.26144
-0.342226
-0.506552
-0.604125
-0.650572
-0.66047
-0.645706
-0.615191
-0.575238
-0.530133
-0.482646
-0.434413
-0.386185
-0.337968
-0.289141
-0.238566
-0.184758
-0.128685
-0.0733857
-0.0194815
0.0338607
0.0877008
0.143427
0.203
0.269288
0.346509
0.440784
0.560793
0.7184
0.928768
1.20886
1.5726
2.02209
2.53452
3.01395
3.41773
3.69838
3.82093
3.78268
3.60559
3.33496
3.0079
2.66906
2.32489
1.98015
1.6383
1.30232
0.97305
0.65119
0.340465
0.04673
-0.220024
-0.446924
-0.633978
-0.789269
-0.91859
-1.02658
-1.11675
-1.19017
-1.22987
-1.27709
-1.30596
-1.31083
-1.28369
-1.2123
-0.390843
-0.509424
-0.575361
-0.600259
-0.595534
-0.570927
-0.533947
-0.489972
-0.442632
-0.394242
-0.346146
-0.298957
-0.252721
-0.207025
-0.161112
-0.114181
-0.0666047
-0.0191687
0.0285586
0.0776081
0.129377
0.185804
0.249596
0.324444
0.41519
0.527861
0.669507
0.847778
1.07003
1.34137
1.66113
2.01878
2.33072
2.59147
2.78942
2.90112
2.91602
2.84369
2.70583
2.53634
2.35986
2.18743
2.01135
1.82286
1.61355
1.37784
1.11232
0.817348
0.500161
0.174215
-0.134282
-0.395845
-0.60478
-0.768977
-0.896148
-0.993401
-1.06673
-1.11969
-1.14178
-1.17285
-1.19393
-1.20071
-1.18587
-1.13494
