-0.856357
-0.888284
-0.900798
-0.900427
-0.887021
-0.856034
-0.812644
-0.755112
-0.680779
-0.587015
-0.471253
-0.331943
-0.171049
0.000860982
0.174317
0.343175
0.501387
0.643561
0.765575
0.865468
0.944242
1.00585
1.05492
1.09081
1.11149
1.11869
1.11547
1.10543
1.09107
1.07167
1.04031
0.978838
0.882303
0.773781
0.661783
0.552894
0.451587
0.360309
0.279853
0.209828
0.149133
0.0963384
0.0499321
0.00845859
-0.029424
-0.0649108
-0.0990113
-0.132518
-0.165698
-0.19776
-0.228254
-0.257828
-0.287111
-0.316577
-0.346459
-0.376618
-0.406369
-0.434249
-0.457738
-0.472946
-0.474348
-0.454656
-0.40506
-0.316019
-0.962331
-0.997963
-1.01105
-1.00734
-0.986513
-0.944482
-0.891279
-0.826698
-0.748847
-0.655914
-0.546218
-0.417655
-0.27034
-0.110242
0.0616789
0.241869
0.425238
0.605436
0.775973
0.932
1.07213
1.1983
1.31293
1.40453
1.46365
1.49172
1.49322
1.47258
1.43124
1.36622
1.26868
1.12144
0.961992
0.803875
0.656034
0.523465
0.408095
0.30964
0.226432
0.156114
0.0961427
0.0441195
-0.00206591
-0.0442094
-0.0838435
-0.122285
-0.160647
-0.199831
-0.239258
-0.276377
-0.310321
-0.341996
-0.372239
-0.401678
-0.430621
-0.45891
-0.485716
-0.509282
-0.526595
-0.533001
-0.521805
-0.483957
-0.40814
-0.28167
-1.05439
-1.08523
-1.09425
-1.0844
-1.05421
-1.00083
-0.938867
-0.869184
-0.790111
-0.699323
-0.593612
-0.468646
-0.332194
-0.180696
-0.0133369
0.16824
0.360058
0.556541
0.751786
0.941814
1.12648
1.3081
1.4873
1.63626
1.73922
1.79431
1.80282
1.76619
1.68404
1.55199
1.36106
1.14999
0.941825
0.749635
0.580434
0.436447
0.316728
0.2185
0.138162
0.0719557
0.0163775
-0.0316143
-0.0745411
-0.11446
-0.153084
-0.191879
-0.232099
-0.274761
-0.317625
-0.356192
-0.389943
-0.420037
-0.447555
-0.473354
-0.497938
-0.521306
-0.542729
-0.560458
-0.571329
-0.570222
-0.549379
-0.497765
-0.400997
-0.242643
-1.1382
-1.15824
-1.15873
-1.1393
-1.09759
-1.03323
-0.964036
-0.890341
-0.809371
-0.716021
-0.609704
-0.492148
-0.361617
-0.215116
-0.0511093
0.129406
0.323194
0.525713
0.733212
0.945396
1.16603
1.39892
1.63568
1.83344
1.97255
2.04492
2.04612
1.97366
1.81815
1.59566
1.3417
1.08624
0.848927
0.640134
0.463506
0.318207
0.200916
0.107208
0.0324132
-0.0279103
-0.0777352
-0.120458
-0.158886
-0.195305
-0.231619
-0.269462
-0.31025
-0.354931
-0.398839
-0.435919
-0.466717
-0.492609
-0.514929
-0.534811
-0.553069
-0.570033
-0.58531
-0.597431
-0.603317
-0.597463
-0.570863
-0.510005
-0.396753
-0.210293
-1.21677
-1.22138
-1.20884
-1.17585
-1.12114
-1.04589
-0.968727
-0.886936
-0.799213
-0.705725
-0.602888
-0.488348
-0.359782
-0.214486
-0.0512991
0.128533
0.321988
0.526045
0.741056
0.972666
1.22861
1.5106
1.78656
2.01191
2.1643
2.22802
2.1888
2.03769
1.80626
1.52743
1.23573
0.958288
0.710922
0.500195
0.326448
0.186479
0.0755193
-0.0116143
-0.0799237
-0.133998
-0.17793
-0.215278
-0.249058
-0.281766
-0.315493
-0.352055
-0.393105
-0.438422
-0.480913
-0.514571
-0.540649
-0.56077
-0.576546
-0.589438
-0.600672
-0.611062
-0.62073
-0.628648
-0.631872
-0.62438
-0.595601
-0.529106
-0.402521
-0.190206
-1.2918
-1.27697
-1.24666
-1.19473
-1.12634
-1.0345
-0.946198
-0.859827
-0.771669
-0.678072
-0.574922
-0.459168
-0.328076
-0.179923
-0.0145504
0.165863
0.358703
0.564337
0.789378
1.04485
1.33698
1.65518
1.93699
2.1547
2.27966
2.28463
2.17481
1.96513
1.68755
1.37934
1.07391
0.794041
0.551198
0.348461
0.183806
0.0527117
-0.0501575
-0.130078
-0.191923
-0.240121
-0.278683
-0.311226
-0.340918
-0.370438
-0.402038
-0.437663
-0.479057
-0.523695
-0.562736
-0.591657
-0.61205
-0.625725
-0.634565
-0.640398
-0.644947
-0.649618
-0.65513
-0.660884
-0.663932
-0.657488
-0.629156
-0.559385
-0.421364
-0.18441
-1.36401
-1.32599
-1.27307
-1.19787
-1.11243
-1.01116
-0.91634
-0.825326
-0.733311
-0.635292
-0.526868
-0.404346
-0.265887
-0.110987
0.0588787
0.240867
0.434624
0.646396
0.888475
1.1703
1.48583
1.78808
2.03809
2.2033
2.26572
2.21296
2.05047
1.80113
1.50051
1.18532
0.884528
0.61573
0.386389
0.197067
0.0444649
-0.076371
-0.170722
-0.243576
-0.299457
-0.342497
-0.376555
-0.405247
-0.431848
-0.459159
-0.48948
-0.524716
-0.566467
-0.609432
-0.643668
-0.667055
-0.681371
-0.688561
-0.690756
-0.690189
-0.68914
-0.689634
-0.692931
-0.698681
-0.703662
-0.700094
-0.673674
-0.601796
-0.453297
-0.192435
-1.43457
-1.3712
-1.29429
-1.19609
-1.09174
-0.981135
-0.878981
-0.781054
-0.681251
-0.574004
-0.454259
-0.319591
-0.169628
-0.00536263
0.16966
0.35395
0.552301
0.776542
1.03788
1.33322
1.6269
1.87381
2.06014
2.16309
2.16348
2.05595
1.85274
1.5815
1.27705
0.971357
0.687309
0.437491
0.226267
0.0527152
-0.0868737
-0.19728
-0.283372
-0.34967
-0.400281
-0.439028
-0.469603
-0.4956
-0.520345
-0.54664
-0.576655
-0.612095
-0.65401
-0.69429
-0.723027
-0.740609
-0.748926
-0.75005
-0.746358
-0.740538
-0.735442
-0.733642
-0.736739
-0.744333
-0.752638
-0.752753
-0.7286
-0.654828
-0.496236
-0.212173
-1.50319
-1.41236
-1.3089
-1.18822
-1.06335
-0.943809
-0.832762
-0.724387
-0.611803
-0.488387
-0.350892
-0.19931
-0.0349359
0.138414
0.317535
0.505281
0.7126
0.951201
1.22112
1.49304
1.72187
1.90394
2.02237
2.05686
1.99583
1.84185
1.61235
1.33537
1.04129
0.755456
0.494687
0.267442
0.075964
-0.0813477
-0.208063
-0.308466
-0.386856
-0.447245
-0.493344
-0.528707
-0.556891
-0.581451
-0.605679
-0.632208
-0.662915
-0.699352
-0.740554
-0.776707
-0.799997
-0.812034
-0.814819
-0.81061
-0.802092
-0.792461
-0.785091
-0.782915
-0.787569
-0.798256
-0.810405
-0.814031
-0.791586
-0.715461
-0.546899
-0.240608
-1.5681
-1.44682
-1.31229
-1.17089
-1.03095
-0.899852
-0.775995
-0.651649
-0.517983
-0.370214
-0.208951
-0.0370861
0.140837
0.320168
0.501351
0.694694
0.912747
1.15809
1.40432
1.60795
1.7703
1.88177
1.92782
1.89538
1.78113
1.5938
1.35266
1.08274
0.80822
0.547761
0.312985
0.109259
-0.0624841
-0.204007
-0.318452
-0.409482
-0.480804
-0.535954
-0.57831
-0.611225
-0.638158
-0.662602
-0.687685
-0.715671
-0.747944
-0.785687
-0.825093
-0.856148
-0.874143
-0.881087
-0.87901
-0.87038
-0.85829
-0.846447
-0.838602
-0.837765
-0.845235
-0.859519
-0.875176
-0.881323
-0.859371
-0.780028
-0.601561
-0.274408
-1.62733
-1.47369
-1.3076
-1.14414
-0.99025
-0.845164
-0.703474
-0.554086
-0.389158
-0.209025
-0.0199267
0.170623
0.357175
0.536682
0.719347
0.920032
1.14356
1.36438
1.54177
1.67667
1.76708
1.80542
1.78214
1.69172
1.53738
1.33095
1.09061
0.836531
0.586539
0.353515
0.145025
-0.0357387
-0.188588
-0.315167
-0.418097
-0.500422
-0.565307
-0.615889
-0.655293
-0.68674
-0.713625
-0.739323
-0.766614
-0.797101
-0.831396
-0.870116
-0.906774
-0.93229
-0.945243
-0.947582
-0.941354
-0.929305
-0.915013
-0.902606
-0.895956
-0.897787
-0.908711
-0.926353
-0.944462
-0.951558
-0.928484
-0.84486
-0.656608
-0.310367
-1.67695
-1.4886
-1.29434
-1.10846
-0.939359
-0.775824
-0.606898
-0.420324
-0.213241
0.0047914
0.219329
0.422644
0.60764
0.783675
0.96943
1.17385
1.37022
1.52391
1.62941
1.69151
1.7095
1.67908
1.59609
1.46109
1.28104
1.06814
0.837582
0.604363
0.380722
0.174971
-0.00831378
-0.167423
-0.30257
-0.415176
-0.507361
-0.581634
-0.64071
-0.687418
-0.724715
-0.755759
-0.783887
-0.812248
-0.842995
-0.876701
-0.913023
-0.951669
-0.984609
-1.00471
-1.01299
-1.01122
-1.00158
-0.987209
-0.972175
-0.96081
-0.956765
-0.962094
-0.976466
-0.996579
-1.01557
-1.0217
-0.995715
-0.906709
-0.708904
-0.345706
-1.71392
-1.48793
-1.26827
-1.06548
-0.876424
-0.685093
-0.475569
-0.237847
0.0195721
0.272585
0.505924
0.707648
0.883425
1.05685
1.24398
1.41723
1.54964
1.62792
1.65998
1.65106
1.60242
1.51316
1.38374
1.21846
1.02552
0.815671
0.600457
0.390205
0.192684
0.0127835
-0.147061
-0.286143
-0.404898
-0.504521
-0.586725
-0.653599
-0.707523
-0.751119
-0.787258
-0.819082
-0.849846
-0.882277
-0.917514
-0.954743
-0.992798
-1.0295
-1.05759
-1.0728
-1.07688
-1.07153
-1.0593
-1.04384
-1.02959
-1.02075
-1.02035
-1.02946
-1.04668
-1.0679
-1.0859
-1.08905
-1.05837
-0.962956
-0.755967
-0.378231
-1.73702
-1.47575
-1.22971
-1.00929
-0.793884
-0.562653
-0.297256
0.002731
0.30773
0.58879
0.823273
1.01108
1.17744
1.34875
1.50264
1.61281
1.66744
1.67189
1.63443
1.56164
1.45656
1.32129
1.15931
0.976512
0.780607
0.580066
0.382964
0.195788
0.0229364
-0.13318
-0.271633
-0.392413
-0.496101
-0.583733
-0.656734
-0.716907
-0.766415
-0.807769
-0.843831
-0.877762
-0.912649
-0.950479
-0.99087
-1.03131
-1.06997
-1.1029
-1.1255
-1.13612
-1.1363
-1.12793
-1.11409
-1.09898
-1.08705
-1.08197
-1.0858
-1.09843
-1.11743
-1.13808
-1.15313
-1.15134
-1.11435
-1.01166
-0.796009
-0.406367
-1.73842
-1.44885
-1.18094
-0.93683
-0.684986
-0.39915
-0.06451
0.296543
0.643196
0.931698
1.15056
1.32195
1.48205
1.62077
1.70993
1.74332
1.72308
1.65861
1.55993
1.43399
1.28503
1.11703
0.934919
0.744646
0.552605
0.364902
0.186666
0.0214421
-0.128827
-0.263482
-0.382662
-0.486863
-0.576805
-0.653449
-0.718064
-0.772297
-0.818216
-0.858326
-0.895555
-0.933091
-0.973651
-1.01796
-1.06349
-1.10588
-1.14317
-1.17109
-1.188
-1.19405
-1.19055
-1.17985
-1.16568
-1.15249
-1.14431
-1.14387
-1.152
-1.16739
-1.18674
-1.20505
-1.21526
-1.20677
-1.16209
-1.0515
-0.827865
-0.429102
-1.72133
-1.40444
-1.11749
-0.842261
-0.542122
-0.188431
0.216664
0.635743
1.00156
1.27797
1.47493
1.63476
1.76678
1.83746
1.85047
1.80723
1.71809
1.59456
1.44643
1.28003
1.10009
0.911427
0.719218
0.528719
0.34479
0.17147
0.0115895
-0.133459
-0.263465
-0.378994
-0.480948
-0.570227
-0.647708
-0.714378
-0.771477
-0.820628
-0.863924
-0.903967
-0.943824
-0.986637
-1.03435
-1.08565
-1.13519
-1.17737
-1.21046
-1.23279
-1.24424
-1.2457
-1.23893
-1.22698
-1.21406
-1.20438
-1.20109
-1.20567
-1.21762
-1.23457
-1.25266
-1.26685
-1.27054
-1.25389
-1.20048
-1.08163
-0.850874
-0.44588
-1.68854
-1.34324
-1.03384
-0.719402
-0.35976
0.0651142
0.542085
0.998319
1.36196
1.61389
1.79511
1.93606
1.99212
1.98412
1.91887
1.80686
1.65991
1.48987
1.30504
1.11071
0.911471
0.712125
0.51738
0.331529
0.158046
-0.000644055
-0.143388
-0.270296
-0.382347
-0.480953
-0.56758
-0.643474
-0.709725
-0.76744
-0.817954
-0.862992
-0.904792
-0.946165
-0.990355
-1.04023
-1.09621
-1.15386
-1.20499
-1.24429
-1.27084
-1.28706
-1.29301
-1.2901
-1.28099
-1.26939
-1.25948
-1.25468
-1.25691
-1.26627
-1.28104
-1.29805
-1.31319
-1.32165
-1.31741
-1.29152
-1.2287
-1.10157
-0.864745
-0.45648
-1.63022
-1.26662
-0.927087
-0.564057
-0.140169
0.362834
0.896531
1.36851
1.71032
1.93922
2.10107
2.16658
2.14405
2.05827
1.92391
1.75313
1.56007
1.35556
1.14573
0.934478
0.72563
0.523305
0.331419
0.153313
-0.0086358
-0.153162
-0.280261
-0.391038
-0.487259
-0.570928
-0.643937
-0.707865
-0.764061
-0.813857
-0.858798
-0.900833
-0.942476
-0.98685
-1.03731
-1.09588
-1.16023
-1.22191
-1.27095
-1.30465
-1.3237
-1.33317
-1.33329
-1.32675
-1.3169
-1.30757
-1.30226
-1.30319
-1.31089
-1.32416
-1.34033
-1.35575
-1.36635
-1.3677
-1.35448
-1.31868
-1.2462
-1.11108
-0.86943
-0.460908
-1.54876
-1.16666
-0.790888
-0.37454
0.123559
0.69776
1.27197
1.73197
2.0397
2.23371
2.3438
2.3289
2.23052
2.07506
1.87942
1.66
1.43147
1.20259
0.977209
0.757604
0.546372
0.346567
0.161156
-0.00737166
-0.157452
-0.288593
-0.401526
-0.497972
-0.58021
-0.650655
-0.711547
-0.764795
-0.81207
-0.855018
-0.89551
-0.93585
-0.97896
-1.02832
-1.08707
-1.15527
-1.2263
-1.28774
-1.33074
-1.35599
-1.3675
-1.36954
-1.3644
-1.35589
-1.34737
-1.34215
-1.34251
-1.34927
-1.36168
-1.37748
-1.39339
-1.40557
-1.41022
-1.40341
-1.38056
-1.33461
-1.25259
-1.11008
-0.865043
-0.459316
-1.44315
-1.03908
-0.622531
-0.143045
0.430039
1.06585
1.64621
2.06278
2.30567
2.43656
2.47878
2.41569
2.26193
2.04876
1.80215
1.5436
1.28792
1.0419
0.807415
0.585099
0.376092
0.182185
0.00534181
-0.152717
-0.291044
-0.409663
-0.509753
-0.593396
-0.663197
-0.721872
-0.771968
-0.815738
-0.855234
-0.892518
-0.929901
-0.970177
-1.01677
-1.07338
-1.14206
-1.21913
-1.29261
-1.34844
-1.38251
-1.39707
-1.39998
-1.39485
-1.38656
-1.3785
-1.37344
-1.37361
-1.37991
-1.39183
-1.40758
-1.42423
-1.43819
-1.44567
-1.44322
-1.42754
-1.39478
-1.3388
-1.24769
-1.09864
-0.851803
-0.451948
-1.31131
-0.881222
-0.415496
0.132005
0.776284
1.43953
1.97367
2.29305
2.44387
2.52684
2.53693
2.44348
2.25065
1.99403
1.70803
1.41907
1.14252
0.884026
0.644076
0.4219
0.217244
0.0306416
-0.136932
-0.284476
-0.411559
-0.518591
-0.60703
-0.679184
-0.73788
-0.78608
-0.826623
-0.862139
-0.895131
-0.928165
-0.964107
-1.00635
-1.0588
-1.1248
-1.20367
-1.28613
-1.35569
-1.40106
-1.4235
-1.42615
-1.41964
-1.40975
-1.40131
-1.39616
-1.39608
-1.40207
-1.41377
-1.42956
-1.44697
-1.46271
-1.47315
-1.47471
-1.46427
-1.43928
-1.39663
-1.33096
-1.23146
-1.07691
-0.829989
-0.439101
-1.15123
-0.688301
-0.168406
0.445169
1.12907
1.75453
2.17667
2.39375
2.49489
2.53761
2.52341
2.41042
2.19713
1.91606
1.60563
1.29627
1.00497
0.737606
0.494209
0.273143
0.0731105
-0.106379
-0.265199
-0.403001
-0.519826
-0.61641
-0.694434
-0.756387
-0.805277
-0.844294
-0.876596
-0.905242
-0.933257
-0.963804
-1.00041
-1.04709
-1.1079
-1.18451
-1.27129
-1.35258
-1.41125
-1.44235
-1.44879
-1.44019
-1.42714
-1.41675
-1.41102
-1.41057
-1.41608
-1.42744
-1.44333
-1.46142
-1.4787
-1.49187
-1.49737
-1.49201
-1.4729
-1.43837
-1.38595
-1.31108
-1.2038
-1.0446
-0.799436
-0.420916
-0.959879
-0.460006
0.11139
0.764522
1.42663
1.95034
2.27463
2.4375
2.4937
2.49714
2.44808
2.31458
2.09263
1.80612
1.48969
1.1738
0.87684
0.605969
0.361854
0.142835
-0.0528016
-0.226092
-0.377433
-0.506942
-0.615017
-0.702673
-0.77179
-0.825018
-0.86556
-0.896873
-0.922493
-0.945975
-0.97095
-1.00127
-1.04118
-1.09511
-1.16628
-1.25255
-1.34139
-1.41295
-1.45471
-1.46771
-1.45741
-1.44036
-1.42655
-1.41929
-1.41818
-1.42323
-1.434
-1.44962
-1.46817
-1.48692
-1.50224
-1.51114
-1.51033
-1.49684
-1.46788
-1.42271
-1.36002
-1.2761
-1.16228
-1.0007
-0.760045
-0.397568
-0.738806
-0.205675
0.394781
1.03553
1.61677
2.05288
2.32462
2.4375
2.44314
2.40463
2.31543
2.15746
1.92937
1.64895
1.34324
1.03751
0.748414
0.483576
0.244663
0.0307756
-0.159406
-0.326766
-0.471702
-0.594427
-0.695459
-0.775956
-0.837934
-0.884206
-0.918187
-0.943651
-0.964573
-0.985088
-1.00953
-1.04251
-1.08882
-1.15264
-1.23453
-1.32593
-1.4076
-1.46074
-1.48043
-1.47188
-1.45101
-1.43263
-1.42299
-1.42071
-1.42496
-1.43525
-1.45025
-1.46845
-1.48774
-1.50487
-1.51551
-1.51695
-1.50699
-1.48346
-1.44489
-1.39053
-1.31926
-1.22802
-1.10918
-0.946744
-0.712674
-0.36945
-0.495097
0.0549139
0.644541
1.22063
1.72569
2.10623
2.32449
2.38086
2.34144
2.2578
2.12807
1.9456
1.7129
1.44404
1.1589
0.875957
0.607643
0.359975
0.134627
-0.0685936
-0.250168
-0.410247
-0.548688
-0.665364
-0.760612
-0.835519
-0.892119
-0.933326
-0.962767
-0.98457
-1.00323
-1.02354
-1.05061
-1.08968
-1.14559
-1.22074
-1.31031
-1.39792
-1.46138
-1.48871
-1.48418
-1.45993
-1.43719
-1.42398
-1.42029
-1.42338
-1.4324
-1.44646
-1.46338
-1.48027
-1.49597
-1.50742
-1.5115
-1.50543
-1.48698
-1.45445
-1.40686
-1.34386
-1.26479
-1.16721
-1.04456
-0.882812
-0.657498
-0.336777
-0.23408
0.308028
0.847014
1.35632
1.79445
2.11149
2.26626
2.26723
2.18885
2.0652
1.90232
1.7022
1.4702
1.21715
0.956531
0.700688
0.458123
0.232978
0.0263537
-0.161781
-0.331378
-0.481919
-0.612627
-0.722879
-0.812655
-0.882831
-0.935346
-0.973152
-1.00006
-1.02058
-1.03977
-1.06316
-1.09653
-1.1453
-1.21309
-1.29798
-1.38728
-1.45847
-1.49349
-1.49212
-1.46786
-1.44138
-1.42464
-1.41832
-1.41993
-1.42658
-1.43624
-1.44908
-1.46364
-1.47779
-1.48926
-1.49505
-1.4922
-1.47816
-1.45103
-1.40957
-1.3533
-1.28228
-1.19629
-1.09346
-0.968335
-0.808937
-0.594696
-0.299823
0.0428522
0.551073
1.03165
1.46755
1.82749
2.06716
2.14854
2.10498
1.99535
1.84328
1.66015
1.45299
1.22829
0.993869
0.758151
0.528789
0.311256
0.108323
-0.0792419
-0.251333
-0.407608
-0.547195
-0.668959
-0.771958
-0.85592
-0.921549
-0.970694
-1.00634
-1.0325
-1.05411
-1.07687
-1.10699
-1.15046
-1.21174
-1.2909
-1.37865
-1.45426
-1.49604
-1.49845
-1.47525
-1.44629
-1.42593
-1.41662
-1.41259
-1.41341
-1.41863
-1.42744
-1.43876
-1.45081
-1.46129
-1.4677
-1.46711
-1.45674
-1.43434
-1.3984
-1.34819
-1.28375
-1.20551
-1.11357
-1.00667
-0.880448
-0.7252
-0.524536
-0.258984
0.331655
0.791767
1.20056
1.55103
1.81937
1.96551
1.97578
1.89888
1.76781
1.60128
1.41208
1.20869
0.997243
0.783166
0.571541
0.366881
0.172515
-0.00981194
-0.179527
-0.336338
-0.47962
-0.60824
-0.72085
-0.816355
-0.894394
-0.955643
-1.00199
-1.03658
-1.06375
-1.08898
-1.11863
-1.15918
-1.21575
-1.28964
-1.37415
-1.45118
-1.49772
-1.50402
-1.48245
-1.45193
-1.42858
-1.40996
-1.39899
-1.39449
-1.39499
-1.39963
-1.4073
-1.41656
-1.42537
-1.43125
-1.43158
-1.42362
-1.4049
-1.37361
-1.32876
-1.27014
-1.19818
-1.11355
-1.01665
-0.906805
-0.780894
-0.631747
-0.447424
-0.214832
0.623594
1.01779
1.34096
1.5941
1.75638
1.80284
1.75896
1.65563
1.51205
1.343
1.15959
0.969175
0.776455
0.584887
0.397309
0.216183
0.0434247
-0.119866
-0.273136
-0.41582
-0.546998
-0.665326
-0.769333
-0.857867
-0.93057
-0.988195
-1.0328
-1.06783
-1.09817
-1.12999
-1.17004
-1.224
-1.29395
-1.37489
-1.4512
-1.50034
-1.50952
-1.48863
-1.45897
-1.42543
-1.39921
-1.38233
-1.37251
-1.36835
-1.36867
-1.37242
-1.37819
-1.38425
-1.38836
-1.38804
-1.38079
-1.3642
-1.33629
-1.29577
-1.24215
-1.17562
-1.0968
-1.00653
-0.905532
-0.793782
-0.669663
-0.528833
-0.363979
-0.168203
0.902082
1.21086
1.43553
1.57975
1.62827
1.59679
1.51126
1.38721
1.23785
1.07406
0.903893
0.732405
0.562341
0.3953
0.232364
0.0745027
-0.0773604
-0.222528
-0.36033
-0.489853
-0.609845
-0.718764
-0.815063
-0.8976
-0.96609
-1.02144
-1.06601
-1.10373
-1.14019
-1.18208
-1.23554
-1.30327
-1.38119
-1.4556
-1.50523
-1.516
-1.49526
-1.46133
-1.42087
-1.38957
-1.36622
-1.35093
-1.34171
-1.33726
-1.33644
-1.33796
-1.3402
-1.34122
-1.33878
-1.33057
-1.31438
-1.28823
-1.25067
-1.20095
-1.13895
-1.06502
-0.979883
-0.884543
-0.780083
-0.667423
-0.546783
-0.416929
-0.275185
-0.120342
1.14561
1.35117
1.46551
1.49393
1.45358
1.36771
1.24955
1.11022
0.959356
0.804375
0.650254
0.499614
0.35326
0.211121
0.0727972
-0.0619648
-0.193105
-0.320305
-0.442839
-0.559519
-0.668816
-0.769024
-0.858556
-0.936311
-1.00212
-1.05712
-1.10407
-1.14758
-1.19383
-1.24908
-1.31652
-1.39266
-1.46504
-1.51386
-1.52455
-1.50355
-1.46397
-1.41964
-1.38223
-1.35316
-1.33146
-1.31657
-1.30676
-1.30074
-1.29722
-1.29476
-1.29156
-1.28568
-1.27505
-1.25765
-1.23162
-1.19549
-1.14832
-1.08974
-1.01973
-0.938726
-0.847535
-0.747361
-0.639929
-0.527492
-0.412484
-0.29696
-0.182633
-0.0731143
1.33094
1.41995
1.42059
1.35944
1.25899
1.13208
0.989392
0.839772
0.689987
0.544593
0.406032
0.274919
0.15053
0.0314926
-0.0837344
-0.1964
-0.307235
-0.416395
-0.523321
-0.62682
-0.725303
-0.817054
-0.900534
-0.974747
-1.03969
-1.09681
-1.14939
-1.2026
-1.26228
-1.3318
-1.40804
-1.47917
-1.52665
-1.53648
-1.5127
-1.47058
-1.42141
-1.37837
-1.34274
-1.31483
-1.2935
-1.27776
-1.26599
-1.25684
-1.24892
-1.24067
-1.23032
-1.21607
-1.19611
-1.16874
-1.13254
-1.08649
-1.03002
-0.962816
-0.884934
-0.796828
-0.699413
-0.594377
-0.484541
-0.373942
-0.267562
-0.170723
-0.0889048
-0.0293208
1.43807
1.40995
1.32509
1.20325
1.05784
0.900538
0.740766
0.585251
0.438283
0.302075
0.177139
0.0626602
-0.0431095
-0.14236
-0.237351
-0.330022
-0.421746
-0.513205
-0.604255
-0.694033
-0.781238
-0.86442
-0.942297
-1.01414
-1.08024
-1.14249
-1.20461
-1.2714
-1.34581
-1.42471
-1.49647
-1.5432
-1.5516
-1.52574
-1.48037
-1.42724
-1.37786
-1.33579
-1.30098
-1.27307
-1.25074
-1.23271
-1.21743
-1.20354
-1.1896
-1.17407
-1.15533
-1.13179
-1.10191
-1.06435
-1.01807
-0.962384
-0.896714
-0.820784
-0.734662
-0.638843
-0.534639
-0.424735
-0.313562
-0.207426
-0.11401
-0.0414769
0.00194296
0.00696885
1.46127
1.35206
1.20553
1.03622
0.856851
0.678181
0.507792
0.350175
0.207399
0.0797806
-0.0335911
-0.134491
-0.225255
-0.308461
-0.386684
-0.46221
-0.536836
-0.61172
-0.687259
-0.763194
-0.838842
-0.913359
-0.986038
-1.0567
-1.12623
-1.19698
-1.27228
-1.35398
-1.43841
-1.51363
-1.56157
-1.56916
-1.54211
-1.49451
-1.43708
-1.38105
-1.33197
-1.29025
-1.25521
-1.22605
-1.20128
-1.17952
-1.15935
-1.1394
-1.11827
-1.09454
-1.06678
-1.03358
-0.993679
-0.946042
-0.889898
-0.824466
-0.74918
-0.663765
-0.56829
-0.463609
-0.352012
-0.237754
-0.127524
-0.0302112
0.0441088
0.0853122
0.0838715
0.0301495
1.44059
1.26661
1.06958
0.862941
0.658883
0.466351
0.290661
0.134059
-0.00334576
-0.12276
-0.226154
-0.315931
-0.394714
-0.465178
-0.529919
-0.591305
-0.651333
-0.711517
-0.772795
-0.835625
-0.900158
-0.966453
-1.03474
-1.10579
-1.18126
-1.26334
-1.35258
-1.44431
-1.52598
-1.57848
-1.58691
-1.56033
-1.51161
-1.45057
-1.38773
-1.33114
-1.28205
-1.23986
-1.20353
-1.17192
-1.14353
-1.11705
-1.09108
-1.06432
-1.03549
-1.00327
-0.966324
-0.923461
-0.873636
-0.815996
-0.749599
-0.673622
-0.587495
-0.490911
-0.384302
-0.269531
-0.150496
-0.033867
0.0709119
0.152609
0.199591
0.201278
0.148577
0.0331585
1.39129
1.1605
0.92139
0.686119
0.465025
0.26464
0.0878247
-0.0653073
-0.196335
-0.307693
-0.402137
-0.482479
-0.551453
-0.611674
-0.665616
-0.715573
-0.763596
-0.81143
-0.860477
-0.911898
-0.966758
-1.02622
-1.09174
-1.16526
-1.24868
-1.3419
-1.43965
-1.52898
-1.5891
-1.60201
-1.57785
-1.52965
-1.46609
-1.39736
-1.33311
-1.27622
-1.22662
-1.18322
-1.14473
-1.1099
-1.07731
-1.04564
-1.01359
-0.979905
-0.943343
-0.902619
-0.856534
-0.804021
-0.744131
-0.67577
-0.597881
-0.509626
-0.410366
-0.300184
-0.180587
-0.0551513
0.0695418
0.183724
0.275363
0.331703
0.341346
0.295086
0.18601
0.0083803
1.31639
1.03721
0.764235
0.507793
0.275835
0.072231
-0.102567
-0.250383
-0.374235
-0.477536
-0.563625
-0.635574
-0.696146
-0.747847
-0.792996
-0.833771
-0.872212
-0.910218
-0.949568
-0.992058
-1.03966
-1.09469
-1.15984
-1.23752
-1.328
-1.42651
-1.52084
-1.58942
-1.61026
-1.59206
-1.54624
-1.48172
-1.40851
-1.33739
-1.27265
-1.21542
-1.16496
-1.11992
-1.07895
-1.04076
-1.00395
-0.9672
-0.929227
-0.888771
-0.844539
-0.795288
-0.739907
-0.67732
-0.606284
-0.525499
-0.433866
-0.330428
-0.214976
-0.0887481
0.0448569
0.179226
0.304235
0.4071
0.473967
0.492886
0.454801
0.353703
0.18619
-0.050419
1.22276
0.901669
0.601574
0.330055
0.0920814
-0.111237
-0.281726
-0.422926
-0.539053
-0.634281
-0.712371
-0.776566
-0.829631
-0.87398
-0.911814
-0.945223
-0.97624
-1.00689
-1.03929
-1.07579
-1.11916
-1.17261
-1.23916
-1.31993
-1.41191
-1.50517
-1.57793
-1.60851
-1.59976
-1.55892
-1.49539
-1.41938
-1.34275
-1.27091
-1.20621
-1.14878
-1.09751
-1.05099
-1.00782
-0.966621
-0.925955
-0.884443
-0.840746
-0.793507
-0.741398
-0.683236
-0.617799
-0.543677
-0.45933
-0.363366
-0.254487
-0.132209
0.00243549
0.146056
0.291779
0.428932
0.543866
0.621499
0.649092
0.618182
0.5241
0.365286
0.14201
-0.145767
1.11514
0.758271
0.436881
0.155193
-0.0850724
-0.285541
-0.450135
-0.583883
-0.691972
-0.779155
-0.849501
-0.90637
-0.952539
-0.990378
-1.02204
-1.04957
-1.07505
-1.10065
-1.12876
-1.16216
-1.20404
-1.2575
-1.32441
-1.40376
-1.48873
-1.55851
-1.5961
-1.59828
-1.56571
-1.50539
-1.42838
-1.34787
-1.27016
-1.19876
-1.13476
-1.07765
-1.02613
-0.978751
-0.933959
-0.890228
-0.846013
-0.799833
-0.750224
-0.695731
-0.635079
-0.566878
-0.489548
-0.401301
-0.300411
-0.185189
-0.0548446
0.0897916
0.245186
0.403935
0.554527
0.682196
0.770512
0.805749
0.779424
0.689374
0.536435
0.322929
0.0521402
-0.274686
0.998353
0.611476
0.273713
-0.0142414
-0.253992
-0.449796
-0.607473
-0.733306
-0.833253
-0.912503
-0.975346
-1.02524
-1.06501
-1.09702
-1.12344
-1.14635
-1.16791
-1.1904
-1.21636
-1.2486
-1.28989
-1.34235
-1.40657
-1.478
-1.53752
-1.57643
-1.58699
-1.56473
-1.5108
-1.43495
-1.35197
-1.26972
-1.19265
-1.1228
-1.06038
-1.00445
-0.953533
-0.905954
-0.859984
-0.813899
-0.76602
-0.714735
-0.65843
-0.595714
-0.525022
-0.444598
-0.352417
-0.246371
-0.124315
0.0149127
0.170734
0.339385
0.512705
0.677976
0.818992
0.91779
0.959646
0.935785
0.84529
0.694129
0.486769
0.228139
-0.0771998
-0.428324
0.877216
0.465456
0.115463
-0.175655
-0.412812
-0.602728
-0.752888
-0.870611
-0.962457
-1.03394
-1.08952
-1.13276
-1.16655
-1.19331
-1.21526
-1.23455
-1.25333
-1.2739
-1.2986
-1.3298
-1.36972
-1.41964
-1.4738
-1.5203
-1.55438
-1.56818
-1.5551
-1.51049
-1.43867
-1.35461
-1.26899
-1.18733
-1.11255
-1.04554
-0.985782
-0.931955
-0.882284
-0.834838
-0.787654
-0.738835
-0.686572
-0.629077
-0.564813
-0.492038
-0.408821
-0.312925
-0.201812
-0.0728467
0.0756008
0.243294
0.426241
0.615373
0.796457
0.951403
1.06054
1.10809
1.08509
0.991511
0.835913
0.630551
0.38048
0.091045
-0.233618
-0.594207
0.755501
0.323687
-0.0348522
-0.326631
-0.559659
-0.742873
-0.88518
-0.994743
-1.07858
-1.14246
-1.191
-1.22787
-1.25602
-1.27795
-1.29593
-1.31205
-1.32841
-1.3471
-1.37035
-1.40051
-1.43845
-1.47512
-1.50837
-1.53377
-1.54569
-1.53823
-1.50336
-1.43818
-1.35516
-1.26733
-1.18213
-1.10337
-1.03259
-0.969696
-0.91355
-0.862389
-0.814113
-0.766524
-0.717466
-0.664913
-0.606871
-0.541636
-0.467282
-0.381717
-0.282515
-0.166686
-0.0311003
0.126417
0.306079
0.50377
0.709481
0.90722
1.07666
1.19614
1.2488
1.22559
1.12751
0.965047
0.753574
0.50881
0.232025
-0.0724642
-0.401979
-0.759444
0.63674
0.189258
-0.174681
-0.465104
-0.692851
-0.868801
-1.00305
-1.10444
-1.18034
-1.23673
-1.27836
-1.30899
-1.33163
-1.3488
-1.36272
-1.37546
-1.38915
-1.40628
-1.42928
-1.45424
-1.47838
-1.49987
-1.5156
-1.52272
-1.51731
-1.49008
-1.43239
-1.35247
-1.26404
-1.17631
-1.0945
-1.02077
-0.95545
-0.897593
-0.845479
-0.796925
-0.749525
-0.700875
-0.648692
-0.590764
-0.525183
-0.449835
-0.362471
-0.260505
-0.1405
0.00112826
0.167131
0.358257
0.570459
0.792887
1.00767
1.19197
1.32199
1.37961
1.35573
1.25269
1.08296
0.863776
0.613476
0.347715
0.0603115
-0.245297
-0.568153
-0.913363
0.523867
0.0646641
-0.302007
-0.589455
-0.811044
-0.979313
-1.10533
-1.19847
-1.2664
-1.31526
-1.34988
-1.37407
-1.39087
-1.40281
-1.41227
-1.42177
-1.43422
-1.44814
-1.46351
-1.47886
-1.49104
-1.49845
-1.50066
-1.49515
-1.47277
-1.4212
-1.34519
-1.25782
-1.16891
-1.08498
-1.00913
-0.942082
-0.883108
-0.83056
-0.782211
-0.73552
-0.687859
-0.636688
-0.579548
-0.514294
-0.438611
-0.35008
-0.245976
-0.12246
0.0244404
0.198014
0.399584
0.625372
0.863922
1.09556
1.29474
1.43541
1.4981
1.47374
1.36604
1.18968
0.963929
0.70755
0.437811
0.168349
-0.11657
-0.412967
-0.72134
-1.04874
0.419042
-0.0482767
-0.415391
-0.698555
-0.913296
-1.07352
-1.19107
-1.27574
-1.3354
-1.37631
-1.40337
-1.42046
-1.43079
-1.4374
-1.44249
-1.44752
-1.45472
-1.46402
-1.47278
-1.47828
-1.48017
-1.47935
-1.47334
-1.45305
-1.4056
-1.33269
-1.24727
-1.15862
-1.07373
-0.996589
-0.928494
-0.86897
-0.816471
-0.768774
-0.723252
-0.677108
-0.627563
-0.571901
-0.507699
-0.432414
-0.343423
-0.237866
-0.111577
0.0397221
0.219767
0.430411
0.6683
0.921642
1.16926
1.38295
1.53414
1.60186
1.57733
1.46574
1.28403
1.05346
0.794045
0.521178
0.249115
-0.0105283
-0.284213
-0.565107
-0.854809
-1.16195
0.323777
-0.148326
-0.513902
-0.791699
-0.998987
-1.15073
-1.25938
-1.33501
-1.38567
-1.41774
-1.43636
-1.44547
-1.44784
-1.44734
-1.44736
-1.44975
-1.45403
-1.45786
-1.45933
-1.45899
-1.45751
-1.45139
-1.43143
-1.38631
-1.31539
-1.23169
-1.14416
-1.05949
-0.981995
-0.913538
-0.854
-0.801987
-0.755334
-0.711385
-0.66723
-0.619888
-0.566397
-0.50402
-0.42995
-0.341292
-0.235028
-0.106742
0.0480594
0.233426
0.451661
0.69983
0.966076
1.22813
1.45547
1.6168
1.68933
1.66444
1.54951
1.36357
1.13044
0.870567
0.60033
0.328887
0.0671871
-0.174461
-0.43283
-0.695903
-0.965764
-1.25239
0.239042
-0.234738
-0.597004
-0.86844
-1.06759
-1.21017
-1.30902
-1.37451
-1.41447
-1.43521
-1.44281
-1.44255
-1.43891
-1.43535
-1.43366
-1.43358
-1.43371
-1.4335
-1.43353
-1.43311
-1.42744
-1.40747
-1.36334
-1.29403
-1.21132
-1.12498
-1.04126
-0.964284
-0.896145
-0.837074
-0.785916
-0.740619
-0.698564
-0.656789
-0.612167
-0.561516
-0.50177
-0.429811
-0.342392
-0.236252
-0.106793
0.0506429
0.240254
0.464661
0.721269
0.998258
1.27274
1.5123
1.68291
1.75965
1.73383
1.61468
1.4246
1.18906
0.93191
0.667629
0.408292
0.15283
-0.0926206
-0.314572
-0.557998
-0.803713
-1.05485
-1.32133
0.165311
-0.307175
-0.664393
-0.928283
-1.11819
-1.24952
-1.33553
-1.38738
-1.41445
-1.42461
-1.42445
-1.41929
-1.41295
-1.40751
-1.40354
-1.40116
-1.40082
-1.40246
-1.40373
-1.39901
-1.37952
-1.33664
-1.26835
-1.18619
-1.10088
-1.01841
-0.942582
-0.875374
-0.817206
-0.767184
-0.723449
-0.683488
-0.644365
-0.602874
-0.555655
-0.499335
-0.430444
-0.3453
-0.240267
-0.110558
0.0486571
0.241576
0.47095
0.734316
1.01996
1.30453
1.55431
1.7328
1.81272
1.78489
1.6601
1.46297
1.223
0.964926
0.711577
0.470209
0.2391
0.0127849
-0.215324
-0.424078
-0.6567
-0.88859
-1.12305
-1.37019
0.102646
-0.365422
-0.714895
-0.967999
-1.1447
-1.26211
-1.33468
-1.37452
-1.39175
-1.39462
-1.38959
-1.38128
-1.37264
-1.36556
-1.36151
-1.36144
-1.36457
-1.36742
-1.36371
-1.34551
-1.30508
-1.23852
-1.15654
-1.07211
-0.990945
-0.91652
-0.850618
-0.793659
-0.744938
-0.702828
-0.665002
-0.628628
-0.590506
-0.547171
-0.494989
-0.43013
-0.348425
-0.245692
-0.116847
0.0432067
0.238606
0.471973
0.740784
1.03335
1.32623
1.58463
1.76977
1.85234
1.82248
1.69219
1.48806
1.24157
0.984758
0.739123
0.510264
0.296336
0.0922617
-0.109993
-0.318506
-0.510719
-0.736031
-0.956008
-1.17441
-1.40213
0.0512209
-0.40767
-0.745362
-0.985178
-1.14808
-1.2522
-1.3129
-1.34292
-1.35261
-1.35003
-1.3412
-1.33053
-1.32129
-1.31594
-1.31561
-1.31923
-1.32295
-1.32031
-1.30366
-1.26617
-1.20393
-1.12332
-1.0394
-0.959352
-0.886291
-0.821745
-0.766062
-0.718629
-0.678033
-0.642183
-0.608433
-0.573683
-0.534455
-0.486943
-0.426996
-0.349956
-0.25095
-0.124416
0.0352749
0.23232
0.469133
0.742639
1.04108
1.34095
1.60688
1.79804
1.8829
1.85106
1.71555
1.50506
1.25355
0.996396
0.755448
0.534391
0.332673
0.1456
-0.0342705
-0.215859
-0.408289
-0.585017
-0.803101
-1.01075
-1.21238
-1.41989
0.0110668
-0.434622
-0.758087
-0.983524
-1.13274
-1.2246
-1.27496
-1.29673
-1.30021
-1.29341
-1.28247
-1.27207
-1.2654
-1.26387
-1.26661
-1.2701
-1.26825
-1.25368
-1.21994
-1.16338
-1.08653
-1.00328
-0.924201
-0.852331
-0.788985
-0.734407
-0.688045
-0.64866
-0.614418
-0.582916
-0.551251
-0.516045
-0.473445
-0.419078
-0.347861
-0.254195
-0.131811
0.0257586
0.223266
0.463025
0.741377
1.04567
1.35205
1.62479
1.82216
1.91002
1.87672
1.73619
1.51915
1.26309
1.00518
0.765734
0.549088
0.354481
0.17856
0.0148765
-0.144597
-0.310703
-0.490643
-0.653088
-0.861982
-1.05581
-1.23938
-1.42559
-0.0187823
-0.448081
-0.755687
-0.966351
-1.10235
-1.18292
-1.22411
-1.23897
-1.23794
-1.22917
-1.21873
-1.21075
-1.20722
-1.20786
-1.20984
-1.20792
-1.19539
-1.1661
-1.11634
-1.04581
-0.964593
-0.886334
-0.815395
-0.752911
-0.699065
-0.653344
-0.614671
-0.581453
-0.551573
-0.522399
-0.490768
-0.452931
-0.404444
-0.339955
-0.25324
-0.137215
0.0157531
0.211608
0.453281
0.736814
1.0486
1.36313
1.64381
1.84799
1.94011
1.90644
1.76094
1.53665
1.2746
1.0144
0.774584
0.559503
0.368497
0.198431
0.0443984
-0.100027
-0.245199
-0.399502
-0.568495
-0.717538
-0.914808
-1.09306
-1.25725
-1.42109
-0.0398166
-0.450198
-0.740859
-0.936672
-1.06006
-1.13042
-1.16396
-1.17386
-1.17055
-1.16181
-1.15301
-1.14713
-1.14479
-1.1442
-1.1412
-1.1301
-1.10517
-1.06248
-1.00076
-0.924465
-0.847016
-0.776547
-0.714425
-0.660745
-0.615051
-0.576402
-0.543437
-0.514323
-0.486753
-0.457875
-0.424194
-0.381389
-0.324064
-0.245619
-0.138248
0.00695364
0.197799
0.438893
0.727253
1.04865
1.37556
1.66868
1.88305
1.98131
1.94862
1.79829
1.56518
1.29434
1.02888
0.786249
0.570403
0.380216
0.212368
0.06251
-0.0739832
-0.205741
-0.34018
-0.484227
-0.642737
-0.779377
-0.9627
-1.1238
-1.26752
-1.40811
-0.0539141
-0.443312
-0.71634
-0.897597
-1.0094
-1.0711
-1.09888
-1.10569
-1.10147
-1.09325
-1.08541
-1.07979
-1.07581
-1.07069
-1.06001
-1.03879
-1.00307
-0.950845
-0.882354
-0.806937
-0.736678
-0.674396
-0.620285
-0.57392
-0.534504
-0.500889
-0.47152
-0.444432
-0.417149
-0.386559
-0.348658
-0.298272
-0.228788
-0.131984
0.00209411
0.183412
0.419391
0.709908
1.0421
1.38674
1.70073
1.934
2.04447
2.01531
1.86053
1.61701
1.33349
1.05774
0.80796
0.587679
0.39529
0.226683
0.0771201
-0.0573181
-0.182863
-0.305473
-0.430739
-0.565193
-0.713238
-0.838661
-1.0062
-1.14905
-1.27166
-1.38839
-0.0633439
-0.430136
-0.685288
-0.852734
-0.954313
-1.009
-1.0325
-1.03721
-1.03229
-1.0239
-1.01543
-1.00778
-0.999698
-0.988181
-0.969319
-0.93937
-0.895756
-0.837426
-0.767346
-0.697008
-0.633988
-0.578755
-0.530968
-0.489935
-0.454697
-0.423956
-0.396076
-0.368983
-0.340022
-0.305672
-0.261242
-0.200485
-0.11523
0.00499334
0.171995
0.396563
0.683329
1.024
1.3905
1.73585
2.00243
2.13888
2.12223
1.96592
1.71102
1.4104
1.11727
0.853131
0.622294
0.42243
0.249031
0.0962648
-0.0406739
-0.166
-0.284485
-0.399648
-0.516569
-0.641885
-0.779414
-0.894955
-1.04564
-1.16976
-1.27116
-1.36373
-0.0707679
-0.413795
-0.651188
-0.805753
-0.898398
-0.947282
-0.967333
-0.970109
-0.963906
-0.954024
-0.943123
-0.931613
-0.918096
-0.899939
-0.87403
-0.837604
-0.788797
-0.726844
-0.658331
-0.594097
-0.537157
-0.487262
-0.443822
-0.406027
-0.372806
-0.342824
-0.314393
-0.285342
-0.25273
-0.212542
-0.159223
-0.085144
0.0200066
0.169019
0.375636
0.650162
0.992038
1.37931
1.76463
2.08204
2.26603
2.28132
2.13617
1.87408
1.55322
1.23403
0.945414
0.693796
0.477812
0.292165
0.130668
-0.0131713
-0.143617
-0.264806
-0.378401
-0.487153
-0.596509
-0.713275
-0.840485
-0.947633
-1.08134
-1.1869
-1.26726
-1.33557
-0.0791258
-0.397557
-0.617425
-0.759936
-0.844617
-0.888427
-0.905231
-0.90563
-0.897107
-0.884341
-0.869615
-0.853259
-0.834095
-0.809975
-0.778399
-0.73711
-0.684416
-0.62086
-0.555517
-0.496434
-0.443907
-0.397418
-0.356274
-0.319591
-0.286291
-0.25503
-0.224097
-0.191152
-0.152943
-0.104818
-0.0400675
0.050814
0.180606
0.364732
0.618358
0.94997
1.34904
1.77484
2.15726
2.41421
2.49014
2.38155
2.13053
1.79632
1.44498
1.12049
0.834765
0.588713
0.378574
0.197935
0.0396585
-0.102254
-0.232613
-0.35257
-0.462696
-0.566462
-0.669744
-0.778775
-0.895073
-0.994365
-1.11072
-1.1983
-1.25896
-1.30402
-0.0913477
-0.384572
-0.587121
-0.718159
-0.795408
-0.834312
-0.847513
-0.844699
-0.832735
-0.81597
-0.796609
-0.775102
-0.750541
-0.721132
-0.684718
-0.639213
-0.58292
-0.519355
-0.457789
-0.402196
-0.352182
-0.307103
-0.266203
-0.228597
-0.193225
-0.158764
-0.123429
-0.0847061
-0.0388969
0.019578
0.0989839
0.211166
0.371864
0.599027
0.908672
1.30324
1.75633
2.20321
2.55166
2.72082
2.68343
2.47466
2.15384
1.77955
1.41549
1.08409
0.793002
0.541701
0.325906
0.139733
-0.0238774
-0.171242
-0.30576
-0.426325
-0.533724
-0.632782
-0.730616
-0.833194
-0.940035
-1.03236
-1.1331
-1.20455
-1.24734
-1.27033
-0.11017
-0.377719
-0.562974
-0.682671
-0.752409
-0.785953
-0.794747
-0.787729
-0.771373
-0.749886
-0.72549
-0.698747
-0.668937
-0.634503
-0.593519
-0.54406
-0.48462
-0.421586
-0.363037
-0.309473
-0.260307
-0.214862
-0.172396
-0.132061
-0.0928398
-0.0533978
-0.0118471
0.0346413
0.0905119
0.162618
0.261301
0.4012
0.600777
0.880075
1.25197
1.7066
2.19573
2.63008
2.91118
2.9805
2.84844
2.57485
2.21335
1.82775
1.45488
1.11241
0.809031
0.544357
0.314786
0.115026
-0.0608895
-0.218617
-0.358783
-0.480567
-0.587779
-0.685847
-0.78122
-0.878946
-0.977662
-1.0622
-1.14857
-1.20568
-1.23261
-1.23514
-0.137869
-0.379205
-0.546724
-0.654479
-0.715845
-0.742962
-0.746243
-0.734048
-0.712565
-0.685873
-0.656148
-0.623989
-0.588801
-0.54923
-0.50354
-0.449939
-0.389189
-0.328064
-0.271195
-0.218184
-0.168362
-0.121052
-0.0755371
-0.0310022
0.0135795
0.0596387
0.109332
0.166107
0.235508
0.326031
0.450342
0.62524
0.870578
1.20398
1.62841
2.11618
2.59883
2.97982
3.17547
3.1595
2.96314
2.64487
2.26327
1.87692
1.50563
1.1611
0.849874
0.573059
0.329125
0.114617
-0.0750623
-0.244565
-0.391772
-0.517797
-0.627795
-0.727045
-0.821349
-0.914915
-1.00592
-1.08166
-1.15502
-1.1998
-1.21342
-1.19793
-0.175693
-0.389798
-0.53825
-0.632434
-0.683686
-0.702776
-0.699278
-0.681046
-0.653931
-0.621768
-0.586603
-0.549043
-0.508656
-0.464353
-0.414679
-0.358128
-0.297488
-0.238538
-0.182792
-0.129631
-0.0783969
-0.028435
0.0209624
0.070654
0.121812
0.176158
0.236402
0.306928
0.394529
0.5091
0.664297
0.876584
1.16207
1.53008
1.96882
2.43443
2.85424
3.13977
3.23371
3.15504
2.93073
2.60143
2.23548
1.87309
1.52471
1.19646
0.892285
0.61398
0.362108
0.135731
-0.0673487
-0.24975
-0.406384
-0.539356
-0.654119
-0.755837
-0.849656
-0.938926
-1.02146
-1.08742
-1.149
-1.18362
-1.18702
-1.15714
-0.222972
-0.407705
-0.534393
-0.612144
-0.65071
-0.659815
-0.648309
-0.623457
-0.590598
-0.553183
-0.513058
-0.470851
-0.426335
-0.37873
-0.326915
-0.270227
-0.211901
-0.155633
-0.101285
-0.0482172
0.00421822
0.0567038
0.110064
0.165384
0.224198
0.28879
0.362606
0.450781
0.56056
0.701291
0.884564
1.12186
1.42131
1.78078
2.17005
2.52585
2.79483
2.9578
2.99048
2.89772
2.69532
2.40813
2.10139
1.79782
1.50088
1.21222
0.933621
0.667423
0.416146
0.181734
-0.0349615
-0.232507
-0.401798
-0.544206
-0.665327
-0.770147
-0.863106
-0.946866
-1.01934
-1.07449
-1.1252
-1.15186
-1.14879
-1.10984
-0.275699
-0.427007
-0.527541
-0.584869
-0.607716
-0.604998
-0.584764
-0.553462
-0.515704
-0.474421
-0.431203
-0.386671
-0.340771
-0.292992
-0.242517
-0.189562
-0.136382
-0.0843254
-0.0329038
0.0185488
0.0707638
0.124623
0.181274
0.242248
0.309639
0.386249
0.475744
0.582843
0.713183
0.872778
1.06805
1.30349
1.57845
1.87059
2.11471
2.31803
2.46195
2.53482
2.52703
2.44358
2.29169
2.08576
1.86801
1.6482
1.42539
1.19798
0.965276
0.728442
0.490094
0.253816
0.0236951
-0.192195
-0.377238
-0.531147
-0.659368
-0.76645
-0.856517
-0.932283
-0.992549
-1.03574
-1.07597
-1.09665
-1.09152
-1.05118
-0.323594
-0.434781
-0.503304
-0.535937
-0.540686
-0.525537
-0.497392
-0.461537
-0.421611
-0.379873
-0.337541
-0.295111
-0.252589
-0.209644
-0.165711
-0.120968
-0.0762201
-0.0314648
0.0139141
0.0607075
0.109909
0.16278
0.220929
0.286404
0.361598
0.449136
0.551752
0.672074
0.8121
0.973159
1.15559
1.35639
1.55685
1.7134
1.83239
1.91685
1.96234
1.96809
1.93314
1.86356
1.76434
1.64505
1.52175
1.39634
1.26462
1.1214
0.961483
0.78091
0.577554
0.352301
0.110757
-0.127623
-0.331903
-0.498411
-0.631825
-0.73737
-0.820182
-0.884114
-0.929669
-0.959738
-0.989435
-1.00569
-1.00323
-0.972307
