0.161252
0.156332
0.148552
0.137362
0.122474
0.103842
0.0816297
0.0561492
0.027793
-0.0030258
-0.0359058
-0.0704659
-0.106346
-0.143207
-0.180736
-0.218659
-0.256743
-0.294818
-0.33286
-0.370822
-0.408375
-0.445218
-0.481097
-0.515592
-0.548093
-0.577851
-0.603942
-0.6251
-0.639268
-0.642581
-0.627738
-0.58278
-0.49433
-0.363639
-0.238514
-0.164248
-0.133665
-0.137211
-0.153798
-0.170209
-0.182593
-0.19126
-0.197567
-0.202503
-0.206479
-0.209373
-0.210991
-0.213606
-0.216616
-0.219971
-0.22379
-0.227806
-0.231923
-0.235791
-0.239328
-0.242279
-0.244655
-0.24642
-0.247836
-0.249265
-0.250241
-0.248094
-0.241549
-0.240286
0.138583
0.133564
0.125732
0.114605
0.0998032
0.0811189
0.0585435
0.0322497
0.00254035
-0.0302071
-0.0655814
-0.103159
-0.142514
-0.183222
-0.224865
-0.267041
-0.309364
-0.351504
-0.393326
-0.434487
-0.474209
-0.511925
-0.547022
-0.578613
-0.605749
-0.627461
-0.642737
-0.650311
-0.647971
-0.631082
-0.590666
-0.514031
-0.39831
-0.281779
-0.186274
-0.136209
-0.125954
-0.139896
-0.160401
-0.177672
-0.19054
-0.199957
-0.207293
-0.213391
-0.218489
-0.222347
-0.225268
-0.228762
-0.232454
-0.237275
-0.242048
-0.24679
-0.251544
-0.2562
-0.260688
-0.26483
-0.268645
-0.272136
-0.275545
-0.278862
-0.280762
-0.278396
-0.270771
-0.268137
0.112678
0.106609
0.0975065
0.0851321
0.069137
0.0492289
0.0252854
-0.00260665
-0.0341771
-0.0690272
-0.106683
-0.146632
-0.188339
-0.23126
-0.274843
-0.318534
-0.361771
-0.404072
-0.445252
-0.484584
-0.521146
-0.554153
-0.582602
-0.605524
-0.622079
-0.63163
-0.633649
-0.627231
-0.609865
-0.575489
-0.515568
-0.427254
-0.317852
-0.216343
-0.144022
-0.112476
-0.115631
-0.136266
-0.15884
-0.176918
-0.190888
-0.201936
-0.21124
-0.219459
-0.226385
-0.231832
-0.23654
-0.24118
-0.245656
-0.250374
-0.255204
-0.260916
-0.266615
-0.272312
-0.277942
-0.283659
-0.289375
-0.295114
-0.300887
-0.306052
-0.308852
-0.305834
-0.296909
-0.292354
0.0852468
0.076995
0.0655151
0.0508611
0.0327705
0.010914
-0.0148937
-0.0445915
-0.0778756
-0.114262
-0.153161
-0.193929
-0.235902
-0.278405
-0.320761
-0.362272
-0.402227
-0.440164
-0.475992
-0.508933
-0.537858
-0.561751
-0.579791
-0.591404
-0.596418
-0.595023
-0.587483
-0.573653
-0.550964
-0.508038
-0.436287
-0.348669
-0.254221
-0.165813
-0.107784
-0.0899195
-0.102827
-0.127923
-0.151768
-0.171032
-0.186755
-0.200063
-0.211944
-0.222583
-0.231296
-0.238382
-0.244593
-0.250211
-0.255311
-0.260189
-0.265043
-0.270292
-0.275984
-0.282491
-0.289641
-0.297255
-0.30518
-0.313497
-0.322014
-0.329222
-0.3327
-0.329032
-0.318793
-0.312224
0.0573477
0.0459594
0.0313134
0.0137942
-0.00675741
-0.0306859
-0.0581999
-0.0892064
-0.123303
-0.159866
-0.198154
-0.237389
-0.276804
-0.315648
-0.353187
-0.38866
-0.421355
-0.45138
-0.479152
-0.503085
-0.522094
-0.535582
-0.543354
-0.545827
-0.544242
-0.540802
-0.532676
-0.514466
-0.479898
-0.434509
-0.372944
-0.290242
-0.199563
-0.119046
-0.0720742
-0.065676
-0.0864367
-0.115002
-0.140293
-0.161416
-0.179563
-0.195809
-0.210755
-0.223718
-0.234067
-0.242684
-0.249994
-0.256229
-0.261583
-0.266417
-0.27109
-0.276084
-0.281711
-0.288409
-0.296336
-0.305671
-0.31622
-0.327397
-0.33883
-0.348132
-0.35216
-0.347855
-0.336234
-0.327873
0.0297746
0.0146542
-0.0034734
-0.0238821
-0.0466451
-0.0721285
-0.100543
-0.131719
-0.16511
-0.199926
-0.235291
-0.270351
-0.304329
-0.336522
-0.366261
-0.392812
-0.416121
-0.438118
-0.457115
-0.471801
-0.481848
-0.487673
-0.490969
-0.491918
-0.48988
-0.481618
-0.467495
-0.451051
-0.424714
-0.381173
-0.318739
-0.235711
-0.145894
-0.0714675
-0.0350733
-0.0395006
-0.067416
-0.0993404
-0.126721
-0.150351
-0.171523
-0.191262
-0.209204
-0.223955
-0.235677
-0.245339
-0.253169
-0.259501
-0.264641
-0.269072
-0.27327
-0.277872
-0.283337
-0.290302
-0.299075
-0.309937
-0.322771
-0.337043
-0.351688
-0.363385
-0.368278
-0.363268
-0.350569
-0.340238
0.00315796
-0.0158809
-0.0373207
-0.0601239
-0.0843339
-0.110373
-0.13845
-0.168299
-0.199216
-0.230269
-0.260518
-0.289156
-0.315535
-0.339135
-0.359415
-0.375954
-0.392372
-0.407079
-0.418584
-0.427104
-0.43375
-0.437857
-0.438112
-0.434908
-0.430639
-0.426737
-0.418609
-0.40357
-0.377534
-0.332931
-0.267048
-0.181064
-0.0911693
-0.0231859
0.00200268
-0.0132662
-0.0480811
-0.0833737
-0.113315
-0.139844
-0.164524
-0.187755
-0.20782
-0.223598
-0.236081
-0.245992
-0.253581
-0.259341
-0.26369
-0.267277
-0.270677
-0.274717
-0.27998
-0.287262
-0.297018
-0.309548
-0.324804
-0.342049
-0.359841
-0.374504
-0.380549
-0.375528
-0.3618
-0.349902
-0.021984
-0.0447819
-0.0690072
-0.0933876
-0.118024
-0.143446
-0.169872
-0.196932
-0.223784
-0.249422
-0.27296
-0.293765
-0.311438
-0.325682
-0.335934
-0.347123
-0.358506
-0.368676
-0.377401
-0.38344
-0.385394
-0.385148
-0.385583
-0.386462
-0.385906
-0.383747
-0.377365
-0.362844
-0.335434
-0.287604
-0.216237
-0.125525
-0.0355536
0.0249782
0.038039
0.0118923
-0.0294315
-0.0677999
-0.10057
-0.130273
-0.158808
-0.184729
-0.205568
-0.221599
-0.233907
-0.243121
-0.249621
-0.254087
-0.257053
-0.259372
-0.261719
-0.265109
-0.270273
-0.278081
-0.289144
-0.303714
-0.32171
-0.342231
-0.363381
-0.381574
-0.38888
-0.383995
-0.369754
-0.356753
-0.0452227
-0.0713996
-0.0977256
-0.122806
-0.146897
-0.170678
-0.194379
-0.217522
-0.239162
-0.258303
-0.274227
-0.286563
-0.295198
-0.29987
-0.305887
-0.315634
-0.326014
-0.333038
-0.336124
-0.337663
-0.340438
-0.343266
-0.345893
-0.348513
-0.349951
-0.349153
-0.343416
-0.328068
-0.297356
-0.243691
-0.164393
-0.0675377
0.0220606
0.0735448
0.0733406
0.0363619
-0.0108717
-0.0519618
-0.0876728
-0.121131
-0.153253
-0.180184
-0.200648
-0.21594
-0.226973
-0.234487
-0.239038
-0.241517
-0.242596
-0.243341
-0.244558
-0.24741
-0.2528
-0.261583
-0.274485
-0.291703
-0.312989
-0.337274
-0.362251
-0.383959
-0.393498
-0.389053
-0.374816
-0.360839
-0.0662216
-0.0953067
-0.12308
-0.148146
-0.170992
-0.192456
-0.212744
-0.231256
-0.246977
-0.259003
-0.26686
-0.270486
-0.269893
-0.270018
-0.2803
-0.288506
-0.292737
-0.295313
-0.299093
-0.302803
-0.306798
-0.311061
-0.315254
-0.319255
-0.321902
-0.321554
-0.315033
-0.296916
-0.260401
-0.197906
-0.108288
-0.00446233
0.0832901
0.123258
0.108471
0.0609394
0.00865924
-0.0349176
-0.0737517
-0.111573
-0.145621
-0.171693
-0.190687
-0.204002
-0.212588
-0.2174
-0.219201
-0.21912
-0.217998
-0.217099
-0.217403
-0.220135
-0.226359
-0.236875
-0.25239
-0.273064
-0.298403
-0.327068
-0.356417
-0.382061
-0.394973
-0.391512
-0.377179
-0.362715
-0.084754
-0.116288
-0.145015
-0.169639
-0.1909
-0.209741
-0.226274
-0.23974
-0.249086
-0.253592
-0.253093
-0.247751
-0.24377
-0.252204
-0.25732
-0.260463
-0.264407
-0.268261
-0.272519
-0.27707
-0.281926
-0.2871
-0.292213
-0.296855
-0.299704
-0.298562
-0.289554
-0.26637
-0.221201
-0.146852
-0.0448745
0.0656618
0.148679
0.173971
0.143534
0.0863463
0.0301624
-0.0156752
-0.0582928
-0.0995847
-0.132822
-0.156507
-0.172659
-0.182639
-0.187621
-0.18882
-0.187258
-0.1843
-0.180994
-0.178761
-0.178773
-0.182201
-0.190207
-0.203532
-0.222706
-0.247798
-0.278078
-0.31185
-0.346126
-0.376186
-0.394085
-0.391474
-0.377479
-0.362616
-0.100717
-0.134317
-0.163728
-0.187793
-0.207451
-0.223631
-0.236241
-0.244341
-0.246928
-0.243583
-0.234998
-0.227302
-0.229909
-0.233289
-0.237053
-0.240668
-0.244594
-0.248748
-0.253273
-0.258213
-0.263492
-0.26906
-0.274459
-0.278987
-0.281016
-0.277713
-0.264324
-0.23352
-0.176668
-0.087577
0.0280094
0.143326
0.217291
0.22459
0.17843
0.113218
0.0547911
0.00695712
-0.0400572
-0.0815755
-0.111507
-0.131238
-0.142985
-0.148303
-0.14868
-0.145624
-0.14045
-0.134742
-0.129782
-0.127053
-0.127869
-0.133273
-0.144366
-0.161829
-0.18593
-0.216516
-0.252627
-0.292228
-0.331959
-0.366823
-0.389348
-0.389327
-0.375997
-0.360812
-0.11413
-0.149532
-0.179579
-0.203227
-0.221466
-0.235041
-0.243559
-0.245961
-0.241495
-0.231563
-0.219634
-0.214206
-0.217876
-0.220847
-0.223993
-0.227313
-0.230962
-0.235005
-0.239469
-0.244415
-0.249718
-0.255205
-0.260276
-0.263895
-0.26399
-0.256973
-0.23706
-0.195839
-0.12421
-0.0179631
0.110977
0.227145
0.286677
0.273601
0.213069
0.14242
0.0840387
0.0337515
-0.0154627
-0.0533306
-0.0779294
-0.0919655
-0.097827
-0.0974165
-0.0925862
-0.0851484
-0.0767211
-0.0690549
-0.0636474
-0.061873
-0.0650798
-0.0741593
-0.0899394
-0.112983
-0.143332
-0.180504
-0.22325
-0.269236
-0.314779
-0.354667
-0.381741
-0.385701
-0.372939
-0.357648
-0.12512
-0.162185
-0.193003
-0.216526
-0.233585
-0.24457
-0.248797
-0.24531
-0.235578
-0.221479
-0.208206
-0.208246
-0.21095
-0.213327
-0.215831
-0.218638
-0.221829
-0.225511
-0.229666
-0.234323
-0.239289
-0.244222
-0.248317
-0.25013
-0.247015
-0.234511
-0.205681
-0.151114
-0.0618363
0.0628244
0.202764
0.313822
0.353663
0.319748
0.247881
0.175653
0.119639
0.0669166
0.0203211
-0.0107281
-0.0280797
-0.0348401
-0.0337642
-0.0271498
-0.0172311
-0.00609542
0.00436272
0.0123564
0.0162995
0.0150828
0.00751031
-0.00713417
-0.0293069
-0.0593072
-0.0970075
-0.141646
-0.191638
-0.244342
-0.295791
-0.340656
-0.372082
-0.380717
-0.368717
-0.3532
-0.133883
-0.172565
-0.204383
-0.228108
-0.244192
-0.252581
-0.252444
-0.244692
-0.230267
-0.211843
-0.204665
-0.207287
-0.208371
-0.209746
-0.211397
-0.21349
-0.216053
-0.219178
-0.222812
-0.226907
-0.231161
-0.235027
-0.237409
-0.236374
-0.228587
-0.208592
-0.168283
-0.0975154
0.0115193
0.154047
0.300151
0.398994
0.4156
0.362889
0.284734
0.215632
0.163252
0.110978
0.0721448
0.0501214
0.041591
0.0430115
0.0512034
0.0634877
0.0772806
0.0903271
0.100567
0.106431
0.106449
0.0998313
0.0858282
0.0639174
0.0339319
-0.00409659
-0.0498288
-0.102328
-0.159759
-0.219174
-0.27636
-0.325895
-0.361278
-0.374416
-0.363682
-0.347828
-0.140555
-0.180808
-0.213813
-0.237978
-0.253208
-0.259029
-0.255665
-0.243962
-0.226506
-0.210165
-0.207746
-0.208963
-0.209022
-0.20934
-0.210026
-0.211243
-0.213002
-0.215368
-0.218238
-0.221448
-0.224549
-0.226726
-0.226508
-0.221396
-0.207251
-0.17756
-0.123175
-0.0337837
0.095797
0.253346
0.398657
0.478906
0.471558
0.405253
0.327448
0.266301
0.217568
0.172021
0.143794
0.132213
0.133043
0.142289
0.156382
0.172358
0.187413
0.199366
0.206243
0.206957
0.200403
0.186146
0.16399
0.133724
0.0952631
0.0488198
-0.00505694
-0.0652676
-0.12976
-0.195388
-0.257736
-0.311334
-0.35008
-0.36691
-0.358035
-0.341785
-0.144462
-0.185918
-0.220026
-0.244795
-0.259709
-0.264462
-0.259235
-0.245463
-0.225985
-0.214425
-0.214432
-0.213274
-0.212028
-0.211177
-0.210805
-0.211039
-0.211871
-0.21331
-0.215174
-0.217155
-0.218592
-0.218339
-0.21448
-0.203863
-0.181469
-0.139784
-0.0689077
0.0406587
0.18981
0.357112
0.494196
0.551773
0.523844
0.45184
0.381411
0.332576
0.288768
0.253892
0.237582
0.236358
0.24535
0.260222
0.277162
0.293155
0.305468
0.312366
0.312329
0.304847
0.289548
0.266285
0.23521
0.196403
0.149836
0.0955931
0.0342664
-0.032886
-0.103623
-0.174579
-0.241147
-0.297938
-0.339202
-0.35877
-0.351899
-0.335066
-0.14725
-0.190107
-0.225827
-0.252067
-0.267819
-0.272251
-0.265518
-0.249704
-0.229704
-0.223384
-0.223067
-0.21987
-0.21713
-0.214948
-0.213368
-0.212471
-0.212206
-0.212497
-0.213051
-0.213359
-0.212484
-0.208895
-0.200146
-0.182366
-0.149677
-0.0937012
-0.00443287
0.125672
0.291262
0.461819
0.584362
0.61937
0.578419
0.509736
0.453139
0.41802
0.380721
0.358237
0.352929
0.359752
0.373453
0.389581
0.404399
0.415254
0.419949
0.417587
0.407461
0.38965
0.364598
0.332392
0.293137
0.246848
0.193446
0.132885
0.0656429
-0.00699075
-0.0826135
-0.157616
-0.227304
-0.286331
-0.329203
-0.35057
-0.345604
-0.327796
-0.150295
-0.195093
-0.233202
-0.261598
-0.27842
-0.282412
-0.274041
-0.256291
-0.239211
-0.235833
-0.232397
-0.227753
-0.223582
-0.22004
-0.217175
-0.215024
-0.213484
-0.212377
-0.211243
-0.209313
-0.205325
-0.197289
-0.182169
-0.155381
-0.110248
-0.0379541
0.0708771
0.220207
0.397695
0.564887
0.669983
0.687466
0.643397
0.586612
0.547477
0.522132
0.494644
0.482945
0.485027
0.495024
0.507646
0.518717
0.525095
0.525024
0.517419
0.502404
0.480426
0.45201
0.417911
0.37839
0.333199
0.281811
0.223765
0.158886
0.0875591
0.0112579
-0.0674836
-0.145002
-0.216551
-0.276741
-0.320286
-0.342512
-0.339065
-0.320107
-0.154448
-0.201689
-0.242652
-0.273423
-0.291245
-0.294577
-0.28444
-0.265022
-0.252463
-0.249742
-0.243085
-0.2367
-0.23097
-0.225976
-0.221716
-0.218168
-0.215153
-0.212329
-0.209017
-0.204146
-0.196047
-0.182226
-0.159051
-0.121249
-0.061636
0.0285799
0.156917
0.322921
0.506875
0.666223
0.755584
0.764205
0.726922
0.687483
0.665275
0.645737
0.626181
0.620711
0.624047
0.630207
0.634343
0.633138
0.624709
0.608729
0.585678
0.556684
0.523292
0.486202
0.44577
0.401861
0.353683
0.300281
0.240438
0.173684
0.10047
0.0223418
-0.0580405
-0.136808
-0.209064
-0.269417
-0.312752
-0.334898
-0.332515
-0.312058
-0.160666
-0.210733
-0.254767
-0.28784
-0.306324
-0.308591
-0.296622
-0.276494
-0.26858
-0.26365
-0.254609
-0.246405
-0.239013
-0.23244
-0.226635
-0.221498
-0.216714
-0.211732
-0.205603
-0.196879
-0.18344
-0.162276
-0.129165
-0.0783564
-0.00245583
0.106411
0.253235
0.432181
0.618111
0.768611
0.84777
0.857241
0.833628
0.811895
0.801035
0.780949
0.765472
0.759319
0.756164
0.75052
0.738627
0.718712
0.690789
0.656237
0.617347
0.575971
0.533833
0.491741
0.449061
0.40461
0.356851
0.304016
0.244646
0.178301
0.105055
0.0265933
-0.054103
-0.132921
-0.204851
-0.264508
-0.306931
-0.328262
-0.326566
-0.304548
-0.169913
-0.223064
-0.270127
-0.305107
-0.323619
-0.324311
-0.310429
-0.292458
-0.286491
-0.27697
-0.26615
-0.256215
-0.247138
-0.238902
-0.231413
-0.224446
-0.217511
-0.209805
-0.200035
-0.186331
-0.16611
-0.135845
-0.0908785
-0.0251899
0.0681849
0.195689
0.358802
0.547124
0.73252
0.876235
0.952477
0.969813
0.96104
0.951496
0.940868
0.9163
0.898342
0.883679
0.86622
0.841639
0.807959
0.765519
0.716607
0.664274
0.612205
0.562527
0.516309
0.473429
0.432693
0.391553
0.347129
0.296937
0.239304
0.173623
0.100693
0.0226034
-0.0573723
-0.134965
-0.205154
-0.262686
-0.302878
-0.322293
-0.320534
-0.296894
-0.183049
-0.239368
-0.28912
-0.325264
-0.342928
-0.341391
-0.325689
-0.311096
-0.304126
-0.290507
-0.277627
-0.265815
-0.254935
-0.244904
-0.235514
-0.226379
-0.216791
-0.205618
-0.19118
-0.171168
-0.142529
-0.101334
-0.0426501
0.0393502
0.150807
0.295871
0.472802
0.667608
0.851773
0.992287
1.07067
1.09708
1.09771
1.09006
1.06728
1.03668
1.00911
0.979038
0.941336
0.893451
0.835708
0.770774
0.703272
0.637437
0.577127
0.525067
0.48047
0.441406
0.404967
0.367765
0.326502
0.278494
0.222198
0.157424
0.0854569
0.00879842
-0.0690611
-0.143813
-0.210549
-0.26429
-0.300732
-0.317019
-0.314266
-0.288873
-0.200691
-0.260033
-0.311796
-0.348038
-0.36374
-0.359401
-0.342207
-0.330712
-0.319629
-0.303351
-0.28844
-0.27469
-0.261902
-0.249884
-0.238295
-0.22655
-0.213644
-0.198079
-0.177757
-0.149926
-0.111149
-0.0572299
0.0167067
0.115978
0.245192
0.406216
0.594167
0.793112
0.975856
1.11454
1.19492
1.22461
1.22459
1.20617
1.16683
1.1264
1.08422
1.03474
0.974391
0.902914
0.823184
0.740159
0.660505
0.588744
0.527274
0.476734
0.435645
0.400905
0.368565
0.334565
0.295381
0.248525
0.192924
0.129011
0.0586075
-0.0154614
-0.0896552
-0.159794
-0.221247
-0.269435
-0.300579
-0.312545
-0.307691
-0.280368
-0.223091
-0.28502
-0.337768
-0.372735
-0.38531
-0.377648
-0.360092
-0.349588
-0.332995
-0.314696
-0.297861
-0.28217
-0.267354
-0.253118
-0.238959
-0.224027
-0.206984
-0.185936
-0.158362
-0.121128
-0.0705231
-0.00234245
0.0879586
0.204624
0.350559
0.52497
0.720599
0.920568
1.09942
1.23338
1.30944
1.33317
1.32123
1.28186
1.22878
1.17583
1.1171
1.04789
0.966738
0.876097
0.78234
0.690336
0.605583
0.532157
0.471925
0.424367
0.386842
0.355295
0.325173
0.292242
0.253211
0.206135
0.150617
0.0877418
0.0197522
-0.0503897
-0.119249
-0.182888
-0.237082
-0.277846
-0.302177
-0.309123
-0.300886
-0.27137
-0.250048
-0.313791
-0.366154
-0.398294
-0.406547
-0.395334
-0.378546
-0.366127
-0.344807
-0.324345
-0.30549
-0.287713
-0.27065
-0.253865
-0.236623
-0.217775
-0.195624
-0.167867
-0.131602
-0.0834125
-0.0195211
0.0640415
0.17101
0.304294
0.464533
0.648447
0.846585
1.04175
1.2108
1.33235
1.39554
1.40422
1.37252
1.31232
1.24932
1.18403
1.11034
1.02615
0.932454
0.832164
0.730917
0.634545
0.548301
0.475517
0.417123
0.371609
0.335559
0.304477
0.273743
0.239411
0.198751
0.150522
0.0950107
0.033823
-0.0305777
-0.0952966
-0.157139
-0.212512
-0.257676
-0.289303
-0.305222
-0.307463
-0.294642
-0.26233
-0.280872
-0.345282
-0.395605
-0.423265
-0.426242
-0.411619
-0.395844
-0.378092
-0.353944
-0.331442
-0.310489
-0.290457
-0.270875
-0.251103
-0.230151
-0.206548
-0.178218
-0.142491
-0.0961674
-0.0357205
0.0424578
0.141685
0.26454
0.411951
0.58221
0.769177
0.961812
1.14339
1.29349
1.39487
1.43846
1.42823
1.37582
1.30459
1.2345
1.16205
1.08101
0.989235
0.888357
0.782676
0.678107
0.580369
0.494055
0.421702
0.363519
0.317468
0.279884
0.246326
0.212517
0.175066
0.131911
0.0824758
0.0275814
-0.0308735
-0.090422
-0.148358
-0.201715
-0.247254
-0.281858
-0.30312
-0.309933
-0.306474
-0.288409
-0.253
-0.314383
-0.377948
-0.424372
-0.446009
-0.442996
-0.425618
-0.409369
-0.38586
-0.359548
-0.33507
-0.311941
-0.28946
-0.266999
-0.243709
-0.218325
-0.189043
-0.153454
-0.108591
-0.0511187
0.0223696
0.114936
0.228848
0.364918
0.521802
0.694812
0.87566
1.05256
1.21081
1.33466
1.41191
1.43625
1.41056
1.34607
1.27464
1.20434
1.12895
1.04347
0.947088
0.842379
0.734115
0.627976
0.529222
0.441882
0.368049
0.307627
0.258484
0.217064
0.179253
0.141274
0.100328
0.0549495
0.00506702
-0.0481707
-0.102771
-0.156379
-0.206491
-0.250357
-0.285095
-0.308163
-0.318035
-0.317087
-0.306695
-0.2826
-0.243787
-0.348959
-0.409855
-0.450466
-0.464722
-0.455514
-0.436068
-0.417547
-0.389533
-0.361062
-0.3345
-0.309006
-0.283755
-0.25795
-0.230515
-0.19991
-0.164037
-0.120225
-0.0653774
0.00374723
0.090096
0.195766
0.321436
0.465774
0.624617
0.790952
0.955143
1.10671
1.23533
1.33129
1.38784
1.39727
1.36345
1.30175
1.23593
1.16757
1.09128
1.00346
0.904304
0.796916
0.686173
0.577598
0.476289
0.386121
0.309089
0.245019
0.191803
0.146055
0.104003
0.0623315
0.0187455
-0.0277571
-0.0769041
-0.127375
-0.177214
-0.224212
-0.265969
-0.299814
-0.323208
-0.334426
-0.333492
-0.32491
-0.307118
-0.276779
-0.234589
-0.382666
-0.438831
-0.471785
-0.477747
-0.462601
-0.441949
-0.418684
-0.387893
-0.357388
-0.328629
-0.300522
-0.272127
-0.242475
-0.210267
-0.173729
-0.130552
-0.0779617
-0.0129432
0.0673333
0.164941
0.280579
0.412961
0.55826
0.710055
0.859834
0.998853
1.1203
1.22032
1.2941
1.33537
1.33799
1.30506
1.25202
1.19393
1.12884
1.05226
0.961919
0.858965
0.747197
0.63195
0.519101
0.413979
0.320487
0.24047
0.173506
0.117333
0.0686035
0.0237905
-0.0200394
-0.0647583
-0.110997
-0.158241
-0.205083
-0.249622
-0.289699
-0.322913
-0.346724
-0.359004
-0.3587
-0.349599
-0.333003
-0.307448
-0.27098
-0.225661
-0.413349
-0.462622
-0.486363
-0.483545
-0.46326
-0.441461
-0.413372
-0.380231
-0.347737
-0.316616
-0.285609
-0.253681
-0.219705
-0.182211
-0.139282
-0.0885543
-0.0273487
0.0469712
0.136466
0.241997
0.362555
0.494787
0.632855
0.769068
0.895385
1.00638
1.10237
1.18297
1.24195
1.27392
1.27456
1.24697
1.20436
1.15272
1.08873
1.00891
0.912607
0.802456
0.683523
0.562141
0.444803
0.336977
0.242223
0.161769
0.0945706
0.0379788
-0.011422
-0.0569453
-0.101147
-0.145485
-0.190241
-0.234677
-0.277311
-0.316254
-0.349343
-0.374105
-0.38807
-0.389643
-0.380204
-0.363662
-0.339395
-0.306527
-0.26462
-0.216793
-0.438799
-0.479108
-0.492471
-0.48094
-0.456905
-0.433239
-0.401373
-0.365958
-0.331381
-0.297691
-0.263528
-0.227779
-0.189211
-0.146283
-0.0970827
-0.0393662
0.029196
0.110593
0.205875
0.314516
0.433842
0.558862
0.682699
0.798064
0.900457
0.99176
1.072
1.13839
1.18663
1.21315
1.21515
1.19451
1.15905
1.1086
1.03986
0.951238
0.844443
0.724258
0.597419
0.471237
0.352371
0.245713
0.153783
0.0766847
0.0125132
-0.0418151
-0.0897131
-0.134181
-0.177314
-0.220102
-0.262462
-0.303441
-0.341476
-0.374616
-0.400598
-0.416974
-0.42167
-0.413801
-0.397709
-0.374283
-0.342949
-0.30369
-0.257397
-0.207936
-0.456916
-0.486463
-0.488825
-0.469436
-0.443047
-0.416389
-0.381907
-0.344407
-0.307712
-0.27137
-0.233997
-0.194456
-0.151515
-0.103693
-0.0492205
0.0138282
0.087279
0.172361
0.269062
0.37556
0.487899
0.60032
0.706132
0.802965
0.891179
0.969488
1.03716
1.09267
1.13357
1.15717
1.16041
1.14384
1.10806
1.05076
0.970262
0.867969
0.748583
0.619145
0.487615
0.361437
0.246431
0.146059
0.0612786
-0.00910209
-0.0677642
-0.118014
-0.163038
-0.20535
-0.246479
-0.286909
-0.326193
-0.363159
-0.396137
-0.423121
-0.441854
-0.450015
-0.445942
-0.431511
-0.409639
-0.38009
-0.342752
-0.298424
-0.249056
-0.198999
-0.465898
-0.483339
-0.474825
-0.448787
-0.421464
-0.391722
-0.355019
-0.315674
-0.276972
-0.238148
-0.197882
-0.155121
-0.108744
-0.0574283
0.000336963
0.0661426
0.141256
0.226131
0.319848
0.419739
0.521198
0.619056
0.711862
0.797661
0.874884
0.942507
1.00033
1.04776
1.08323
1.10379
1.10536
1.08495
1.03953
0.967715
0.870997
0.754249
0.624842
0.491181
0.361254
0.241442
0.135828
0.0459794
-0.0287558
-0.0906248
-0.142724
-0.188235
-0.229859
-0.269472
-0.307986
-0.345384
-0.380903
-0.413198
-0.44053
-0.460866
-0.472048
-0.472219
-0.460819
-0.441567
-0.414819
-0.380244
-0.338306
-0.290467
-0.239443
-0.18988
-0.464381
-0.469085
-0.450355
-0.419877
-0.392136
-0.359613
-0.320954
-0.280112
-0.239813
-0.199132
-0.156917
-0.112278
-0.0642545
-0.0117102
0.0466675
0.112098
0.185394
0.266613
0.354223
0.445091
0.535884
0.624593
0.708238
0.784595
0.852585
0.911677
0.961913
1.00286
1.03245
1.0468
1.04025
1.00698
0.944591
0.854647
0.742275
0.615179
0.482115
0.351401
0.229779
0.121703
0.0291584
-0.0480934
-0.111937
-0.165188
-0.210908
-0.251823
-0.28996
-0.326507
-0.361794
-0.395401
-0.426329
-0.453121
-0.474037
-0.487219
-0.490882
-0.48365
-0.467483
-0.444135
-0.413292
-0.374905
-0.329846
-0.280034
-0.228688
-0.180616
-0.451645
-0.443653
-0.416414
-0.383784
-0.355386
-0.320816
-0.28073
-0.239031
-0.197976
-0.156644
-0.114112
-0.0696439
-0.0223998
0.0286856
0.0847535
0.146936
0.215939
0.291485
0.372131
0.455866
0.539584
0.620371
0.695784
0.764124
0.824576
0.876778
0.920534
0.954673
0.975694
0.979054
0.956839
0.904397
0.822419
0.716013
0.593097
0.462683
0.33334
0.212049
0.10354
0.0100872
-0.0682274
-0.132978
-0.186714
-0.232304
-0.272397
-0.309052
-0.343568
-0.37651
-0.407749
-0.436602
-0.461949
-0.482362
-0.496232
-0.501963
-0.498308
-0.485408
-0.465705
-0.439174
-0.405377
-0.364558
-0.317854
-0.267483
-0.216974
-0.171225
-0.427569
-0.407867
-0.374241
-0.342041
-0.312042
-0.276291
-0.235716
-0.194275
-0.153871
-0.113713
-0.0730512
-0.0312265
0.0126532
0.0596763
0.111169
0.16833
0.232202
0.30277
0.378271
0.456032
0.533003
0.606658
0.674995
0.736616
0.790753
0.836819
0.873795
0.89904
0.908588
0.895145
0.852355
0.779194
0.680014
0.562631
0.436193
0.309487
0.189748
0.0819662
-0.0113132
-0.0897495
-0.154657
-0.208344
-0.253481
-0.292586
-0.327681
-0.360101
-0.390498
-0.418977
-0.445139
-0.468204
-0.487051
-0.500375
-0.506881
-0.505506
-0.49554
-0.479022
-0.456633
-0.427793
-0.392193
-0.350223
-0.303153
-0.253371
-0.204597
-0.161787
-0.392702
-0.363068
-0.325887
-0.295409
-0.263824
-0.2277
-0.187846
-0.148167
-0.110285
-0.0734865
-0.0370976
-0.000302403
0.0379922
0.0792007
0.124847
0.176977
0.236801
0.303093
0.373588
0.44565
0.516556
0.584072
0.646449
0.702388
0.75089
0.790692
0.819459
0.833486
0.827461
0.793834
0.729971
0.638927
0.527941
0.406133
0.282524
0.164697
0.0579982
-0.0347168
-0.112848
-0.177494
-0.230767
-0.275164
-0.313075
-0.346454
-0.376647
-0.404363
-0.429788
-0.452774
-0.472846
-0.489251
-0.501006
-0.507081
-0.506536
-0.498817
-0.484716
-0.465777
-0.441556
-0.411397
-0.375086
-0.333056
-0.286619
-0.238277
-0.191864
-0.152386
-0.34825
-0.311231
-0.274288
-0.24455
-0.21262
-0.177358
-0.139733
-0.103583
-0.0702188
-0.0389516
-0.00889732
0.0211018
0.0525107
0.0870058
0.127034
0.175222
0.231075
0.292979
0.358604
0.425443
0.491005
0.55322
0.610427
0.661203
0.704025
0.73656
0.755127
0.756211
0.731948
0.678099
0.596149
0.492332
0.375497
0.254937
0.138757
0.0328528
-0.0594756
-0.137324
-0.201588
-0.25424
-0.297658
-0.334139
-0.365583
-0.393348
-0.418205
-0.440421
-0.459931
-0.476535
-0.489849
-0.499233
-0.503891
-0.503112
-0.496446
-0.48389
-0.467534
-0.447158
-0.422
-0.39147
-0.355372
-0.314115
-0.269034
-0.222697
-0.179025
-0.143074
-0.296002
-0.255167
-0.221562
-0.191201
-0.160136
-0.127205
-0.0935273
-0.0627218
-0.0357905
-0.0117866
0.0105798
0.0328402
0.0567203
0.0844093
0.120103
0.164207
0.215839
0.273223
0.334077
0.395996
0.456639
0.514009
0.566359
0.611925
0.648486
0.672733
0.681042
0.666872
0.624371
0.553017
0.457594
0.346341
0.228776
0.113736
0.00796083
-0.0845647
-0.162503
-0.226527
-0.278503
-0.320766
-0.355585
-0.384854
-0.40996
-0.431762
-0.45064
-0.466624
-0.479587
-0.489411
-0.495859
-0.49845
-0.496661
-0.490121
-0.47873
-0.46383
-0.446165
-0.425057
-0.399711
-0.369546
-0.334312
-0.294378
-0.251085
-0.207062
-0.166302
-0.133906
-0.238659
-0.198918
-0.167454
-0.137675
-0.108782
-0.0796363
-0.0514527
-0.0275475
-0.008377
0.00743683
0.0215321
0.0356647
0.0513496
0.0740796
0.105343
0.145006
0.191996
0.244521
0.300383
0.357295
0.413014
0.465554
0.513044
0.553327
0.583363
0.599194
0.596126
0.566752
0.508325
0.423504
0.319364
0.205394
0.0912854
-0.015028
-0.108513
-0.187153
-0.251296
-0.302715
-0.343758
-0.376748
-0.403649
-0.425924
-0.444535
-0.46
-0.472485
-0.481936
-0.488271
-0.491533
-0.491643
-0.488269
-0.481097
-0.470107
-0.455904
-0.440075
-0.421994
-0.400893
-0.376022
-0.346771
-0.312828
-0.274532
-0.233243
-0.191657
-0.153825
-0.124886
-0.17988
-0.145044
-0.11371
-0.0857496
-0.0603369
-0.0363102
-0.0149271
0.00107736
0.0118958
0.0192389
0.0249982
0.0298818
0.039886
0.0577831
0.0842026
0.118783
0.1604
0.207329
0.257536
0.308913
0.359377
0.406984
0.449612
0.484413
0.507678
0.515738
0.501023
0.458297
0.387435
0.293404
0.184995
0.0725853
-0.0344227
-0.129492
-0.209528
-0.274324
-0.325493
-0.365429
-0.396583
-0.421059
-0.440463
-0.455891
-0.468001
-0.477106
-0.483284
-0.486482
-0.48671
-0.48416
-0.478868
-0.47068
-0.459538
-0.445659
-0.430725
-0.414626
-0.39668
-0.3761
-0.352137
-0.324112
-0.291666
-0.25512
-0.215885
-0.1767
-0.141687
-0.116004
-0.126724
-0.0921893
-0.0622872
-0.0373211
-0.0164763
0.00139456
0.0152234
0.0230339
0.0255344
0.0246787
0.0211227
0.0195307
0.0244505
0.0372112
0.0581404
0.0867436
0.121931
0.162168
0.205744
0.25082
0.2955
0.337752
0.375111
0.404478
0.422272
0.422435
0.397611
0.344529
0.265035
0.166
0.0577259
-0.0489801
-0.145661
-0.22762
-0.293693
-0.34512
-0.384296
-0.41384
-0.436061
-0.452758
-0.465204
-0.474209
-0.480221
-0.483432
-0.483886
-0.48156
-0.476572
-0.469247
-0.459744
-0.448038
-0.43428
-0.419509
-0.404599
-0.388789
-0.37143
-0.351732
-0.328924
-0.302249
-0.271342
-0.23651
-0.199244
-0.162348
-0.129928
-0.107186
-0.0767634
-0.0427258
-0.0150977
0.00602645
0.0215381
0.0327244
0.0389331
0.0388377
0.0335452
0.0242089
0.0133447
0.00682056
0.0067158
0.0139747
0.0286978
0.0503419
0.0779627
0.110344
0.146158
0.183846
0.221789
0.258078
0.290248
0.314895
0.327849
0.321169
0.288782
0.228742
0.144548
0.0449333
-0.0586685
-0.155811
-0.239655
-0.30751
-0.359849
-0.398869
-0.427308
-0.447716
-0.462126
-0.472007
-0.478334
-0.481688
-0.482363
-0.480477
-0.47607
-0.469191
-0.460059
-0.449072
-0.436498
-0.422496
-0.407407
-0.393135
-0.378726
-0.363597
-0.34714
-0.328532
-0.306978
-0.281654
-0.252245
-0.219143
-0.183725
-0.14871
-0.118456
-0.0983617
-0.0308632
0.00195769
0.026643
0.0433476
0.0531725
0.057718
0.056707
0.0494031
0.0368856
0.0198068
0.00437721
-0.00661477
-0.0116821
-0.0101892
-0.00220491
0.0117254
0.0308514
0.0542643
0.0810241
0.110128
0.140501
0.170353
0.197317
0.218317
0.226876
0.215329
0.178257
0.114754
0.0300533
-0.0654893
-0.16015
-0.244735
-0.314397
-0.368246
-0.407899
-0.436016
-0.455318
-0.468094
-0.476034
-0.480274
-0.481519
-0.480175
-0.476431
-0.470365
-0.46204
-0.451591
-0.439334
-0.425781
-0.411275
-0.396137
-0.381697
-0.367962
-0.354276
-0.340035
-0.324641
-0.30721
-0.286952
-0.263091
-0.235249
-0.203373
-0.169092
-0.135551
-0.10724
-0.0895699
0.0101012
0.0410242
0.0622488
0.0742475
0.0784779
0.0768057
0.069341
0.0557382
0.0360114
0.014657
-0.00441654
-0.0193845
-0.0291543
-0.0333641
-0.032246
-0.0263334
-0.016251
-0.00259327
0.0142301
0.0339952
0.0559027
0.0788971
0.101209
0.118637
0.123881
0.109532
0.0705158
0.00709882
-0.073801
-0.160982
-0.243487
-0.313977
-0.369521
-0.41055
-0.439283
-0.458421
-0.470419
-0.477188
-0.480055
-0.479847
-0.477048
-0.471931
-0.464641
-0.455264
-0.443918
-0.430836
-0.416413
-0.401248
-0.385802
-0.370866
-0.357473
-0.344633
-0.331945
-0.3188
-0.304633
-0.288518
-0.269864
-0.247122
-0.21985
-0.188552
-0.155108
-0.12285
-0.0963298
-0.0808914
0.0457513
0.074105
0.0915236
0.0988552
0.0978741
0.0907015
0.0777261
0.0582429
0.0341443
0.00997223
-0.0119618
-0.0302874
-0.0442478
-0.0537302
-0.0590985
-0.0609207
-0.0597371
-0.0557985
-0.0489681
-0.0389947
-0.0257726
-0.00942234
0.00819152
0.021969
0.0247934
0.0092145
-0.0293583
-0.089333
-0.162677
-0.238445
-0.307262
-0.363768
-0.406531
-0.436737
-0.456727
-0.468955
-0.475461
-0.477737
-0.476769
-0.473143
-0.467185
-0.459098
-0.449044
-0.43716
-0.423621
-0.408725
-0.393002
-0.377131
-0.361601
-0.348145
-0.335815
-0.324065
-0.312583
-0.300724
-0.28824
-0.273469
-0.255272
-0.232723
-0.205562
-0.17454
-0.141751
-0.110661
-0.0858183
-0.0724366
0.0760365
0.101232
0.114709
0.117617
0.112027
0.100217
0.0826537
0.0587827
0.0324671
0.00643113
-0.0175608
-0.0385028
-0.0559109
-0.0698529
-0.0808279
-0.0894101
-0.0960993
-0.100901
-0.103259
-0.102394
-0.0970415
-0.0871213
-0.0747273
-0.064687
-0.0639992
-0.0799411
-0.116249
-0.170209
-0.233614
-0.296739
-0.352138
-0.396145
-0.428307
-0.450059
-0.46353
-0.470763
-0.473344
-0.472371
-0.468552
-0.46232
-0.453928
-0.443568
-0.431438
-0.41777
-0.402801
-0.386878
-0.370631
-0.354892
-0.340802
-0.328631
-0.317534
-0.3071
-0.297369
-0.287086
-0.275218
-0.260642
-0.24233
-0.219529
-0.192171
-0.161235
-0.129006
-0.0990319
-0.0757966
-0.0643223
0.101103
0.122684
0.132229
0.131138
0.121649
0.106154
0.0847497
0.0589842
0.031505
0.00445562
-0.0208418
-0.0436403
-0.0636058
-0.0809572
-0.0962549
-0.110054
-0.12288
-0.134555
-0.144131
-0.150231
-0.151594
-0.147959
-0.141
-0.13509
-0.136895
-0.152997
-0.186059
-0.232775
-0.285658
-0.33674
-0.380411
-0.414258
-0.438333
-0.453976
-0.462916
-0.466725
-0.466593
-0.463308
-0.457383
-0.449177
-0.438964
-0.426961
-0.413407
-0.3986
-0.382892
-0.366701
-0.350641
-0.335668
-0.323629
-0.31291
-0.303719
-0.295007
-0.286113
-0.27619
-0.264297
-0.249402
-0.230573
-0.207222
-0.179485
-0.14856
-0.116887
-0.0880449
-0.0663948
-0.0567105
0.121252
0.138868
0.144629
0.140041
0.127467
0.108998
0.0858539
0.0593207
0.0315455
0.00421439
-0.0216858
-0.045585
-0.0672771
-0.0869162
-0.105021
-0.122309
-0.138895
-0.154637
-0.168637
-0.179665
-0.186437
-0.188416
-0.186812
-0.185518
-0.190433
-0.206963
-0.236751
-0.276471
-0.319883
-0.360864
-0.395322
-0.421648
-0.440053
-0.45161
-0.457594
-0.459146
-0.45715
-0.452224
-0.444781
-0.435152
-0.42365
-0.410586
-0.396227
-0.380889
-0.365036
-0.349241
-0.334105
-0.321411
-0.311312
-0.302378
-0.294186
-0.286076
-0.277386
-0.267322
-0.254977
-0.239399
-0.219773
-0.195691
-0.167501
-0.136603
-0.105555
-0.0779119
-0.0578568
-0.0498641
0.13683
0.150292
0.15254
0.145086
0.130192
0.110303
0.0865915
0.0601829
0.0328257
0.00582
-0.0201258
-0.0445245
-0.0670607
-0.0878167
-0.10716
-0.125612
-0.143557
-0.161016
-0.177365
-0.191501
-0.202152
-0.208699
-0.212087
-0.215628
-0.224097
-0.24151
-0.268699
-0.302692
-0.338602
-0.371907
-0.399662
-0.420712
-0.435218
-0.443985
-0.447933
-0.447886
-0.444522
-0.438404
-0.42995
-0.419475
-0.40729
-0.393783
-0.37937
-0.36431
-0.349038
-0.334513
-0.321639
-0.311644
-0.303081
-0.295201
-0.287567
-0.279622
-0.270731
-0.260144
-0.24701
-0.230476
-0.209866
-0.184966
-0.156336
-0.125555
-0.0952565
-0.0689154
-0.0504849
-0.044095
0.148233
0.157496
0.156612
0.146979
0.130899
0.110638
0.0872862
0.0617557
0.0354322
0.00928067
-0.0162105
-0.0404369
-0.062839
-0.0832869
-0.102304
-0.120517
-0.138431
-0.156181
-0.173316
-0.188932
-0.201966
-0.211931
-0.219602
-0.227618
-0.2395
-0.257921
-0.283126
-0.312651
-0.342795
-0.370276
-0.393038
-0.410225
-0.421926
-0.428722
-0.43135
-0.430434
-0.426497
-0.419991
-0.411386
-0.401038
-0.389215
-0.376266
-0.362994
-0.349956
-0.337123
-0.324945
-0.31478
-0.306348
-0.298701
-0.291308
-0.283749
-0.275518
-0.266017
-0.254545
-0.240325
-0.222619
-0.200909
-0.17518
-0.146196
-0.11568
-0.0862917
-0.0613741
-0.0446035
-0.039726
0.155857
0.160954
0.157482
0.146493
0.130092
0.110343
0.088152
0.0641776
0.0394375
0.0145915
-0.00993353
-0.0330976
-0.0543065
-0.0737063
-0.0917676
-0.10906
-0.126087
-0.143083
-0.159807
-0.17562
-0.189755
-0.201922
-0.212738
-0.224171
-0.238599
-0.257616
-0.281088
-0.307129
-0.332977
-0.356274
-0.375604
-0.390397
-0.400641
-0.406705
-0.409122
-0.408479
-0.405155
-0.399512
-0.391978
-0.383414
-0.374228
-0.364213
-0.353586
-0.342601
-0.331529
-0.321042
-0.312611
-0.30501
-0.297703
-0.290269
-0.282316
-0.273383
-0.262911
-0.250259
-0.234738
-0.215738
-0.192911
-0.16644
-0.137266
-0.107221
-0.0789371
-0.0555775
-0.0405008
-0.0370359
0.160026
0.161293
0.15577
0.144132
0.12819
0.109691
0.0893091
0.0674358
0.0447464
0.0216031
-0.00129972
-0.0227427
-0.0424399
-0.0604658
-0.0771833
-0.0930662
-0.108586
-0.124059
-0.139469
-0.154457
-0.168556
-0.181672
-0.194289
-0.207824
-0.22381
-0.243084
-0.265286
-0.289053
-0.312328
-0.333347
-0.351017
-0.364977
-0.375245
-0.382016
-0.385653
-0.386745
-0.386344
-0.384304
-0.380442
-0.37493
-0.367949
-0.359669
-0.350441
-0.340632
-0.330682
-0.321676
-0.313991
-0.306631
-0.299179
-0.291278
-0.282566
-0.27262
-0.260929
-0.246922
-0.230011
-0.209722
-0.185882
-0.158854
-0.129734
-0.100412
-0.0734463
-0.0517771
-0.0384117
-0.0362371
0.16103
0.158874
0.151895
0.140289
0.12547
0.108828
0.0907057
0.071261
0.0509109
0.0298547
0.00908146
-0.0104461
-0.0284226
-0.0448316
-0.0599113
-0.0740208
-0.087576
-0.100955
-0.114389
-0.1278
-0.141014
-0.154132
-0.167551
-0.182275
-0.199309
-0.218957
-0.240703
-0.263392
-0.285696
-0.306157
-0.323975
-0.338903
-0.351414
-0.361937
-0.369881
-0.375174
-0.378002
-0.378402
-0.376483
-0.372491
-0.366695
-0.359398
-0.351024
-0.34201
-0.332753
-0.324847
-0.317437
-0.309946
-0.302037
-0.293402
-0.283714
-0.272592
-0.259583
-0.244195
-0.225948
-0.20451
-0.179874
-0.152567
-0.123799
-0.0954769
-0.0700396
-0.0501673
-0.0384934
-0.0374471
0.159126
0.154085
0.146253
0.135234
0.12201
0.107564
0.091998
0.075237
0.0574467
0.0386261
0.0200923
0.00259821
-0.0135012
-0.0281017
-0.0413255
-0.0534217
-0.0647444
-0.075717
-0.0868448
-0.0983209
-0.110224
-0.122839
-0.136501
-0.151846
-0.169649
-0.189881
-0.211966
-0.234936
-0.25806
-0.281131
-0.302614
-0.321724
-0.338125
-0.351684
-0.362238
-0.369796
-0.374474
-0.376375
-0.375681
-0.372672
-0.367672
-0.361065
-0.353348
-0.345004
-0.336604
-0.32916
-0.32173
-0.313888
-0.305353
-0.295858
-0.285118
-0.272801
-0.258518
-0.241859
-0.22246
-0.200125
-0.174999
-0.147747
-0.119653
-0.0925987
-0.068864
-0.0508439
-0.0407834
-0.0406487
0.154572
0.147326
0.139252
0.12935
0.118116
0.106129
0.0932503
0.0792252
0.0639871
0.0475579
0.0313131
0.0159449
0.00185372
-0.0107879
-0.022014
-0.031987
-0.0409982
-0.0494792
-0.0581847
-0.0675587
-0.0778655
-0.0896523
-0.103249
-0.119022
-0.137627
-0.159673
-0.184453
-0.210836
-0.237587
-0.263598
-0.287842
-0.309632
-0.328551
-0.344362
-0.356918
-0.366202
-0.372303
-0.375362
-0.375613
-0.373383
-0.369054
-0.363075
-0.355949
-0.348227
-0.340614
-0.333388
-0.325797
-0.317515
-0.308312
-0.297965
-0.286234
-0.272836
-0.257451
-0.239756
-0.219494
-0.196598
-0.171345
-0.144504
-0.117397
-0.091838
-0.0699213
-0.0537391
-0.0451444
-0.0456461
0.148451
0.139869
0.132274
0.124026
0.115139
0.10582
0.0957347
0.0844913
0.071898
0.0579889
0.0441256
0.0309966
0.0190369
0.00846548
-0.000693674
-0.00853556
-0.015278
-0.0213165
-0.0275918
-0.0348732
-0.0436326
-0.054685
-0.0687618
-0.0863377
-0.107607
-0.132337
-0.159815
-0.188929
-0.218409
-0.247065
-0.273885
-0.29813
-0.319305
-0.337109
-0.351381
-0.362108
-0.369392
-0.373422
-0.374491
-0.372973
-0.369312
-0.363993
-0.357539
-0.350392
-0.343495
-0.336391
-0.328619
-0.319931
-0.310146
-0.299083
-0.286545
-0.272305
-0.256104
-0.237703
-0.216945
-0.193876
-0.16888
-0.142797
-0.116952
-0.0930597
-0.0730046
-0.0585706
-0.0512268
-0.052041
0.141916
0.132963
0.126585
0.120519
0.114315
0.10785
0.100639
0.0921953
0.0822995
0.0709021
0.0593738
0.048416
0.0384893
0.0298338
0.0225003
0.0164351
0.0114763
0.00729548
0.00287301
-0.00301713
-0.0112378
-0.022529
-0.0373744
-0.0562246
-0.0792094
-0.105991
-0.135736
-0.167242
-0.199157
-0.23021
-0.259324
-0.285696
-0.308769
-0.328206
-0.343856
-0.355727
-0.363963
-0.368817
-0.370637
-0.369848
-0.366914
-0.36235
-0.356673
-0.350282
-0.343908
-0.33696
-0.329115
-0.320185
-0.310032
-0.298514
-0.285475
-0.270734
-0.254094
-0.235388
-0.214549
-0.191718
-0.167359
-0.142353
-0.117994
-0.0958742
-0.0776547
-0.0648144
-0.0584569
-0.0592361
0.134017
0.125568
0.12101
0.117498
0.114162
0.110595
0.106206
0.100456
0.0931059
0.0840311
0.0746063
0.0655377
0.0572867
0.0500999
0.0440464
0.0390873
0.035117
0.0318935
0.0284998
0.0233221
0.0155002
0.00438507
-0.0106413
-0.0300589
-0.0539746
-0.0819936
-0.113204
-0.146325
-0.17993
-0.212666
-0.243383
-0.271215
-0.295566
-0.31609
-0.332658
-0.345321
-0.354279
-0.359839
-0.362393
-0.362393
-0.360308
-0.356632
-0.351869
-0.346363
-0.340547
-0.333905
-0.326206
-0.31731
-0.307111
-0.2955
-0.282351
-0.267526
-0.250878
-0.232307
-0.211819
-0.189631
-0.166265
-0.142614
-0.119916
-0.0996177
-0.0831549
-0.071714
-0.0660605
-0.0664701
0.122698
0.115551
0.113296
0.112601
0.11224
0.111578
0.109942
0.106779
0.101827
0.0949143
0.0873797
0.0799138
0.0729793
0.0668421
0.0615693
0.0571355
0.0534992
0.0505165
0.0475485
0.0428554
0.0354443
0.0246894
0.00992655
-0.00935443
-0.0332813
-0.0614659
-0.0929873
-0.126543
-0.160671
-0.193967
-0.225236
-0.253572
-0.278365
-0.299284
-0.316233
-0.329314
-0.338772
-0.344945
-0.348252
-0.34914
-0.348053
-0.34543
-0.341736
-0.337243
-0.332143
-0.326057
-0.318816
-0.310315
-0.300467
-0.289184
-0.276368
-0.261909
-0.245707
-0.227715
-0.208002
-0.186843
-0.164794
-0.142737
-0.121831
-0.103368
-0.0885598
-0.0783206
-0.0731126
-0.0728763
0.106782
0.101725
0.10221
0.104568
0.107304
0.109604
0.110737
0.110146
0.107551
0.102752
0.0969977
0.0909502
0.085069
0.079612
0.0746672
0.070251
0.0663476
0.0628608
0.0596181
0.0549862
0.0478547
0.0375359
0.0234033
0.00494399
-0.0180099
-0.0451335
-0.0755777
-0.108102
-0.141285
-0.17374
-0.204273
-0.231983
-0.256271
-0.276831
-0.293603
-0.306721
-0.316456
-0.323158
-0.327227
-0.32908
-0.329113
-0.327695
-0.3252
-0.321842
-0.317666
-0.312423
-0.305981
-0.298255
-0.289169
-0.278646
-0.266601
-0.252952
-0.237633
-0.220644
-0.202103
-0.182325
-0.161883
-0.141626
-0.122619
-0.105995
-0.0927508
-0.0835536
-0.078603
-0.0775513
0.0852854
0.083029
0.0865993
0.0922183
0.0982286
0.103688
0.107809
0.109996
0.109924
0.107365
0.10341
0.098672
0.0935828
0.088433
0.0833784
0.0784664
0.0736881
0.0690831
0.0647293
0.0595991
0.0525093
0.0426018
0.0293653
0.0123311
-0.00870521
-0.0335264
-0.0614369
-0.0913594
-0.122016
-0.152125
-0.180568
-0.206486
-0.229316
-0.248775
-0.26482
-0.277592
-0.287352
-0.294429
-0.299184
-0.301976
-0.303135
-0.302951
-0.301698
-0.299531
-0.29644
-0.29227
-0.286913
-0.280287
-0.272316
-0.262925
-0.25204
-0.239594
-0.225551
-0.209944
-0.192928
-0.174845
-0.156266
-0.137992
-0.120984
-0.106217
-0.0944903
-0.0862551
-0.0814919
-0.079618
0.0547739
0.055778
0.062628
0.0717329
0.0813854
0.0905404
0.0983132
0.103988
0.1071
0.107408
0.105702
0.102493
0.098197
0.093157
0.0876035
0.0816639
0.0754994
0.0692261
0.0630097
0.0566642
0.0493118
0.0397454
0.0276004
0.0124848
-0.00582546
-0.0272431
-0.0512918
-0.0771533
-0.103798
-0.130149
-0.155228
-0.178265
-0.198739
-0.216379
-0.231129
-0.243103
-0.252522
-0.259667
-0.264838
-0.268329
-0.270398
-0.271258
-0.271098
-0.270017
-0.268017
-0.264999
-0.260862
-0.25552
-0.248893
-0.240901
-0.23147
-0.220545
-0.208106
-0.194209
-0.179032
-0.162926
-0.146442
-0.130326
-0.11543
-0.102581
-0.0924016
-0.0851686
-0.0806944
-0.078229
