0.501595
0.448998
0.383019
0.31092
0.237919
0.167482
0.101626
0.0412899
-0.0133059
-0.0623757
-0.10636
-0.145793
-0.181217
-0.213145
-0.242039
-0.268307
-0.292306
-0.314345
-0.3347
-0.353608
-0.371289
-0.387934
-0.403697
-0.418688
-0.432967
-0.446454
-0.458814
-0.470015
-0.480119
-0.48914
-0.497044
-0.503745
-0.509102
-0.51292
-0.514945
-0.514858
-0.512264
-0.506677
-0.497498
-0.483992
-0.465263
-0.440227
-0.407581
-0.365735
-0.312733
-0.246309
-0.16404
-0.0635736
0.0568877
0.19565
0.339279
0.469319
0.579575
0.665372
0.723845
0.754551
0.76019
0.745498
0.712864
0.664469
0.603282
0.532465
0.455411
0.376077
0.551674
0.473321
0.387657
0.300639
0.216521
0.137865
0.0658746
0.000806067
-0.057659
-0.11013
-0.157321
-0.199934
-0.238613
-0.273917
-0.306321
-0.336226
-0.363971
-0.389844
-0.41409
-0.43692
-0.458523
-0.47905
-0.498602
-0.517218
-0.534863
-0.551138
-0.565356
-0.577575
-0.587981
-0.596678
-0.603694
-0.608985
-0.612447
-0.613917
-0.613172
-0.609926
-0.603819
-0.594401
-0.58111
-0.563263
-0.540028
-0.510401
-0.473155
-0.426775
-0.369437
-0.299095
-0.213616
-0.111076
0.0098336
0.148439
0.295567
0.436123
0.563103
0.669619
0.75013
0.802079
0.827737
0.830431
0.809996
0.768048
0.70747
0.630701
0.539169
0.433165
0.584615
0.478141
0.37108
0.268428
0.173323
0.0872338
0.0103887
-0.0577728
-0.118213
-0.172024
-0.220262
-0.263866
-0.303628
-0.340195
-0.374093
-0.405742
-0.435483
-0.463597
-0.490304
-0.515787
-0.540194
-0.563618
-0.586081
-0.607514
-0.627742
-0.645827
-0.660977
-0.673414
-0.683445
-0.691259
-0.696955
-0.700549
-0.701993
-0.701175
-0.697924
-0.692004
-0.6831
-0.670797
-0.654569
-0.633763
-0.607563
-0.574955
-0.534661
-0.485085
-0.424309
-0.350197
-0.260587
-0.153663
-0.0284759
0.113516
0.264385
0.410744
0.545525
0.660909
0.750541
0.812217
0.849294
0.863785
0.852702
0.816341
0.756372
0.673548
0.566919
0.434078
0.601319
0.466036
0.337679
0.220073
0.115046
0.0228209
-0.0574546
-0.127217
-0.188107
-0.241721
-0.289478
-0.332567
-0.371949
-0.408384
-0.442461
-0.474638
-0.505274
-0.53464
-0.562936
-0.590302
-0.616824
-0.642508
-0.667262
-0.690864
-0.712936
-0.731848
-0.747103
-0.759105
-0.76824
-0.774773
-0.778872
-0.780622
-0.780044
-0.777091
-0.771657
-0.763558
-0.752517
-0.738143
-0.719912
-0.697151
-0.668981
-0.634262
-0.591535
-0.53897
-0.474386
-0.395441
-0.299891
-0.1861
-0.0539589
0.0938307
0.249219
0.399447
0.536965
0.653704
0.744399
0.808712
0.851541
0.872376
0.865886
0.831062
0.768052
0.676015
0.552118
0.392292
0.602788
0.439393
0.290959
0.15989
0.0465158
-0.0503012
-0.132549
-0.202559
-0.262643
-0.314889
-0.361069
-0.402618
-0.440666
-0.476085
-0.509541
-0.541533
-0.572437
-0.602513
-0.631923
-0.660742
-0.688958
-0.716453
-0.742967
-0.768077
-0.791108
-0.809823
-0.824405
-0.835376
-0.843165
-0.848092
-0.850388
-0.850216
-0.84767
-0.842777
-0.835486
-0.825659
-0.813039
-0.79722
-0.777632
-0.753503
-0.723799
-0.687146
-0.641789
-0.58555
-0.515936
-0.430416
-0.326792
-0.204051
-0.0631309
0.0917257
0.251884
0.404363
0.540827
0.654124
0.74127
0.804051
0.848247
0.86954
0.861564
0.822487
0.751345
0.646304
0.50315
0.316571
0.590766
0.400929
0.234325
0.0916997
-0.0282542
-0.128102
-0.21098
-0.280093
-0.338398
-0.388443
-0.432325
-0.471705
-0.507875
-0.541815
-0.57426
-0.605752
-0.636671
-0.667252
-0.697591
-0.72766
-0.757301
-0.786212
-0.813914
-0.839724
-0.862287
-0.879908
-0.893143
-0.902554
-0.9086
-0.911645
-0.911985
-0.909864
-0.905451
-0.898836
-0.890005
-0.878838
-0.865062
-0.848211
-0.827587
-0.802241
-0.770894
-0.731845
-0.682961
-0.621678
-0.545236
-0.451027
-0.337358
-0.204041
-0.0535124
0.109082
0.273245
0.425858
0.558443
0.665635
0.746808
0.804482
0.845008
0.860344
0.844691
0.7957
0.711921
0.590958
0.427349
0.214322
0.56751
0.353525
0.171014
0.0188744
-0.105921
-0.207379
-0.289756
-0.357091
-0.412933
-0.460253
-0.501436
-0.538352
-0.572435
-0.604765
-0.63614
-0.667128
-0.698094
-0.729215
-0.760483
-0.791709
-0.822523
-0.852371
-0.880497
-0.90593
-0.92666
-0.942257
-0.953421
-0.960718
-0.964623
-0.965538
-0.963813
-0.95977
-0.95364
-0.945549
-0.935482
-0.923295
-0.908652
-0.890947
-0.869276
-0.84245
-0.808857
-0.766391
-0.712522
-0.644318
-0.558885
-0.453923
-0.328476
-0.183645
-0.0228498
0.147082
0.313423
0.463751
0.590296
0.689685
0.761902
0.80924
0.839127
0.842737
0.814518
0.751738
0.652527
0.513924
0.329846
0.0913681
0.535498
0.299997
0.103951
-0.055719
-0.183784
-0.285657
-0.366662
-0.431602
-0.48457
-0.528909
-0.567264
-0.601689
-0.633744
-0.664597
-0.695094
-0.725804
-0.757042
-0.788881
-0.821144
-0.853412
-0.885022
-0.915096
-0.942561
-0.966194
-0.983805
-0.996502
-1.0049
-1.00956
-1.01098
-1.00959
-1.00578
-0.99994
-0.992323
-0.983046
-0.972042
-0.959091
-0.943722
-0.925103
-0.902061
-0.873115
-0.836229
-0.788854
-0.728091
-0.650681
-0.554077
-0.436257
-0.297767
-0.139893
0.0312572
0.206183
0.371908
0.516985
0.63495
0.723125
0.780595
0.811416
0.824034
0.811072
0.766142
0.687438
0.57312
0.418644
0.215766
-0.0463066
0.497176
0.24292
0.0356552
-0.129734
-0.259731
-0.361084
-0.4401
-0.502279
-0.552196
-0.593523
-0.629137
-0.661255
-0.691552
-0.721264
-0.751256
-0.782059
-0.813888
-0.846639
-0.879894
-0.912914
-0.944657
-0.973856
-0.999128
-1.01888
-1.03261
-1.04174
-1.04683
-1.0485
-1.04726
-1.04357
-1.03783
-1.03046
-1.0217
-1.01158
-0.999918
-0.986372
-0.970245
-0.950407
-0.925342
-0.893256
-0.851578
-0.797348
-0.727316
-0.638357
-0.528255
-0.395188
-0.240438
-0.0696854
0.109281
0.285298
0.445891
0.581122
0.685584
0.756144
0.792392
0.802071
0.793134
0.76171
0.700946
0.608129
0.48045
0.311795
0.0919436
-0.191502
0.454782
0.184525
-0.0317922
-0.201314
-0.332157
-0.432303
-0.508948
-0.568212
-0.615092
-0.653556
-0.686688
-0.716851
-0.745814
-0.774854
-0.804814
-0.836133
-0.868849
-0.902598
-0.936619
-0.969766
-1.00056
-1.02734
-1.04858
-1.06291
-1.0721
-1.07714
-1.07862
-1.07719
-1.07339
-1.06764
-1.06032
-1.05186
-1.0424
-1.0318
-1.01967
-1.00554
-0.988392
-0.966665
-0.93856
-0.901825
-0.853287
-0.789666
-0.707468
-0.60218
-0.473558
-0.322891
-0.153316
0.0272893
0.208996
0.379952
0.528861
0.64778
0.73209
0.778617
0.789644
0.778111
0.74872
0.700199
0.624989
0.519727
0.380292
0.198944
-0.036076
-0.338011
0.41024
0.126658
-0.0967346
-0.269036
-0.399875
-0.498347
-0.572432
-0.628793
-0.672803
-0.70869
-0.739727
-0.768401
-0.796549
-0.825449
-0.855864
-0.888064
-0.921819
-0.956399
-0.990605
-1.02282
-1.05112
-1.07354
-1.08874
-1.09706
-1.1014
-1.10223
-1.10019
-1.09597
-1.09005
-1.08276
-1.07442
-1.06543
-1.05572
-1.04486
-1.03222
-1.01722
-0.998322
-0.973538
-0.940692
-0.896832
-0.83687
-0.75692
-0.656147
-0.532203
-0.385197
-0.218317
-0.0376841
0.146958
0.32408
0.481998
0.611563
0.707278
0.765047
0.783551
0.770893
0.738788
0.691983
0.628688
0.541198
0.425428
0.275923
0.0835755
-0.164298
-0.480823
0.365118
0.0707792
-0.157897
-0.331834
-0.46202
-0.558526
-0.630013
-0.683614
-0.725031
-0.758728
-0.78814
-0.815856
-0.843741
-0.873018
-0.904293
-0.937568
-0.972239
-1.0071
-1.04043
-1.07016
-1.09394
-1.10984
-1.11765
-1.12058
-1.12033
-1.11742
-1.11251
-1.10626
-1.099
-1.09088
-1.08218
-1.07314
-1.06337
-1.05204
-1.03844
-1.02149
-0.998944
-0.966275
-0.921444
-0.862847
-0.786748
-0.689654
-0.570329
-0.427818
-0.264316
-0.0854109
0.100301
0.281137
0.444781
0.581028
0.683983
0.750514
0.777463
0.769894
0.735611
0.685185
0.624548
0.549179
0.451791
0.327531
0.169758
-0.0316178
-0.289558
-0.616497
0.320637
0.0180001
-0.214333
-0.388933
-0.517973
-0.612354
-0.681315
-0.732389
-0.771566
-0.803517
-0.831816
-0.859115
-0.887262
-0.917354
-0.949742
-0.984053
-1.0192
-1.05339
-1.08444
-1.1099
-1.1273
-1.1354
-1.1362
-1.13448
-1.13052
-1.12482
-1.11811
-1.11084
-1.10304
-1.09462
-1.08582
-1.07655
-1.06575
-1.05093
-1.03015
-1.00428
-0.97103
-0.927218
-0.870045
-0.796874
-0.704129
-0.58943
-0.451951
-0.292776
-0.116563
0.0686383
0.251619
0.419291
0.559996
0.66679
0.737618
0.770634
0.769173
0.737771
0.685543
0.620502
0.549055
0.464311
0.359338
0.228542
0.0643078
-0.144073
-0.409197
-0.742793
0.27769
-0.0308753
-0.265367
-0.439786
-0.567299
-0.65949
-0.726068
-0.774903
-0.812234
-0.842906
-0.870602
-0.898
-0.926868
-0.958093
-0.991661
-1.02671
-1.06158
-1.09389
-1.12103
-1.14041
-1.14964
-1.14964
-1.14612
-1.1412
-1.13488
-1.12753
-1.11991
-1.11194
-1.10289
-1.09027
-1.07503
-1.05862
-1.04024
-1.01837
-0.991454
-0.958026
-0.915455
-0.860624
-0.790537
-0.702121
-0.592577
-0.460167
-0.305656
-0.132758
0.0511697
0.235125
0.405773
0.55002
0.659093
0.730853
0.766259
0.767357
0.739744
0.687692
0.620205
0.546576
0.467449
0.376116
0.265872
0.130437
-0.038556
-0.252116
-0.521456
-0.857001
0.236891
-0.0753085
-0.310552
-0.484033
-0.60971
-0.699697
-0.764072
-0.81098
-0.846866
-0.876722
-0.90431
-0.932287
-0.962274
-0.994842
-1.02948
-1.06477
-1.09842
-1.12751
-1.1494
-1.16153
-1.16228
-1.15619
-1.15002
-1.14277
-1.13307
-1.11757
-1.10102
-1.08435
-1.06748
-1.04995
-1.03159
-1.01209
-0.990099
-0.963962
-0.931667
-0.890929
-0.838881
-0.77221
-0.687649
-0.582646
-0.455062
-0.304927
-0.135448
0.0467022
0.230881
0.403495
0.55051
0.661232
0.73229
0.766512
0.766686
0.740832
0.691305
0.623923
0.546179
0.467109
0.382924
0.287347
0.173719
0.0351144
-0.137471
-0.354786
-0.626065
-0.954048
0.1986
-0.11499
-0.349637
-0.521471
-0.645031
-0.732815
-0.795169
-0.840452
-0.875282
-0.904766
-0.932713
-0.961701
-0.993122
-1.02709
-1.06246
-1.09722
-1.12836
-1.15241
-1.16698
-1.16923
-1.16079
-1.14327
-1.12404
-1.10463
-1.08546
-1.06663
-1.04845
-1.03083
-1.01334
-0.995371
-0.976329
-0.955108
-0.930047
-0.899115
-0.859759
-0.809469
-0.745155
-0.663485
-0.561778
-0.437991
-0.291718
-0.125473
0.0546153
0.238344
0.412122
0.561092
0.673018
0.742861
0.773455
0.770176
0.741957
0.693202
0.626374
0.54771
0.466574
0.384677
0.297849
0.200052
0.0844671
-0.0564545
-0.231955
-0.451275
-0.721084
-1.03571
0.162968
-0.149804
-0.382534
-0.55202
-0.673175
-0.758732
-0.819211
-0.863132
-0.897242
-0.92674
-0.955409
-0.985645
-1.01842
-1.0531
-1.08768
-1.11926
-1.14338
-1.1547
-1.15126
-1.13528
-1.11384
-1.09312
-1.07254
-1.05243
-1.03296
-1.01421
-0.996109
-0.978284
-0.960101
-0.940769
-0.919146
-0.893774
-0.862762
-0.823594
-0.773763
-0.710378
-0.630338
-0.530929
-0.40993
-0.266833
-0.103643
0.0741388
0.256769
0.430802
0.580884
0.693455
0.76181
0.788321
0.780507
0.746248
0.695539
0.628984
0.550104
0.467011
0.385074
0.302376
0.214692
0.115974
-0.000892153
-0.143905
-0.32185
-0.541745
-0.801574
-1.09403
0.129972
-0.179797
-0.409289
-0.575701
-0.694117
-0.777359
-0.836038
-0.878759
-0.912349
-0.942002
-0.971284
-1.00214
-1.03461
-1.06648
-1.09372
-1.11475
-1.12717
-1.1284
-1.11625
-1.09365
-1.0691
-1.04601
-1.02384
-1.00262
-0.982335
-0.962818
-0.943671
-0.924249
-0.903719
-0.880858
-0.854192
-0.822045
-0.782
-0.731696
-0.668245
-0.58875
-0.490635
-0.371666
-0.231096
-0.0707077
0.104507
0.285334
0.458668
0.608795
0.721241
0.787753
0.809817
0.79593
0.754777
0.699037
0.631153
0.552024
0.467582
0.38509
0.304098
0.222165
0.134814
0.0357647
-0.0823306
-0.227387
-0.406732
-0.622725
-0.867206
-1.13261
0.0994432
-0.205154
-0.430063
-0.592615
-0.707872
-0.788622
-0.845445
-0.886958
-0.919935
-0.949086
-0.976822
-1.00504
-1.034
-1.06204
-1.08584
-1.10195
-1.1075
-1.1
-1.07826
-1.04925
-1.02229
-0.997092
-0.973216
-0.950551
-0.928848
-0.907659
-0.886278
-0.86383
-0.839099
-0.810553
-0.776585
-0.734922
-0.683353
-0.619114
-0.539384
-0.441741
-0.324079
-0.185616
-0.0278085
0.144633
0.322956
0.494509
0.64361
0.755175
0.81959
0.83762
0.81744
0.769639
0.706484
0.634393
0.553568
0.467901
0.384824
0.304549
0.225798
0.1456
0.0590338
-0.0404603
-0.160259
-0.307447
-0.486718
-0.691373
-0.913104
-1.15052
0.0710852
-0.226179
-0.445099
-0.602893
-0.714443
-0.791981
-0.845907
-0.884859
-0.915782
-0.943768
-0.971716
-1.00051
-1.02927
-1.05545
-1.07529
-1.08509
-1.08195
-1.06359
-1.0331
-1.00073
-0.971178
-0.943699
-0.917798
-0.893147
-0.869228
-0.845292
-0.820385
-0.793284
-0.76244
-0.726254
-0.682525
-0.629178
-0.563578
-0.483086
-0.385348
-0.268427
-0.131626
0.0236565
0.193074
0.368214
0.53686
0.683498
0.793064
0.855263
0.869591
0.844111
0.790392
0.719456
0.640921
0.555856
0.468279
0.384228
0.304111
0.227185
0.15146
0.0732976
-0.0126975
-0.113214
-0.235143
-0.383919
-0.55681
-0.744163
-0.940899
-1.14972
0.0445049
-0.243145
-0.454138
-0.605323
-0.711392
-0.784933
-0.836462
-0.874551
-0.905883
-0.935136
-0.964672
-0.994521
-1.02279
-1.04614
-1.06049
-1.0621
-1.04818
-1.01829
-0.980752
-0.945583
-0.91347
-0.883556
-0.855246
-0.827968
-0.800934
-0.773138
-0.743323
-0.709915
-0.671304
-0.625329
-0.56997
-0.502711
-0.42108
-0.322895
-0.206344
-0.0709118
0.0819701
0.248031
0.419315
0.583979
0.726937
0.833146
0.892155
0.902928
0.873472
0.815265
0.737284
0.65162
0.560294
0.469523
0.383612
0.302943
0.226928
0.154062
0.0815644
0.00509859
-0.0810429
-0.18328
-0.307267
-0.454701
-0.615152
-0.780587
-0.951457
-1.13189
0.0194155
-0.256007
-0.457283
-0.601103
-0.701979
-0.772354
-0.822593
-0.861007
-0.893846
-0.925154
-0.956484
-0.986866
-1.01338
-1.03198
-1.03851
-1.02949
-1.00257
-0.962432
-0.920989
-0.882959
-0.84809
-0.815429
-0.784211
-0.753608
-0.722571
-0.689814
-0.653729
-0.612642
-0.564427
-0.507055
-0.438083
-0.355164
-0.256285
-0.139879
-0.00560416
0.144928
0.307446
0.474174
0.633794
0.771766
0.873405
0.928604
0.935977
0.902717
0.841166
0.759376
0.667324
0.56842
0.473123
0.384024
0.301677
0.225537
0.154271
0.0855984
0.0159167
-0.0596964
-0.147051
-0.251832
-0.377343
-0.516075
-0.657997
-0.800842
-0.945958
-1.09877
-0.00490391
-0.266235
-0.456791
-0.592937
-0.688846
-0.756633
-0.806339
-0.845867
-0.880848
-0.914455
-0.947175
-0.976906
-0.999767
-1.01128
-1.00741
-0.98499
-0.944894
-0.897654
-0.853054
-0.812261
-0.774585
-0.738972
-0.704465
-0.669971
-0.634164
-0.595407
-0.551929
-0.501603
-0.44235
-0.371758
-0.287568
-0.187895
-0.0714344
0.061841
0.210114
0.368927
0.530656
0.684243
0.815903
0.911609
0.962177
0.96642
0.930999
0.866902
0.783171
0.684202
0.580309
0.480156
0.386677
0.301299
0.223734
0.15277
0.0863823
0.0214906
-0.0462408
-0.122101
-0.211688
-0.319239
-0.44082
-0.565305
-0.687232
-0.806885
-0.926563
-1.05264
-0.0294571
-0.275142
-0.454185
-0.582441
-0.673603
-0.739317
-0.789127
-0.830325
-0.867693
-0.903275
-0.936273
-0.963428
-0.980132
-0.981837
-0.964915
-0.927147
-0.875914
-0.824848
-0.777603
-0.734273
-0.693896
-0.655296
-0.61727
-0.578433
-0.537102
-0.491395
-0.439149
-0.378199
-0.306133
-0.220738
-0.120249
-0.00359837
0.12889
0.275025
0.430087
0.586424
0.733345
0.857567
0.946208
0.991029
0.991735
0.955159
0.890726
0.806822
0.702898
0.59602
0.491244
0.392858
0.303089
0.222599
0.150446
0.0848059
0.0229312
-0.0390385
-0.105961
-0.183193
-0.2756
-0.383732
-0.495867
-0.602619
-0.703856
-0.800314
-0.895226
-0.995601
-0.0551436
-0.283856
-0.450759
-0.571025
-0.657719
-0.72186
-0.772311
-0.815508
-0.855115
-0.891792
-0.92333
-0.945395
-0.952963
-0.941754
-0.908721
-0.85693
-0.799708
-0.745923
-0.696549
-0.651046
-0.608219
-0.566678
-0.524915
-0.481167
-0.43342
-0.379454
-0.316984
-0.24357
-0.157029
-0.0556847
0.0612613
0.19316
0.33739
0.488804
0.639598
0.779181
0.895351
0.975928
1.01451
1.01159
0.973653
0.909534
0.82337
0.722408
0.614655
0.506362
0.402955
0.308125
0.223351
0.148486
0.0819769
0.0213863
-0.0367419
-0.0969294
-0.164396
-0.244381
-0.339862
-0.442441
-0.539804
-0.628523
-0.709059
-0.782849
-0.853956
-0.929724
-0.0828204
-0.293474
-0.447791
-0.560096
-0.64266
-0.705701
-0.757165
-0.802355
-0.843523
-0.879757
-0.90746
-0.921516
-0.917028
-0.890391
-0.840292
-0.778163
-0.718296
-0.663025
-0.612305
-0.565176
-0.52018
-0.475637
-0.429649
-0.380054
-0.324539
-0.260691
-0.186014
-0.0983441
0.00391061
0.121284
0.252769
0.395319
0.543309
0.688671
0.820853
0.9283
1.00041
1.03192
1.02526
0.987115
0.924302
0.838739
0.741171
0.634686
0.524636
0.417054
0.316949
0.227122
0.148187
0.0792386
0.018166
-0.038057
-0.0935
-0.153145
-0.222388
-0.305974
-0.40093
-0.493432
-0.574751
-0.645013
-0.704976
-0.756785
-0.805096
-0.857258
-0.113319
-0.305097
-0.446576
-0.55107
-0.629886
-0.692226
-0.744853
-0.79162
-0.833087
-0.86666
-0.887501
-0.890197
-0.870386
-0.825642
-0.762351
-0.696504
-0.635373
-0.579418
-0.527887
-0.479395
-0.432134
-0.384019
-0.332713
-0.275769
-0.210634
-0.134736
-0.0459132
0.05734
0.175269
0.306536
0.447607
0.592398
0.732523
0.857481
0.95604
1.01967
1.04441
1.03359
0.994961
0.932816
0.851684
0.757874
0.654112
0.544252
0.434238
0.329653
0.234572
0.150772
0.0780476
0.0148569
-0.0413917
-0.0942497
-0.148299
-0.208804
-0.281035
-0.367854
-0.457532
-0.536321
-0.601413
-0.653372
-0.693376
-0.724202
-0.750849
-0.780325
-0.147433
-0.319817
-0.44841
-0.545361
-0.620814
-0.682708
-0.736312
-0.78371
-0.823586
-0.851713
-0.862463
-0.850697
-0.81302
-0.751569
-0.680964
-0.614238
-0.553193
-0.497304
-0.445273
-0.395268
-0.345053
-0.29209
-0.233773
-0.167387
-0.0902704
-0.000250401
0.104096
0.222723
0.353954
0.49377
0.635606
0.770679
0.888791
0.978884
1.03379
1.05214
1.03863
1.00008
0.938946
0.86199
0.772611
0.672269
0.564191
0.453389
0.345721
0.245944
0.156992
0.0796467
0.0129956
-0.0450133
-0.09738
-0.148072
-0.201988
-0.264531
-0.340798
-0.427274
-0.507675
-0.572311
-0.621293
-0.655436
-0.67639
-0.687407
-0.69355
-0.701091
-0.185894
-0.338685
-0.454552
-0.544308
-0.616716
-0.678157
-0.732064
-0.778467
-0.814101
-0.833478
-0.830865
-0.802024
-0.745417
-0.672279
-0.600407
-0.534303
-0.474022
-0.418354
-0.365464
-0.31303
-0.25834
-0.198605
-0.130937
-0.052559
0.0387294
0.14427
0.263735
0.39514
0.533874
0.673104
0.803495
0.914794
0.997181
1.04442
1.05675
1.04071
1.00162
0.942739
0.86979
0.78498
0.688797
0.583507
0.473567
0.364317
0.260969
0.167232
0.084906
0.0139061
-0.0472428
-0.100979
-0.150623
-0.20046
-0.255586
-0.321269
-0.401407
-0.483466
-0.55183
-0.602403
-0.635746
-0.65294
-0.656069
-0.648646
-0.635468
-0.621649
-0.229341
-0.362676
-0.466175
-0.54913
-0.618668
-0.679281
-0.732238
-0.775346
-0.803564
-0.810691
-0.791445
-0.742933
-0.671254
-0.594602
-0.523368
-0.458465
-0.398914
-0.342872
-0.287958
-0.231323
-0.170004
-0.100926
-0.0211788
0.0714855
0.178349
0.298823
0.430613
0.568574
0.705318
0.831678
0.937035
1.01202
1.05229
1.05953
1.04166
1.0018
0.945161
0.875895
0.795533
0.703656
0.601882
0.493884
0.384563
0.278956
0.181306
0.094211
0.0184578
-0.0467406
-0.103281
-0.153879
-0.202076
-0.2523
-0.309584
-0.37909
-0.46046
-0.535182
-0.591149
-0.627994
-0.646424
-0.647817
-0.634569
-0.610197
-0.578855
-0.544043
-0.278289
-0.392639
-0.48429
-0.560796
-0.627348
-0.686217
-0.736268
-0.773135
-0.790497
-0.782062
-0.743573
-0.6762
-0.596097
-0.520091
-0.450532
-0.386873
-0.327386
-0.269667
-0.210772
-0.147599
-0.0768893
0.00441252
0.0986262
0.206982
0.328696
0.461147
0.59861
0.733469
0.855954
0.955908
1.02472
1.05914
1.06306
1.04317
1.0025
0.947427
0.88136
0.805075
0.71742
0.61936
0.514042
0.405752
0.299212
0.198742
0.107511
0.0270719
-0.0426301
-0.102914
-0.155969
-0.204676
-0.252672
-0.304438
-0.36495
-0.438905
-0.517179
-0.581949
-0.62608
-0.650006
-0.654667
-0.641756
-0.613841
-0.57415
-0.525775
-0.470165
-0.333093
-0.429232
-0.509658
-0.579927
-0.64297
-0.698524
-0.742931
-0.769915
-0.772549
-0.745327
-0.685874
-0.605436
-0.524822
-0.450472
-0.3824
-0.319065
-0.258116
-0.196543
-0.131134
-0.0584686
0.0246695
0.12068
0.2308
0.354031
0.487522
0.624945
0.7583
0.877659
0.972756
1.03614
1.06566
1.06648
1.04451
1.00379
0.950092
0.88681
0.814169
0.730477
0.63611
0.533812
0.427334
0.320963
0.218847
0.124394
0.0397266
-0.0345114
-0.0990269
-0.155513
-0.206329
-0.254415
-0.303401
-0.357621
-0.421643
-0.498684
-0.571618
-0.625514
-0.658109
-0.66991
-0.66207
-0.636519
-0.595782
-0.542454
-0.478114
-0.401751
-0.393918
-0.472872
-0.542715
-0.606698
-0.665167
-0.715122
-0.750504
-0.763728
-0.747992
-0.698942
-0.622034
-0.537518
-0.458286
-0.385546
-0.317983
-0.253344
-0.188623
-0.12053
-0.0455002
0.0398351
0.137989
0.25021
0.375384
0.510359
0.648281
0.780872
0.897727
0.988781
1.04699
1.07265
1.07192
1.04823
1.00751
0.95476
0.893677
0.824049
0.743697
0.652683
0.553331
0.44903
0.343579
0.24084
0.144174
0.0560228
-0.0224273
-0.0912753
-0.151703
-0.205635
-0.255486
-0.304135
-0.355039
-0.412248
-0.480142
-0.556744
-0.622146
-0.665883
-0.687815
-0.688662
-0.66988
-0.633569
-0.581992
-0.516749
-0.437447
-0.340283
-0.460697
-0.523633
-0.583396
-0.640595
-0.692734
-0.734083
-0.756669
-0.752426
-0.715084
-0.644384
-0.557279
-0.473606
-0.396119
-0.324086
-0.255388
-0.187077
-0.115843
-0.0380108
0.04993
0.150628
0.26538
0.393001
0.530063
0.669216
0.801857
0.917034
1.00454
1.05901
1.08145
1.07998
1.05521
1.01443
0.962596
0.90308
0.835693
0.757929
0.669636
0.572898
0.470741
0.366614
0.263985
0.166036
0.0752631
-0.00680204
-0.0797622
-0.144281
-0.201855
-0.254509
-0.304597
-0.35481
-0.408361
-0.469001
-0.540583
-0.613258
-0.669768
-0.703899
-0.716063
-0.707251
-0.679233
-0.634157
-0.57378
-0.498315
-0.404981
-0.286935
-0.533108
-0.581228
-0.631156
-0.680523
-0.723832
-0.752845
-0.758375
-0.7327
-0.671371
-0.584814
-0.496773
-0.414396
-0.337571
-0.264437
-0.192103
-0.117273
-0.0361957
0.0547785
0.158443
0.276205
0.406834
0.546665
0.687996
0.821578
0.935934
1.02111
1.07243
1.09297
1.0895
1.06435
1.02415
0.973386
0.915411
0.849629
0.773687
0.687392
0.592724
0.492453
0.389714
0.287644
0.189132
0.0965752
0.0116265
-0.064973
-0.133442
-0.194836
-0.250823
-0.303409
-0.354777
-0.407339
-0.463931
-0.527753
-0.601507
-0.668389
-0.715518
-0.740463
-0.743728
-0.726599
-0.691105
-0.639288
-0.572111
-0.488022
-0.3815
-0.242516
-0.610569
-0.644944
-0.684849
-0.724676
-0.755984
-0.768628
-0.75299
-0.702242
-0.620091
-0.528072
-0.44055
-0.358644
-0.280715
-0.203976
-0.125143
-0.0404184
0.0539799
0.161015
0.282231
0.416455
0.559786
0.704275
0.839925
0.954618
1.03844
1.08757
1.1063
1.1017
1.07627
1.03664
0.987121
0.930603
0.866011
0.79115
0.706111
0.612856
0.514045
0.412549
0.311218
0.212639
0.119
0.0319129
-0.0477136
-0.119765
-0.184897
-0.244403
-0.300002
-0.353576
-0.407034
-0.462384
-0.521943
-0.588455
-0.661156
-0.720976
-0.759303
-0.775818
-0.771257
-0.747284
-0.706141
-0.64959
-0.577513
-0.486258
-0.367301
-0.207402
-0.692141
-0.713485
-0.742554
-0.770409
-0.786151
-0.778521
-0.738028
-0.662136
-0.566983
-0.474397
-0.387133
-0.304138
-0.222689
-0.139534
-0.0508476
0.0472722
0.157988
0.283021
0.421326
0.568892
0.717531
0.856473
0.972973
1.05652
1.10425
1.12175
1.11644
1.09117
1.0521
1.00364
0.948444
0.884579
0.810143
0.725629
0.63312
0.535239
0.43471
0.334111
0.235754
0.141559
0.052998
-0.029006
-0.104138
-0.172727
-0.235707
-0.294486
-0.350733
-0.406116
-0.462159
-0.52038
-0.582652
-0.651331
-0.719415
-0.771146
-0.801265
-0.81016
-0.798927
-0.769653
-0.724691
-0.665324
-0.590077
-0.492919
-0.362195
-0.181531
-0.776638
-0.785186
-0.801877
-0.814599
-0.810665
-0.778688
-0.71082
-0.614818
-0.516699
-0.423517
-0.334916
-0.24836
-0.160543
-0.067608
0.034468
0.149074
0.278172
0.42094
0.573336
0.727098
0.870575
0.990338
1.07489
1.1221
1.13898
1.13352
1.10858
1.0703
1.02276
0.968552
0.904835
0.830135
0.745441
0.653027
0.555547
0.455633
0.355661
0.257661
0.163282
0.0737799
-0.00999717
-0.0876577
-0.159299
-0.225533
-0.287449
-0.346482
-0.40418
-0.461902
-0.5207
-0.581569
-0.645852
-0.715193
-0.776528
-0.8196
-0.841793
-0.843742
-0.82696
-0.793898
-0.746865
-0.686426
-0.609482
-0.507457
-0.365546
-0.16442
-0.862555
-0.857887
-0.859976
-0.854063
-0.826515
-0.766268
-0.673282
-0.568749
-0.468603
-0.373546
-0.281233
-0.188307
-0.0907975
0.0154527
0.134081
0.267365
0.414836
0.572513
0.732219
0.881552
1.00612
1.09318
1.14081
1.15756
1.15256
1.12837
1.09093
1.04425
0.990277
0.926051
0.850381
0.764811
0.671862
0.57427
0.474615
0.375105
0.277509
0.183191
0.0931637
0.00812646
-0.0715298
-0.145762
-0.21492
-0.279782
-0.341523
-0.401557
-0.461236
-0.521517
-0.582893
-0.645755
-0.710812
-0.77819
-0.831736
-0.866074
-0.880692
-0.876443
-0.855296
-0.819961
-0.772494
-0.712491
-0.63503
-0.528909
-0.376299
-0.155187
-0.947932
-0.928826
-0.913529
-0.885713
-0.831391
-0.742504
-0.631221
-0.523125
-0.420526
-0.321601
-0.222946
-0.120467
-0.00980778
0.112938
0.250407
0.402647
0.565911
0.732149
0.888501
1.01954
1.11099
1.16008
1.17719
1.17315
1.15001
1.11357
1.06754
1.01305
0.947364
0.869977
0.782847
0.688753
0.590566
0.490832
0.391606
0.294412
0.200322
0.110082
0.0242086
-0.0569687
-0.133328
-0.20502
-0.272546
-0.336801
-0.399022
-0.460555
-0.522471
-0.585203
-0.648578
-0.712367
-0.776939
-0.838405
-0.883509
-0.90962
-0.917288
-0.907798
-0.883606
-0.847524
-0.801112
-0.742779
-0.665643
-0.555938
-0.393039
-0.152603
-1.03078
-0.995256
-0.959187
-0.905396
-0.821192
-0.707629
-0.589344
-0.477363
-0.370349
-0.264936
-0.156812
-0.0413776
0.0856239
0.227261
0.384148
0.553089
0.726256
0.890589
1.02958
1.12745
1.17952
1.19784
1.19524
1.17326
1.13768
1.092
1.03601
0.967876
0.88794
0.798557
0.702743
0.603504
0.503383
0.404278
0.307463
0.213719
0.123511
0.0371501
-0.045131
-0.12318
-0.196999
-0.26685
-0.333357
-0.397538
-0.460675
-0.523979
-0.588103
-0.652812
-0.717217
-0.780569
-0.842945
-0.895754
-0.931656
-0.949729
-0.951025
-0.937337
-0.911469
-0.876078
-0.831983
-0.776215
-0.699911
-0.586892
-0.414069
-0.155186
-1.10871
-1.05444
-0.994342
-0.911442
-0.798885
-0.669111
-0.54555
-0.428599
-0.314974
-0.200209
-0.0793902
0.0521127
0.197931
0.359292
0.53375
0.713911
0.886992
1.03537
1.1418
1.19899
1.21946
1.21919
1.19823
1.16301
1.11696
1.05834
0.986655
0.903273
0.810927
0.71285
0.612152
0.511365
0.412236
0.315777
0.222469
0.132494
0.0459412
-0.0370746
-0.116405
-0.191944
-0.263755
-0.332213
-0.398096
-0.462554
-0.526873
-0.591996
-0.657975
-0.723771
-0.78778
-0.848815
-0.906576
-0.949124
-0.975354
-0.985607
-0.981238
-0.964521
-0.938344
-0.904919
-0.864105
-0.811448
-0.736165
-0.619915
-0.437535
-0.161312
-1.17914
-1.10288
-1.0157
-0.903084
-0.76526
-0.627591
-0.498154
-0.374298
-0.251392
-0.124203
0.0123268
0.162424
0.328127
0.507793
0.694812
0.876852
1.03601
1.1529
1.21769
1.24134
1.24483
1.22511
1.18957
1.14167
1.0792
1.0029
0.915099
0.819035
0.718166
0.615654
0.513972
0.414694
0.31857
0.225774
0.136199
0.0497115
-0.0337075
-0.113938
-0.190801
-0.264201
-0.33429
-0.401607
-0.467121
-0.532098
-0.597707
-0.664417
-0.731463
-0.796907
-0.858504
-0.91482
-0.963843
-0.995962
-1.01289
-1.016
-1.00707
-0.988698
-0.963551
-0.933151
-0.896256
-0.846922
-0.77259
-0.653067
-0.461541
-0.169328
-1.23994
-1.13873
-1.02169
-0.880993
-0.72647
-0.581555
-0.444775
-0.311638
-0.176583
-0.0340796
0.12068
0.290664
0.475181
0.668755
0.859498
1.03025
1.15958
1.23481
1.26366
1.26975
1.25196
1.21586
1.16435
1.09712
1.01554
0.922586
0.822105
0.717924
0.613273
0.510505
0.410984
0.315178
0.222959
0.133935
0.0477432
-0.0357737
-0.116545
-0.19435
-0.268967
-0.340362
-0.408846
-0.47518
-0.540526
-0.606162
-0.672931
-0.740556
-0.807264
-0.870245
-0.926877
-0.976028
-1.0132
-1.0347
-1.04302
-1.04004
-1.02798
-1.0094
-0.986464
-0.959829
-0.927139
-0.881021
-0.807361
-0.684445
-0.484262
-0.177654
-1.28796
-1.15918
-1.01224
-0.846071
-0.681985
-0.529039
-0.382892
-0.237859
-0.0879253
0.072343
0.246789
0.435909
0.635479
0.834718
1.01692
1.16039
1.24828
1.28542
1.29404
1.27852
1.24108
1.18475
1.11139
1.02364
0.924943
0.819539
0.711624
0.604556
0.500543
0.400697
0.305192
0.213594
0.125238
0.0395412
-0.0438035
-0.124787
-0.203172
-0.27865
-0.351031
-0.420424
-0.487372
-0.552868
-0.618183
-0.68441
-0.751771
-0.81897
-0.883165
-0.940931
-0.989751
-1.02945
-1.05355
-1.06475
-1.06551
-1.05787
-1.0442
-1.02666
-1.00674
-0.984167
-0.955543
-0.912215
-0.838754
-0.712275
-0.504013
-0.18484
-1.32206
-1.16404
-0.989254
-0.802915
-0.630097
-0.467723
-0.309961
-0.150536
0.0165956
0.196132
0.389848
0.5948
0.801979
0.995198
1.15345
1.25648
1.30399
1.31711
1.3045
1.26468
1.20246
1.12198
1.02695
0.921761
0.811036
0.699106
0.589391
0.483983
0.383717
0.288467
0.197501
0.10989
0.0248427
-0.0580991
-0.139007
-0.217648
-0.293656
-0.366721
-0.436778
-0.504154
-0.569638
-0.634391
-0.699613
-0.765919
-0.832592
-0.897167
-0.95595
-1.00542
-1.04366
-1.07114
-1.08353
-1.08601
-1.08092
-1.07039
-1.05652
-1.04088
-1.02425
-1.00551
-0.980365
-0.939063
-0.865142
-0.734902
-0.519257
-0.189587
-1.33882
-1.14998
-0.950413
-0.752461
-0.569696
-0.3958
-0.224086
-0.0480636
0.13776
0.336405
0.546529
0.760601
0.964336
1.13681
1.25708
1.31726
1.33607
1.32794
1.28426
1.21582
1.12802
1.02529
0.913076
0.796694
0.6806
0.568107
0.461164
0.360356
0.265261
0.174873
0.0880175
0.0037027
-0.0786761
-0.159283
-0.237916
-0.314173
-0.387657
-0.458151
-0.525785
-0.591124
-0.655148
-0.719033
-0.783643
-0.848794
-0.912629
-0.97167
-1.02191
-1.06035
-1.08657
-1.10117
-1.10426
-1.10027
-1.09124
-1.07938
-1.06615
-1.05258
-1.03872
-1.02279
-0.999866
-0.959414
-0.884227
-0.750151
-0.528187
-0.190572
-1.33878
-1.12268
-0.899351
-0.691884
-0.49824
-0.31112
-0.123666
0.0702539
0.274651
0.489923
0.710296
0.923191
1.10926
1.2466
1.32296
1.34857
1.34435
1.29843
1.22383
1.12857
1.0184
0.899294
0.77719
0.656875
0.541549
0.432942
0.331421
0.236303
0.146341
0.060148
-0.0234549
-0.105212
-0.185387
-0.263828
-0.340127
-0.413814
-0.484553
-0.552288
-0.61736
-0.680528
-0.742844
-0.805281
-0.868087
-0.930075
-0.988333
-1.03889
-1.07817
-1.10455
-1.11993
-1.12339
-1.11959
-1.11103
-1.0982
-1.08428
-1.0704
-1.05732
-1.04486
-1.03076
-1.00918
-0.968936
-0.892349
-0.755143
-0.528728
-0.186406
-1.31901
-1.07792
-0.839544
-0.621389
-0.415116
-0.213093
-0.00869716
0.203053
0.423755
0.649992
0.870738
1.06895
1.22279
1.31642
1.35293
1.34934
1.3046
1.22555
1.12372
1.00658
0.881161
0.753688
0.629235
0.511061
0.400669
0.298213
0.202812
0.113015
0.0272646
-0.0557728
-0.13698
-0.216715
-0.294892
-0.371113
-0.444863
-0.515698
-0.583399
-0.648088
-0.710287
-0.770871
-0.830818
-0.890689
-0.949931
-1.00641
-1.05661
-1.09694
-1.12473
-1.13962
-1.14533
-1.13707
-1.12381
-1.10876
-1.09332
-1.07834
-1.06459
-1.05256
-1.04164
-1.02908
-1.00845
-0.968049
-0.889968
-0.750116
-0.520734
-0.176623
-1.28044
-1.01755
-0.768838
-0.539301
-0.319342
-0.101673
0.119344
0.346601
0.578285
0.806011
1.01414
1.18328
1.29428
1.34395
1.34421
1.30257
1.22036
1.11345
0.990499
0.859589
0.727501
0.599322
0.478387
0.36613
0.262503
0.166489
0.0764996
-0.0091541
-0.0919169
-0.172787
-0.252223
-0.330195
-0.406334
-0.480095
-0.550941
-0.618507
-0.682713
-0.743853
-0.802606
-0.859892
-0.916489
-0.972408
-1.02632
-1.07541
-1.116
-1.1445
-1.15646
-1.15395
-1.14613
-1.13148
-1.11401
-1.0962
-1.0792
-1.06369
-1.05028
-1.03917
-1.0294
-1.01777
-0.997367
-0.956207
-0.876365
-0.73429
-0.503454
-0.160557
-1.22699
-0.94397
-0.686382
-0.445188
-0.211367
0.0212261
0.256361
0.493845
0.72737
0.94387
1.12499
1.25296
1.31853
1.32533
1.28941
1.20682
1.09693
0.970338
0.835562
0.699959
0.568832
0.445473
0.331363
0.226387
0.129419
0.0388206
-0.0471729
-0.130081
-0.210973
-0.290391
-0.368368
-0.444551
-0.518378
-0.589238
-0.656631
-0.720305
-0.780349
-0.837264
-0.891884
-0.945116
-0.997359
-1.04778
-1.09389
-1.13111
-1.15466
-1.16591
-1.16484
-1.15355
-1.13742
-1.11748
-1.09652
-1.07643
-1.05806
-1.04198
-1.02858
-1.0178
-1.00833
-0.996591
-0.975379
-0.932613
-0.850654
-0.706805
-0.476136
-0.137594
-1.15403
-0.860183
-0.593356
-0.340499
-0.0938454
0.150875
0.394723
0.633437
0.856448
1.04781
1.18926
1.27018
1.29049
1.26014
1.18432
1.07419
0.946547
0.810129
0.6725
0.539399
0.414228
0.298468
0.192077
0.0939037
0.00229401
-0.0845071
-0.16805
-0.24944
-0.329257
-0.407582
-0.484081
-0.558164
-0.629156
-0.696448
-0.759645
-0.818674
-0.873877
-0.925962
-0.975776
-1.02362
-1.06869
-1.10696
-1.13744
-1.15998
-1.17222
-1.17282
-1.16166
-1.1427
-1.12031
-1.09596
-1.07201
-1.04981
-1.03002
-1.01303
-0.999054
-0.987756
-0.977519
-0.964505
-0.941364
-0.896162
-0.811809
-0.666784
-0.438087
-0.107206
-1.06517
-0.765482
-0.490483
-0.227702
0.0284229
0.279516
0.523244
0.751032
0.949493
1.10348
1.19859
1.23609
1.2187
1.15424
1.04641
0.919669
0.78381
0.646119
0.51237
0.386265
0.269364
0.161701
0.0622382
-0.030652
-0.118675
-0.203338
-0.285745
-0.366478
-0.445622
-0.522847
-0.597531
-0.668931
-0.736362
-0.799295
-0.857558
-0.911258
-0.960889
-1.00672
-1.04833
-1.0834
-1.11446
-1.14149
-1.16251
-1.17546
-1.17815
-1.16947
-1.14891
-1.12259
-1.09501
-1.06688
-1.0401
-1.01571
-0.994179
-0.975751
-0.960456
-0.947676
-0.935592
-0.920162
-0.89408
-0.845746
-0.758899
-0.613502
-0.388795
-0.0690286
-0.963914
-0.661386
-0.380613
-0.11181
0.147605
0.396235
0.628231
0.831706
0.993689
1.10456
1.16167
1.16259
1.11089
1.01355
0.890556
0.757443
0.62174
0.488992
0.36304
0.245734
0.137215
0.0365867
-0.0576524
-0.14715
-0.233333
-0.317245
-0.399443
-0.479974
-0.558473
-0.634269
-0.706563
-0.774564
-0.837677
-0.895512
-0.947868
-0.994619
-1.03384
-1.06611
-1.09478
-1.12078
-1.14389
-1.16291
-1.17565
-1.17974
-1.17305
-1.15421
-1.125
-1.09307
-1.06085
-1.02915
-0.999523
-0.972691
-0.948972
-0.9285
-0.911078
-0.895929
-0.881002
-0.8622
-0.832366
-0.780442
-0.691248
-0.54653
-0.328043
-0.0229523
-0.853279
-0.551117
-0.268768
-0.000338328
0.253774
0.488781
0.696509
0.866102
0.992221
1.06842
1.09101
1.05939
0.978738
0.861455
0.732707
0.600531
0.470365
0.345858
0.229043
0.120313
0.0188967
-0.0765388
-0.16753
-0.255443
-0.341237
-0.425401
-0.507926
-0.588363
-0.665963
-0.739845
-0.809077
-0.872942
-0.930524
-0.981094
-1.02116
-1.05346
-1.08071
-1.10438
-1.12568
-1.14482
-1.16103
-1.17263
-1.17721
-1.17227
-1.15578
-1.12644
-1.08942
-1.05254
-1.01611
-0.981025
-0.948443
-0.918879
-0.892548
-0.869421
-0.8492
-0.830888
-0.812332
-0.789435
-0.755325
-0.699663
-0.608588
-0.465892
-0.256059
0.0307632
-0.736541
-0.439109
-0.161443
0.0984158
0.337195
0.548174
0.726057
0.865719
0.960213
1.00473
0.996872
0.937333
0.834072
0.711258
0.584076
0.457823
0.336034
0.220711
0.112502
0.0108667
-0.0853963
-0.177673
-0.267263
-0.355099
-0.441598
-0.526669
-0.609765
-0.690015
-0.766308
-0.837614
-0.902436
-0.958606
-1.00314
-1.03895
-1.06786
-1.09139
-1.11115
-1.12831
-1.14362
-1.15675
-1.16635
-1.17029
-1.16582
-1.15056
-1.12274
-1.08357
-1.04089
-0.999398
-0.95907
-0.920668
-0.885035
-0.852523
-0.823203
-0.796986
-0.773396
-0.751338
-0.728584
-0.701148
-0.662569
-0.603395
-0.511283
-0.372269
-0.1737
0.091336
-0.61725
-0.330309
-0.0647299
0.178126
0.393936
0.579849
0.730254
0.84078
0.906008
0.922565
0.889534
0.809682
0.695288
0.574093
0.452839
0.334856
0.222057
0.115176
0.0139496
-0.0826173
-0.175789
-0.266764
-0.356489
-0.44542
-0.533429
-0.619865
-0.703593
-0.783217
-0.856829
-0.92045
-0.972129
-1.01437
-1.04835
-1.07532
-1.09658
-1.11355
-1.1276
-1.13952
-1.14939
-1.15622
-1.15819
-1.15297
-1.13804
-1.11152
-1.07202
-1.02486
-0.977487
-0.931984
-0.888196
-0.846713
-0.808114
-0.772573
-0.740104
-0.710484
-0.683159
-0.656951
-0.629663
-0.597524
-0.554625
-0.492554
-0.400633
-0.267267
-0.0826695
0.157289
-0.498889
-0.228797
0.0181322
0.239311
0.431171
0.590738
0.713693
0.796878
0.836467
0.830517
0.778548
0.684769
0.571281
0.456349
0.34338
0.23421
0.129598
0.0294822
-0.0668356
-0.16042
-0.252357
-0.343565
-0.434652
-0.52564
-0.615783
-0.703611
-0.786575
-0.859321
-0.920224
-0.971274
-1.0133
-1.04718
-1.07379
-1.0943
-1.10997
-1.12194
-1.13112
-1.13774
-1.14124
-1.14026
-1.13283
-1.11671
-1.08997
-1.05126
-1.00209
-0.94981
-0.898746
-0.850018
-0.803395
-0.759271
-0.717955
-0.679526
-0.643879
-0.610727
-0.579452
-0.548882
-0.516941
-0.480204
-0.43345
-0.369435
-0.279261
-0.153707
0.0142659
0.226285
-0.384462
-0.136667
0.0875293
0.283997
0.449647
0.582376
0.679311
0.738542
0.757516
0.734931
0.6711
0.573844
0.467248
0.361223
0.257396
0.15651
0.0586139
-0.036705
-0.130184
-0.222668
-0.314933
-0.407639
-0.501129
-0.594681
-0.685754
-0.76876
-0.840032
-0.901546
-0.953952
-0.997665
-1.03313
-1.06112
-1.08249
-1.09822
-1.10927
-1.11639
-1.11999
-1.11983
-1.11502
-1.10416
-1.08559
-1.05774
-1.01926
-0.969866
-0.91452
-0.859192
-0.805848
-0.755034
-0.706479
-0.660355
-0.616797
-0.575757
-0.53707
-0.500403
-0.465144
-0.4302
-0.393725
-0.352758
-0.302883
-0.238137
-0.151434
-0.035855
0.113135
0.295035
-0.277045
-0.0560112
0.141237
0.310223
0.448732
0.555693
0.629588
0.669431
0.673555
0.641365
0.573805
0.481225
0.385127
0.289526
0.194957
0.101459
0.00873791
-0.0836367
-0.176138
-0.269153
-0.362945
-0.457705
-0.553008
-0.645315
-0.726742
-0.798883
-0.862665
-0.918082
-0.965082
-1.00387
-1.03481
-1.05848
-1.07554
-1.08667
-1.09249
-1.09342
-1.08954
-1.08045
-1.06538
-1.04331
-1.0132
-0.97425
-0.92582
-0.869894
-0.812358
-0.756127
-0.702165
-0.650633
-0.601214
-0.55392
-0.508729
-0.465526
-0.424113
-0.384165
-0.34513
-0.306078
-0.265477
-0.220913
-0.168874
-0.104727
-0.023176
0.0805485
0.208789
0.359345
-0.18124
0.00848885
0.175595
0.315814
0.4279
0.511696
0.566676
0.592484
0.588154
0.553525
0.489054
0.407964
0.324707
0.240543
0.155279
0.0685022
-0.0202197
-0.111105
-0.204024
-0.298409
-0.393453
-0.488937
-0.580301
-0.661735
-0.735638
-0.802475
-0.861871
-0.913375
-0.956693
-0.991818
-1.01891
-1.0383
-1.05038
-1.05558
-1.05432
-1.04691
-1.03349
-1.01391
-0.987942
-0.95522
-0.91549
-0.868308
-0.814188
-0.756882
-0.700221
-0.645332
-0.592563
-0.541818
-0.492771
-0.445308
-0.399321
-0.354662
-0.311141
-0.268483
-0.226247
-0.183714
-0.139711
-0.0924343
-0.0393068
0.0229767
0.0979954
0.18857
0.295193
0.414384
-0.102933
0.0519088
0.187193
0.29906
0.387009
0.451424
0.492364
0.509797
0.503182
0.472137
0.417943
0.352447
0.283953
0.212434
0.137143
0.0572811
-0.0276632
-0.117518
-0.211155
-0.306532
-0.401898
-0.493444
-0.575506
-0.651139
-0.720932
-0.784348
-0.840563
-0.888857
-0.928711
-0.959849
-0.982162
-0.995739
-1.00082
-0.997838
-0.98736
-0.970005
-0.946312
-0.916731
-0.881592
-0.841171
-0.795686
-0.745114
-0.690922
-0.636603
-0.583616
-0.5323
-0.482626
-0.434358
-0.387165
-0.340867
-0.295311
-0.250344
-0.205801
-0.161473
-0.117052
-0.0720358
-0.0256358
0.0233402
0.0765476
0.136007
0.203693
0.280692
0.365973
0.455161
-0.0488513
0.0690427
0.172572
0.258132
0.325463
0.374989
0.406904
0.421224
0.417569
0.395714
0.357242
0.310253
0.258809
0.20217
0.139037
0.0680813
-0.0115074
-0.0993354
-0.193268
-0.289769
-0.384609
-0.469328
-0.547166
-0.619485
-0.685986
-0.745909
-0.798348
-0.842411
-0.877308
-0.902457
-0.917561
-0.922707
-0.918373
-0.905408
-0.884909
-0.85804
-0.825879
-0.789371
-0.749265
-0.706123
-0.660214
-0.611912
-0.562901
-0.514867
-0.468159
-0.422691
-0.378231
-0.334466
-0.291065
-0.247805
-0.204496
-0.160971
-0.11708
-0.0726589
-0.0275034
0.0186802
0.0663241
0.116043
0.168621
0.224876
0.285311
0.349461
0.41502
0.477024
-0.0282985
0.0519808
0.125185
0.187527
0.238281
0.277376
0.304771
0.320389
0.324071
0.315937
0.297243
0.271874
0.241193
0.204002
0.1583
0.101745
0.0323799
-0.0502542
-0.144142
-0.245086
-0.338528
-0.422709
-0.498895
-0.567751
-0.629492
-0.683841
-0.73005
-0.767079
-0.793907
-0.809855
-0.814813
-0.809334
-0.794551
-0.772007
-0.743404
-0.710347
-0.6742
-0.636049
-0.596673
-0.556583
-0.516014
-0.475344
-0.435441
-0.396686
-0.358952
-0.32194
-0.285306
-0.248688
-0.211737
-0.174169
-0.13573
-0.0961995
-0.0553814
-0.0131016
0.0307984
0.0764701
0.12406
0.173688
0.225379
0.27889
0.333402
0.387033
0.436246
0.475445
