-0.993793
-1.03393
-1.0503
-1.05305
-1.04334
-1.01412
-0.967856
-0.905599
-0.824327
-0.721061
-0.5935
-0.440042
-0.260982
-0.0556169
0.151884
0.350723
0.53147
0.687516
0.816011
0.917701
0.996589
1.05933
1.11409
1.1686
1.22518
1.2819
1.33919
1.39384
1.43801
1.46137
1.45256
1.39925
1.28431
1.1372
0.98164
0.825666
0.677075
0.541788
0.423097
0.321764
0.236648
0.165467
0.105458
0.0538589
0.00821165
-0.0334981
-0.0728233
-0.110914
-0.147938
-0.183182
-0.21699
-0.250401
-0.284273
-0.319208
-0.355439
-0.392713
-0.430116
-0.465842
-0.496892
-0.518678
-0.524634
-0.505987
-0.452002
-0.351017
-1.10231
-1.15048
-1.17015
-1.17042
-1.15196
-1.1091
-1.04863
-0.975396
-0.887853
-0.784598
-0.66462
-0.525968
-0.365619
-0.189576
-0.00359835
0.186968
0.376453
0.560652
0.737091
0.905324
1.06737
1.22746
1.39079
1.56047
1.72204
1.85746
1.95898
2.01656
2.01956
1.96189
1.83998
1.64936
1.4164
1.18663
0.971615
0.779224
0.613035
0.473136
0.357223
0.261711
0.182606
0.116052
0.0586056
0.00735604
-0.0400475
-0.0854185
-0.130116
-0.175114
-0.218936
-0.259163
-0.296254
-0.33168
-0.366643
-0.401968
-0.437986
-0.474391
-0.510053
-0.542765
-0.568875
-0.582803
-0.576475
-0.538872
-0.456077
-0.312489
-1.19389
-1.23903
-1.25647
-1.2513
-1.22234
-1.16587
-1.09339
-1.0125
-0.922658
-0.822311
-0.709113
-0.578588
-0.430906
-0.274862
-0.108801
0.0660978
0.249272
0.441627
0.645316
0.863675
1.10088
1.36068
1.64352
1.94169
2.20685
2.40788
2.52722
2.55054
2.47124
2.29562
2.02119
1.6985
1.38193
1.0948
0.848274
0.6449
0.481406
0.351623
0.248604
0.165837
0.0977733
0.0399036
-0.0113596
-0.0588436
-0.104734
-0.150664
-0.197819
-0.246806
-0.293412
-0.333887
-0.369582
-0.402397
-0.433931
-0.46535
-0.497246
-0.529481
-0.560989
-0.589485
-0.61102
-0.61931
-0.604855
-0.554075
-0.449131
-0.26966
-1.27685
-1.31131
-1.32113
-1.30673
-1.26458
-1.1944
-1.11201
-1.02544
-0.934152
-0.833871
-0.718129
-0.591086
-0.455893
-0.314136
-0.163926
-0.00238327
0.175498
0.376644
0.609078
0.880595
1.19659
1.55733
1.95266
2.35606
2.6742
2.8881
2.97316
2.91599
2.71179
2.37799
1.98209
1.58227
1.21911
0.911098
0.662694
0.469107
0.321129
0.208557
0.122061
0.0539344
-0.00184542
-0.0498763
-0.0936823
-0.135996
-0.178913
-0.223959
-0.272164
-0.322722
-0.368531
-0.40587
-0.43703
-0.464303
-0.489715
-0.514859
-0.540731
-0.567556
-0.594571
-0.619674
-0.638825
-0.645095
-0.627341
-0.568856
-0.447059
-0.236028
-1.35581
-1.374
-1.37101
-1.34254
-1.28292
-1.1984
-1.10585
-1.01062
-0.907722
-0.799744
-0.68525
-0.564022
-0.437665
-0.306499
-0.166404
-0.00983953
0.173692
0.396284
0.669374
1.00052
1.38976
1.8279
2.28949
2.70937
3.01232
3.18256
3.18515
3.00237
2.67004
2.24101
1.78311
1.35363
0.984625
0.686532
0.456163
0.283365
0.155868
0.06201
-0.00807532
-0.0621877
-0.106266
-0.144793
-0.181218
-0.218246
-0.257953
-0.301786
-0.350567
-0.400505
-0.442606
-0.474816
-0.499768
-0.520129
-0.538368
-0.556554
-0.576175
-0.597951
-0.621564
-0.645201
-0.664755
-0.672529
-0.655448
-0.593254
-0.458096
-0.217909
-1.43322
-1.4302
-1.40832
-1.35881
-1.27467
-1.16634
-1.05601
-0.948176
-0.840635
-0.730411
-0.616548
-0.499414
-0.379441
-0.253846
-0.114615
0.0503052
0.254981
0.512474
0.830779
1.20876
1.63527
2.09163
2.54192
2.89741
3.12523
3.20769
3.11581
2.84521
2.43745
1.96305
1.49254
1.07381
0.728083
0.457601
0.254123
0.105263
-0.00176314
-0.0783479
-0.133882
-0.17575
-0.209608
-0.239791
-0.269709
-0.302092
-0.339021
-0.381841
-0.430918
-0.478734
-0.515463
-0.541463
-0.559586
-0.572828
-0.584072
-0.595869
-0.610231
-0.628404
-0.650516
-0.674981
-0.697482
-0.709374
-0.695492
-0.631909
-0.485321
-0.217186
-1.50989
-1.47969
-1.42995
-1.34807
-1.24003
-1.11113
-0.98634
-0.866934
-0.750227
-0.634139
-0.518393
-0.402799
-0.284578
-0.156318
-0.00587128
0.181237
0.417863
0.710819
1.05671
1.44252
1.8515
2.26544
2.61958
2.88958
3.05054
3.05751
2.88192
2.54115
2.09545
1.61903
1.17219
0.789058
0.480785
0.244107
0.0688222
-0.0573519
-0.146241
-0.208159
-0.251631
-0.283469
-0.30901
-0.332446
-0.357174
-0.385977
-0.420966
-0.463374
-0.512103
-0.556147
-0.58685
-0.606447
-0.617975
-0.624738
-0.630013
-0.636814
-0.647649
-0.664223
-0.686975
-0.714342
-0.741583
-0.75898
-0.749331
-0.685229
-0.528056
-0.232714
-1.58851
-1.52728
-1.44474
-1.3251
-1.1877
-1.03654
-0.893742
-0.758816
-0.630296
-0.507071
-0.388699
-0.272056
-0.149371
-0.0085498
0.164689
0.382502
0.650017
0.961288
1.30129
1.65575
2.01442
2.34196
2.61473
2.81117
2.88661
2.79915
2.54409
2.16029
1.71274
1.2652
0.86204
0.524653
0.257117
0.053628
-0.0958702
-0.202353
-0.276118
-0.326183
-0.360157
-0.384279
-0.403565
-0.422055
-0.443124
-0.469623
-0.503683
-0.546346
-0.593283
-0.631809
-0.656627
-0.670289
-0.676044
-0.677502
-0.678321
-0.681942
-0.691287
-0.708357
-0.733657
-0.765377
-0.798156
-0.821202
-0.815525
-0.750682
-0.583161
-0.261447
-1.6679
-1.57058
-1.44701
-1.28346
-1.11106
-0.93585
-0.771284
-0.618838
-0.478147
-0.3485
-0.226586
-0.104131
0.0318777
0.195981
0.400063
0.647925
0.931432
1.23205
1.53878
1.84829
2.1347
2.38052
2.57241
2.67352
2.64345
2.464
2.15335
1.75844
1.33601
0.933737
0.581083
0.290084
0.0608211
-0.113033
-0.240354
-0.330422
-0.391961
-0.432779
-0.45966
-0.478318
-0.493423
-0.508793
-0.527704
-0.553003
-0.586787
-0.629705
-0.674054
-0.70652
-0.725575
-0.733866
-0.734823
-0.732323
-0.730355
-0.732703
-0.742542
-0.76192
-0.791108
-0.827785
-0.865861
-0.893601
-0.890633
-0.824093
-0.64621
-0.299373
-1.74282
-1.6014
-1.42677
-1.21597
-1.00756
-0.803966
-0.615699
-0.445829
-0.294791
-0.159227
-0.0300958
0.106553
0.266288
0.46169
0.695967
0.959618
1.23139
1.49984
1.76916
2.01229
2.21741
2.37854
2.47156
2.46353
2.334
2.08714
1.75199
1.37171
0.989461
0.637663
0.334474
0.0859677
-0.10961
-0.258058
-0.366752
-0.443335
-0.495146
-0.528987
-0.550955
-0.566273
-0.579191
-0.593174
-0.611289
-0.636342
-0.670433
-0.713186
-0.753795
-0.780292
-0.79404
-0.797747
-0.795022
-0.789989
-0.78691
-0.789779
-0.801801
-0.824773
-0.858438
-0.89977
-0.941959
-0.972572
-0.970353
-0.900732
-0.71245
-0.342267
-1.80727
-1.61264
-1.37645
-1.12005
-0.874309
-0.639579
-0.427565
-0.242915
-0.0833358
0.0610631
0.205591
0.366558
0.557766
0.782969
1.03249
1.28342
1.52365
1.75957
1.96082
2.12244
2.24271
2.3075
2.29489
2.18767
1.98443
1.70145
1.36811
1.01825
0.681676
0.378968
0.120621
-0.0907554
-0.257485
-0.38444
-0.477551
-0.543069
-0.58723
-0.616054
-0.635083
-0.649039
-0.661629
-0.675805
-0.694366
-0.720125
-0.755209
-0.7964
-0.831522
-0.85283
-0.862132
-0.862277
-0.857111
-0.851
-0.8484
-0.853343
-0.86879
-0.895987
-0.933915
-0.978771
-1.02314
-1.05421
-1.05038
-0.976114
-0.777491
-0.386244
-1.8543
-1.59719
-1.29429
-0.992057
-0.708566
-0.443461
-0.211743
-0.0158394
0.153684
0.314488
0.48419
0.676151
0.895565
1.13383
1.36739
1.58683
1.79441
1.96014
2.08178
2.16057
2.18935
2.15597
2.04981
1.86885
1.62274
1.33057
1.01642
0.70413
0.412819
0.154734
-0.0644757
-0.244054
-0.386271
-0.495024
-0.57503
-0.631453
-0.669712
-0.69526
-0.713169
-0.727597
-0.741523
-0.757223
-0.777159
-0.804107
-0.839981
-0.879001
-0.908321
-0.924841
-0.930372
-0.927911
-0.921506
-0.915698
-0.914993
-0.923211
-0.942781
-0.97414
-1.01538
-1.06196
-1.10607
-1.13488
-1.12696
-1.04649
-0.837729
-0.428105
-1.87462
-1.54565
-1.18143
-0.836338
-0.514142
-0.222765
0.0239243
0.230913
0.416615
0.601742
0.800402
1.01734
1.24355
1.45932
1.66323
1.8503
1.98925
2.07835
2.11994
2.11275
2.05212
1.93396
1.75865
1.53325
1.27086
0.988094
0.702348
0.42901
0.179487
-0.0394554
-0.2251
-0.377612
-0.498956
-0.59219
-0.661102
-0.710081
-0.743997
-0.767902
-0.786416
-0.802975
-0.819605
-0.837787
-0.859684
-0.888118
-0.924331
-0.960406
-0.984264
-0.996549
-0.999042
-0.99494
-0.988472
-0.984242
-0.986595
-0.998866
-1.02267
-1.05748
-1.10047
-1.14653
-1.18772
-1.21152
-1.19712
-1.10904
-0.890518
-0.465494
-1.86401
-1.45653
-1.04029
-0.652977
-0.296079
0.0151852
0.273337
0.493378
0.698185
0.905195
1.12058
1.33398
1.53041
1.72512
1.90236
2.02622
2.09331
2.10625
2.06801
1.98037
1.84474
1.66467
1.44717
1.20245
0.942605
0.680011
0.42601
0.189705
-0.0227167
-0.207955
-0.365008
-0.494455
-0.597926
-0.677843
-0.73736
-0.780384
-0.811465
-0.835357
-0.856131
-0.876241
-0.896542
-0.917777
-0.942082
-0.972539
-1.00789
-1.03927
-1.05875
-1.06768
-1.06805
-1.06337
-1.05801
-1.0565
-1.06277
-1.0794
-1.107
-1.14399
-1.18677
-1.22987
-1.26547
-1.2817
-1.25871
-1.16188
-0.934145
-0.496873
-1.81603
-1.33008
-0.868715
-0.44278
-0.0592475
0.263405
0.527335
0.753707
0.964889
1.17384
1.37466
1.55451
1.75137
1.93277
2.05523
2.11171
2.10588
2.04422
1.93369
1.78051
1.59108
1.37335
1.13662
0.890677
0.644856
0.407374
0.184883
-0.0178688
-0.198069
-0.354537
-0.487252
-0.596969
-0.685055
-0.75353
-0.8052
-0.843751
-0.873587
-0.899156
-0.923734
-0.948447
-0.972877
-0.997296
-1.02404
-1.0561
-1.08991
-1.11615
-1.1318
-1.13804
-1.13716
-1.13295
-1.1298
-1.13195
-1.14265
-1.16348
-1.19392
-1.23144
-1.27185
-1.30954
-1.33712
-1.34358
-1.31032
-1.20391
-0.967681
-0.521395
-1.72297
-1.17435
-0.670529
-0.212
0.183401
0.500712
0.751394
0.962959
1.15683
1.33886
1.53223
1.73183
1.93167
2.06785
2.1256
2.1103
2.03261
1.90439
1.73615
1.53682
1.31519
1.08035
0.841165
0.605449
0.379593
0.168452
-0.0246514
-0.19783
-0.350366
-0.482339
-0.594286
-0.687054
-0.761882
-0.82062
-0.86599
-0.901681
-0.932035
-0.961014
-0.990674
-1.02047
-1.04885
-1.07609
-1.105
-1.13766
-1.16913
-1.19065
-1.20294
-1.2071
-1.20583
-1.20309
-1.20313
-1.2096
-1.22484
-1.24924
-1.28121
-1.31739
-1.35325
-1.38332
-1.40081
-1.39579
-1.35103
-1.23461
-0.990772
-0.538722
-1.58222
-0.985206
-0.448105
0.0215098
0.398449
0.679409
0.893153
1.07196
1.25159
1.45092
1.67009
1.8938
2.06028
2.13306
2.11771
2.03007
1.88793
1.70677
1.49827
1.27181
1.03608
0.799294
0.568556
0.349424
0.145812
-0.0398685
-0.206507
-0.354003
-0.482891
-0.593978
-0.688139
-0.766324
-0.829797
-0.880476
-0.921233
-0.955918
-0.988733
-1.02274
-1.05821
-1.09277
-1.1243
-1.15377
-1.18464
-1.21616
-1.24339
-1.26124
-1.27088
-1.27373
-1.27302
-1.27276
-1.27678
-1.28792
-1.3074
-1.3344
-1.36633
-1.39926
-1.42855
-1.44911
-1.45494
-1.43726
-1.38031
-1.25382
-1.00343
-0.548851
-1.39724
-0.770774
-0.226871
0.213463
0.534574
0.762149
0.946447
1.1356
1.33217
1.55759
1.80883
2.02132
2.13054
2.12958
2.03941
1.88585
1.69169
1.47319
1.241
1.00311
0.766623
0.537844
0.321839
0.122162
-0.059125
-0.221256
-0.364507
-0.489836
-0.598488
-0.691698
-0.770579
-0.836258
-0.890199
-0.934611
-0.97271
-1.00853
-1.04578
-1.08596
-1.12704
-1.16514
-1.19849
-1.22924
-1.26068
-1.28984
-1.31225
-1.3268
-1.33422
-1.33657
-1.3374
-1.34051
-1.34907
-1.3649
-1.38795
-1.41629
-1.44651
-1.47435
-1.49535
-1.50495
-1.49807
-1.46711
-1.39778
-1.26154
-1.00587
-0.551968
-1.18865
-0.560168
-0.0512696
0.324181
0.588118
0.81171
1.00413
1.19798
1.41267
1.66758
1.9264
2.09702
2.13788
2.06202
1.90362
1.69625
1.4646
1.22342
0.981008
0.743066
0.514478
0.299445
0.101152
-0.0784242
-0.238511
-0.379389
-0.502152
-0.608345
-0.699608
-0.777446
-0.843213
-0.898318
-0.944618
-0.984813
-1.02256
-1.06182
-1.10516
-1.15166
-1.19687
-1.23638
-1.26985
-1.30079
-1.3304
-1.35606
-1.37424
-1.38576
-1.3915
-1.39424
-1.39757
-1.40478
-1.41812
-1.43823
-1.46386
-1.49207
-1.51888
-1.53998
-1.5513
-1.54899
-1.52889
-1.48458
-1.40317
-1.25788
-0.998368
-0.548352
-0.97999
-0.384932
0.0617183
0.397415
0.658369
0.873091
1.06286
1.26151
1.49524
1.764
1.99431
2.10831
2.0812
1.93947
1.7266
1.48042
1.22521
0.973253
0.730251
0.49949
0.283645
0.0849924
-0.0948264
-0.254997
-0.395608
-0.517575
-0.622443
-0.712066
-0.788316
-0.852927
-0.907552
-0.95404
-0.994828
-1.03324
-1.07322
-1.11805
-1.16812
-1.21947
-1.26598
-1.30429
-1.33637
-1.36625
-1.39187
-1.41266
-1.42736
-1.43636
-1.44135
-1.44556
-1.4523
-1.46407
-1.48203
-1.50563
-1.53252
-1.55898
-1.58071
-1.59366
-1.59431
-1.57963
-1.54631
-1.48907
-1.39631
-1.24297
-0.981252
-0.53833
-0.784747
-0.243347
0.168479
0.488101
0.734333
0.934804
1.11968
1.32576
1.56763
1.81231
1.99399
2.0487
1.96364
1.77238
1.52261
1.25316
0.986698
0.733192
0.496102
0.276676
0.0757492
-0.105931
-0.267875
-0.41008
-0.533188
-0.63848
-0.727737
-0.802986
-0.86628
-0.919618
-0.96508
-1.00513
-1.04293
-1.08236
-1.12712
-1.17873
-1.23433
-1.28719
-1.33128
-1.366
-1.39558
-1.42187
-1.44324
-1.45949
-1.47089
-1.47803
-1.48338
-1.49008
-1.50086
-1.51725
-1.5392
-1.56507
-1.59161
-1.61462
-1.62972
-1.63337
-1.62278
-1.59571
-1.54959
-1.48021
-1.37712
-1.217
-0.954866
-0.52226
-0.597445
-0.0989369
0.28568
0.581686
0.806704
0.991782
1.17568
1.38041
1.5979
1.79577
1.91805
1.91676
1.78798
1.56662
1.299
1.02174
0.755328
0.507934
0.281496
0.0758656
-0.109383
-0.274533
-0.419842
-0.545813
-0.653402
-0.744082
-0.819759
-0.882585
-0.934827
-0.978863
-1.01737
-1.05357
-1.09136
-1.13471
-1.18601
-1.24362
-1.30114
-1.35076
-1.3891
-1.41919
-1.44559
-1.46609
-1.48291
-1.49572
-1.50458
-1.51111
-1.51805
-1.52806
-1.54309
-1.56363
-1.58849
-1.61502
-1.63942
-1.65725
-1.66438
-1.6579
-1.63584
-1.59668
-1.53853
-1.45801
-1.34578
-1.18024
-0.919494
-0.500459
-0.40935
0.047814
0.400113
0.666866
0.869349
1.04706
1.22177
1.40046
1.57238
1.7089
1.76738
1.71595
1.5574
1.32404
1.05637
0.78605
0.530569
0.296584
0.0851496
-0.104591
-0.273683
-0.422896
-0.552828
-0.664188
-0.758047
-0.835944
-0.899854
-0.952081
-0.995204
-1.03214
-1.06633
-1.1018
-1.14276
-1.19224
-1.24978
-1.30978
-1.36366
-1.40566
-1.43697
-1.46276
-1.48404
-1.4998
-1.51266
-1.52253
-1.5299
-1.53713
-1.54666
-1.56034
-1.57931
-1.60306
-1.62937
-1.6547
-1.67505
-1.68612
-1.68418
-1.667
-1.63347
-1.58264
-1.51254
-1.42107
-1.30042
-1.13094
-0.874313
-0.47295
-0.226786
0.185563
0.501426
0.741277
0.929657
1.09108
1.23911
1.37463
1.4876
1.55621
1.55217
1.45795
1.28109
1.04945
0.795562
0.544296
0.309252
0.0953937
-0.0968264
-0.268469
-0.420657
-0.554173
-0.669588
-0.767555
-0.849092
-0.915719
-0.969479
-1.0129
-1.04904
-1.0815
-1.11454
-1.15264
-1.19933
-1.2551
-1.31541
-1.37168
-1.41656
-1.44936
-1.47496
-1.49664
-1.51141
-1.52357
-1.53373
-1.5418
-1.54914
-1.55818
-1.57084
-1.58813
-1.61027
-1.6359
-1.66193
-1.68394
-1.69828
-1.70094
-1.68833
-1.65843
-1.61207
-1.54906
-1.46864
-1.36865
-1.2419
-1.07069
-0.820518
-0.440184
-0.0602585
0.308322
0.593975
0.80998
0.977073
1.1108
1.21873
1.30055
1.34943
1.35186
1.2926
1.1652
0.979762
0.758843
0.526743
0.301427
0.0923858
-0.0972371
-0.267535
-0.419563
-0.554243
-0.672111
-0.773496
-0.858852
-0.929065
-0.985625
-1.03071
-1.06721
-1.09881
-1.12991
-1.16521
-1.2087
-1.26157
-1.32031
-1.3769
-1.4233
-1.45728
-1.48299
-1.50467
-1.52028
-1.53115
-1.54077
-1.54897
-1.5565
-1.56499
-1.57647
-1.59235
-1.61269
-1.63662
-1.66219
-1.68538
-1.70005
-1.70425
-1.69514
-1.6706
-1.62958
-1.57237
-1.49921
-1.40985
-1.3026
-1.17115
-0.999835
-0.758277
-0.402332
0.0998374
0.423593
0.67673
0.865642
1.00322
1.09867
1.15844
1.18365
1.17178
1.11734
1.0152
0.866136
0.680536
0.475379
0.267612
0.0693388
-0.113314
-0.278649
-0.427153
-0.559815
-0.67733
-0.779974
-0.867842
-0.941218
-1.00091
-1.04849
-1.08642
-1.11817
-1.14812
-1.18113
-1.22145
-1.27084
-1.32662
-1.3816
-1.42779
-1.46215
-1.48802
-1.50984
-1.52709
-1.5369
-1.54559
-1.55379
-1.56112
-1.56931
-1.5797
-1.59353
-1.61179
-1.63322
-1.65447
-1.67461
-1.68978
-1.69588
-1.69016
-1.67025
-1.63466
-1.58289
-1.5155
-1.43314
-1.33599
-1.22277
-1.08806
-0.918321
-0.687653
-0.359569
0.23875
0.524333
0.743208
0.89856
0.99818
1.05012
1.06078
1.03373
0.970983
0.873364
0.742365
0.582487
0.402799
0.215189
0.030742
-0.142845
-0.301848
-0.445502
-0.574456
-0.689567
-0.791337
-0.879866
-0.955132
-1.01739
-1.06755
-1.10747
-1.14018
-1.1698
-1.20118
-1.23869
-1.28442
-1.33631
-1.388
-1.43214
-1.46561
-1.49138
-1.51351
-1.53194
-1.54245
-1.55022
-1.55802
-1.56544
-1.57258
-1.58162
-1.59311
-1.60546
-1.62105
-1.63859
-1.65564
-1.66949
-1.67649
-1.67311
-1.6569
-1.62604
-1.57962
-1.51766
-1.44102
-1.35063
-1.24698
-1.12911
-0.992535
-0.826072
-0.608721
-0.312135
0.357937
0.603321
0.7833
0.898416
0.95564
0.963269
0.928961
0.858858
0.758362
0.632306
0.485558
0.323742
0.153915
-0.0161332
-0.179578
-0.331813
-0.470732
-0.596099
-0.708529
-0.808664
-0.896801
-0.97293
-1.03704
-1.08954
-1.13168
-1.16592
-1.19595
-1.22638
-1.26156
-1.3037
-1.35111
-1.39817
-1.43843
-1.46947
-1.49432
-1.51682
-1.5365
-1.54871
-1.55598
-1.56337
-1.56991
-1.57612
-1.58017
-1.58488
-1.59215
-1.60222
-1.61477
-1.62805
-1.63935
-1.64573
-1.64375
-1.63031
-1.60337
-1.5617
-1.505
-1.43377
-1.34905
-1.25192
-1.14297
-1.02159
-0.884408
-0.722951
-0.52158
-0.260374
0.454393
0.653208
0.787851
0.858011
0.871566
0.837893
0.766002
0.663975
0.539209
0.398291
0.246991
0.0904101
-0.0665582
-0.219231
-0.363757
-0.497618
-0.619735
-0.730088
-0.82908
-0.917029
-0.993991
-1.05988
-1.11481
-1.15956
-1.19597
-1.22723
-1.25754
-1.29102
-1.32983
-1.37246
-1.41384
-1.44855
-1.47541
-1.49816
-1.52046
-1.54139
-1.55607
-1.56319
-1.56996
-1.57537
-1.57365
-1.57132
-1.57037
-1.57188
-1.57644
-1.5837
-1.59258
-1.60081
-1.60542
-1.60331
-1.59143
-1.56729
-1.52946
-1.47737
-1.41125
-1.33186
-1.24026
-1.13745
-1.02407
-0.899992
-0.763304
-0.608728
-0.426405
-0.204811
0.523374
0.668783
0.753011
0.776277
0.747584
0.677624
0.576552
0.453473
0.31633
0.171673
0.0245674
-0.121271
-0.262979
-0.398202
-0.52515
-0.642715
-0.750453
-0.848363
-0.936522
-1.01486
-1.08315
-1.14126
-1.18954
-1.22927
-1.26302
-1.29442
-1.32718
-1.36325
-1.40114
-1.43615
-1.46384
-1.4847
-1.50392
-1.52526
-1.54676
-1.56344
-1.57152
-1.57686
-1.57156
-1.56397
-1.55646
-1.55018
-1.54641
-1.54574
-1.54801
-1.55217
-1.55641
-1.55812
-1.55433
-1.54224
-1.51942
-1.48416
-1.4357
-1.37398
-1.2995
-1.21303
-1.11541
-1.00747
-0.890002
-0.763681
-0.628578
-0.483156
-0.323591
-0.146305
0.56265
0.64967
0.680897
0.657689
0.59025
0.49023
0.368315
0.233593
0.0933321
-0.0471039
-0.184151
-0.315739
-0.440747
-0.558534
-0.668755
-0.77127
-0.866071
-0.953128
-1.03223
-1.10295
-1.16484
-1.21776
-1.26237
-1.30044
-1.33481
-1.3685
-1.40302
-1.43676
-1.46526
-1.48496
-1.49816
-1.51223
-1.53157
-1.55319
-1.57036
-1.58003
-1.57379
-1.5631
-1.55125
-1.53892
-1.52791
-1.51912
-1.51325
-1.51022
-1.50917
-1.50847
-1.50596
-1.49904
-1.4851
-1.46189
-1.42773
-1.38164
-1.32336
-1.25307
-1.17122
-1.0783
-0.974842
-0.861597
-0.739817
-0.611527
-0.479426
-0.346219
-0.21406
-0.0863488
0.572833
0.598986
0.577082
0.510169
0.409133
0.285871
0.150719
0.01177
-0.125213
-0.256592
-0.3805
-0.496391
-0.604503
-0.7054
-0.799723
-0.888021
-0.970638
-1.04761
-1.1186
-1.18305
-1.24045
-1.29075
-1.3348
-1.37431
-1.4112
-1.44613
-1.47714
-1.4999
-1.5115
-1.516
-1.52337
-1.5395
-1.56009
-1.57682
-1.57925
-1.56871
-1.55477
-1.53826
-1.52159
-1.50563
-1.4917
-1.48032
-1.47153
-1.46463
-1.45825
-1.4505
-1.43919
-1.42203
-1.39697
-1.36243
-1.31739
-1.26139
-1.19436
-1.1164
-1.02759
-0.928014
-0.817996
-0.698507
-0.571833
-0.442089
-0.315289
-0.198665
-0.0998035
-0.0275228
0.556178
0.521306
0.448571
0.342538
0.214064
0.0743304
-0.0676086
-0.205396
-0.335183
-0.455154
-0.564991
-0.665366
-0.757476
-0.842666
-0.922207
-0.997128
-1.06811
-1.13539
-1.19881
-1.25794
-1.31243
-1.36231
-1.40803
-1.45
-1.48758
-1.51806
-1.53695
-1.54163
-1.53757
-1.53759
-1.54941
-1.56826
-1.58019
-1.57833
-1.56576
-1.54736
-1.52675
-1.50504
-1.48403
-1.46454
-1.4473
-1.43233
-1.41909
-1.40644
-1.39278
-1.37624
-1.35485
-1.32683
-1.29071
-1.2455
-1.19064
-1.1258
-1.05079
-0.965272
-0.86887
-0.761338
-0.643059
-0.515863
-0.383888
-0.254196
-0.136672
-0.0428875
0.0153372
0.0258971
0.51606
0.421884
0.302324
0.162801
0.0132489
-0.136846
-0.280493
-0.413492
-0.533995
-0.641849
-0.737998
-0.823998
-0.901653
-0.97276
-1.03895
-1.10159
-1.16168
-1.21982
-1.27624
-1.3309
-1.38357
-1.43386
-1.48075
-1.5221
-1.55414
-1.57187
-1.57234
-1.5614
-1.55446
-1.56202
-1.57735
-1.58347
-1.57915
-1.56337
-1.54157
-1.51606
-1.48946
-1.46288
-1.43762
-1.41416
-1.39271
-1.37282
-1.35359
-1.33369
-1.31151
-1.28537
-1.25369
-1.21518
-1.16887
-1.11411
-1.05042
-0.977289
-0.894049
-0.799844
-0.693872
-0.575853
-0.446924
-0.310684
-0.174159
-0.0481453
0.0535149
0.115839
0.124739
0.0673681
0.456237
0.305872
0.14452
-0.0225526
-0.187286
-0.342699
-0.484353
-0.610338
-0.720682
-0.816635
-0.900098
-0.973228
-1.03818
-1.09698
-1.15146
-1.20319
-1.2535
-1.3034
-1.35355
-1.40413
-1.45457
-1.50316
-1.5468
-1.58095
-1.59994
-1.59981
-1.58562
-1.57366
-1.57708
-1.58529
-1.58803
-1.58065
-1.56174
-1.53602
-1.50615
-1.47414
-1.44198
-1.41059
-1.38078
-1.35269
-1.32612
-1.30033
-1.27423
-1.24644
-1.21549
-1.17996
-1.13866
-1.09065
-1.03522
-0.971715
-0.899401
-0.817266
-0.724036
-0.618391
-0.499414
-0.367537
-0.225683
-0.0804594
0.0571722
0.172389
0.248176
0.268062
0.218314
0.0879444
0.381375
0.178596
-0.0192765
-0.208339
-0.383295
-0.54022
-0.677423
-0.795219
-0.895281
-0.979992
-1.05196
-1.11372
-1.16764
-1.21583
-1.26022
-1.30253
-1.34431
-1.38682
-1.43078
-1.47602
-1.521
-1.5628
-1.59712
-1.61828
-1.62104
-1.60792
-1.59469
-1.59186
-1.59436
-1.59334
-1.58268
-1.56024
-1.53052
-1.49596
-1.45879
-1.42072
-1.38323
-1.34699
-1.31244
-1.27943
-1.24746
-1.2156
-1.18265
-1.14725
-1.10809
-1.06402
-1.01408
-0.957473
-0.893402
-0.820909
-0.738679
-0.645051
-0.53823
-0.41673
-0.280355
-0.131427
0.0238768
0.17459
0.305295
0.397935
0.434368
0.399486
0.282758
0.0771563
0.295951
0.0450184
-0.184245
-0.390465
-0.571768
-0.727551
-0.858849
-0.968008
-1.0581
-1.13239
-1.19399
-1.24571
-1.28998
-1.32895
-1.36456
-1.39854
-1.43238
-1.4671
-1.50296
-1.53918
-1.57405
-1.60485
-1.62698
-1.63442
-1.62696
-1.61472
-1.60747
-1.60451
-1.59937
-1.585
-1.55851
-1.52442
-1.48506
-1.44255
-1.39878
-1.35518
-1.31283
-1.27219
-1.23335
-1.19591
-1.15909
-1.12176
-1.08262
-1.04039
-0.993868
-0.942061
-0.884058
-0.818901
-0.745415
-0.661991
-0.566589
-0.456967
-0.331125
-0.188352
-0.0305343
0.13638
0.30127
0.448041
0.557652
0.611286
0.592933
0.492026
0.303526
0.0253048
0.204583
-0.0901479
-0.346164
-0.565574
-0.750359
-0.903276
-1.02793
-1.12845
-1.20907
-1.27372
-1.32588
-1.36849
-1.404
-1.4345
-1.46174
-1.48716
-1.5118
-1.53617
-1.56042
-1.58457
-1.60825
-1.62883
-1.6407
-1.63961
-1.63085
-1.62206
-1.61483
-1.6057
-1.58704
-1.55601
-1.5171
-1.4727
-1.42489
-1.37555
-1.32631
-1.27832
-1.23234
-1.18853
-1.14663
-1.10588
-1.06519
-1.02323
-0.978665
-0.93024
-0.87685
-0.817458
-0.750936
-0.675879
-0.590367
-0.491969
-0.377979
-0.245909
-0.0946277
0.0742051
0.254568
0.434824
0.597907
0.723487
0.791957
0.787892
0.700944
0.527471
0.26874
-0.0731094
0.111364
-0.22279
-0.501425
-0.730833
-0.917023
-1.066
-1.18368
-1.27575
-1.34732
-1.40285
-1.44603
-1.47981
-1.50653
-1.52801
-1.54561
-1.56029
-1.57283
-1.58426
-1.59636
-1.61093
-1.62739
-1.63947
-1.64276
-1.63978
-1.63293
-1.62415
-1.61112
-1.58829
-1.55201
-1.50791
-1.45827
-1.40524
-1.35073
-1.29642
-1.24364
-1.19325
-1.14558
-1.10037
-1.05687
-1.01393
-0.970148
-0.924089
-0.874395
-0.819841
-0.759246
-0.691298
-0.614345
-0.526132
-0.423791
-0.304099
-0.164056
-0.00216136
0.179962
0.375842
0.572857
0.752493
0.892771
0.972868
0.977893
0.90028
0.737462
0.493131
0.17374
-0.216371
0.0200264
-0.349304
-0.646937
-0.883763
-1.0698
-1.21408
-1.32459
-1.40824
-1.47087
-1.51723
-1.55106
-1.57518
-1.59166
-1.60198
-1.60727
-1.60874
-1.60836
-1.60927
-1.61457
-1.62255
-1.63003
-1.63627
-1.63899
-1.63735
-1.63006
-1.61461
-1.58715
-1.54588
-1.49616
-1.44123
-1.38322
-1.32408
-1.26551
-1.20893
-1.15528
-1.10492
-1.05761
-1.01254
-0.968442
-0.92382
-0.877102
-0.826806
-0.771577
-0.710087
-0.640837
-0.561915
-0.470697
-0.363821
-0.237469
-0.0880524
0.0863135
0.283914
0.497472
0.712792
0.909357
1.0631
1.15171
1.1603
1.08435
0.926502
0.69115
0.387432
0.0242952
-0.394432
-0.0661098
-0.466599
-0.780075
-1.02216
-1.20676
-1.34565
-1.44856
-1.52342
-1.57652
-1.61273
-1.63568
-1.64805
-1.65179
-1.64858
-1.64042
-1.63025
-1.62174
-1.61527
-1.61281
-1.61532
-1.62116
-1.62821
-1.63279
-1.62981
-1.61418
-1.58307
-1.53675
-1.48132
-1.42117
-1.3586
-1.29552
-1.23365
-1.17436
-1.11861
-1.06675
-1.01849
-0.972935
-0.928692
-0.884124
-0.837521
-0.787272
-0.731888
-0.669899
-0.599623
-0.51888
-0.424659
-0.313056
-0.179564
-0.0198985
0.168296
0.383181
0.616407
0.851681
1.06575
1.232
1.32643
1.33409
1.25246
1.09033
0.85893
0.565719
0.22199
-0.163917
-0.590977
-0.14439
-0.572138
-0.89865
-1.14411
-1.32601
-1.45858
-1.55303
-1.618
-1.66006
-1.68412
-1.69386
-1.6922
-1.68183
-1.66584
-1.64667
-1.62685
-1.61039
-1.59992
-1.59626
-1.59963
-1.60856
-1.61834
-1.6207
-1.60741
-1.57471
-1.52413
-1.46308
-1.39795
-1.33135
-1.26515
-1.20093
-1.14002
-1.08328
-1.03101
-0.982828
-0.937727
-0.894203
-0.850469
-0.80468
-0.75509
-0.700084
-0.638054
-0.567144
-0.484919
-0.387979
-0.271849
-0.131265
0.0388674
0.241514
0.474792
0.729174
0.98587
1.21829
1.39659
1.49492
1.49836
1.40633
1.23148
0.994045
0.708392
0.379803
0.0186566
-0.369559
-0.787702
-0.212867
-0.663984
-1.00092
-1.24794
-1.42575
-1.55068
-1.63512
-1.68827
-1.71703
-1.72664
-1.72152
-1.70499
-1.68044
-1.65226
-1.62474
-1.60099
-1.58329
-1.57362
-1.57334
-1.58201
-1.59459
-1.60125
-1.59177
-1.56039
-1.50735
-1.44137
-1.37174
-1.30168
-1.23313
-1.16751
-1.10594
-1.04918
-0.997406
-0.95014
-0.906271
-0.864174
-0.821939
-0.777583
-0.729229
-0.675137
-0.613568
-0.542509
-0.459288
-0.360143
-0.240035
-0.0929206
0.0871924
0.304027
0.55583
0.831981
1.11104
1.36267
1.55327
1.65467
1.65207
1.54711
1.35582
1.10288
0.814377
0.500851
0.16097
-0.197166
-0.571555
-0.96884
-0.270423
-0.740891
-1.08559
-1.33224
-1.50418
-1.61948
-1.69154
-1.73039
-1.74282
-1.73515
-1.71343
-1.68332
-1.64965
-1.6163
-1.5864
-1.56258
-1.54743
-1.5433
-1.55009
-1.56286
-1.57178
-1.56577
-1.53739
-1.48518
-1.41619
-1.34281
-1.26996
-1.19976
-1.1335
-1.07207
-1.01605
-0.965467
-0.919753
-0.877701
-0.837591
-0.797401
-0.755027
-0.708456
-0.65582
-0.595253
-0.524594
-0.440969
-0.340297
-0.217032
-0.0643767
0.124582
0.354439
0.623784
0.921164
1.22266
1.49396
1.69751
1.80237
1.79356
1.6751
1.46672
1.19646
0.893807
0.584336
0.268637
-0.0627923
-0.403367
-0.753805
-1.12408
-0.316686
-0.80223
-1.15168
-1.39539
-1.55852
-1.66031
-1.71561
-1.73614
-1.73146
-1.70958
-1.67719
-1.6398
-1.60178
-1.56659
-1.53745
-1.51765
-1.50969
-1.51343
-1.52429
-1.53335
-1.52989
-1.50536
-1.45643
-1.3875
-1.31142
-1.23655
-1.16533
-1.099
-1.03828
-0.983509
-0.934589
-0.890849
-0.851014
-0.8133
-0.775598
-0.735687
-0.691425
-0.640798
-0.581805
-0.512148
-0.428779
-0.327361
-0.201923
-0.0450122
0.15116
0.392112
0.676974
0.993807
1.31663
1.60739
1.82442
1.93391
1.92016
1.78936
1.56514
1.27952
0.963597
0.643765
0.340236
0.0410631
-0.269872
-0.58523
-0.907456
-1.24932
-0.351692
-0.847124
-1.19654
-1.43222
-1.58181
-1.66738
-1.70612
-1.71144
-1.69403
-1.66236
-1.62309
-1.58144
-1.54178
-1.50812
-1.48411
-1.47218
-1.47197
-1.47943
-1.48692
-1.48484
-1.46446
-1.421
-1.35497
-1.27785
-1.20175
-1.13009
-1.0641
-1.00439
-0.951134
-0.904101
-0.862542
-0.825143
-0.790085
-0.755201
-0.718174
-0.676721
-0.628669
-0.571861
-0.503849
-0.421439
-0.320101
-0.193547
-0.0338023
0.167671
0.417273
0.714818
1.04827
1.39013
1.69916
1.92978
2.04503
2.02843
1.88758
1.65014
1.35239
1.02833
0.702597
0.392531
0.111919
-0.161906
-0.448071
-0.736464
-1.03075
-1.34538
-0.375222
-0.874112
-1.21833
-1.44283
-1.57796
-1.6482
-1.67251
-1.66547
-1.63824
-1.59937
-1.55559
-1.51249
-1.47491
-1.44677
-1.43038
-1.42546
-1.42861
-1.43343
-1.43159
-1.41481
-1.37739
-1.31789
-1.2429
-1.1663
-1.09444
-1.02894
-0.970271
-0.918521
-0.87335
-0.833958
-0.799021
-0.76672
-0.734865
-0.701061
-0.662886
-0.617984
-0.564005
-0.498329
-0.417614
-0.317193
-0.190569
-0.0294107
0.175387
0.430976
0.737894
1.08434
1.44196
1.76704
2.01059
2.13241
2.11477
1.9668
1.71916
1.41313
1.086
0.763023
0.455561
0.170158
-0.0829534
-0.33148
-0.594404
-0.857998
-1.12695
-1.41568
-0.387888
-0.884918
-1.22052
-1.43227
-1.55299
-1.60907
-1.62075
-1.60331
-1.56826
-1.52453
-1.47927
-1.43825
-1.40578
-1.38431
-1.37393
-1.37207
-1.37355
-1.37131
-1.35782
-1.32701
-1.27593
-1.20638
-1.13029
-1.05862
-0.993566
-0.935791
-0.88531
-0.84175
-0.804297
-0.771652
-0.742035
-0.71327
-0.682915
-0.648421
-0.607232
-0.55676
-0.494163
-0.41592
-0.317251
-0.191544
-0.0302822
0.175986
0.434948
0.747763
1.10302
1.47213
1.80976
2.06427
2.19252
2.17477
2.02138
1.76642
1.45416
1.12601
0.810756
0.521887
0.253695
-0.00375418
-0.23503
-0.46544
-0.710307
-0.953941
-1.19999
-1.46392
-0.390847
-0.881709
-1.20637
-1.40461
-1.51126
-1.55421
-1.55469
-1.52866
-1.48815
-1.44244
-1.39858
-1.36162
-1.33454
-1.31806
-1.31057
-1.30808
-1.30478
-1.29399
-1.2697
-1.2279
-1.16736
-1.09468
-1.02319
-0.958345
-0.901024
-0.851329
-0.808891
-0.772925
-0.742191
-0.714982
-0.689178
-0.662335
-0.631807
-0.594836
-0.548559
-0.48984
-0.414908
-0.318841
-0.194957
-0.0346969
0.171506
0.431604
0.747163
1.10715
1.48296
1.82873
2.09083
2.22383
2.20622
2.04817
1.78742
1.4721
1.14532
0.841896
0.571491
0.325819
0.0934004
-0.135215
-0.351776
-0.570665
-0.803161
-1.02974
-1.25419
-1.49379
-0.385395
-0.866477
-1.17851
-1.36287
-1.45595
-1.48688
-1.47783
-1.44538
-1.40185
-1.35631
-1.31511
-1.28219
-1.25919
-1.24555
-1.23852
-1.23352
-1.22479
-1.20656
-1.17415
-1.12479
-1.0591
-0.988325
-0.923425
-0.866073
-0.816533
-0.774552
-0.739426
-0.71001
-0.684711
-0.66151
-0.638016
-0.611542
-0.579158
-0.537713
-0.483711
-0.413023
-0.320472
-0.199268
-0.0408856
0.16416
0.423801
0.739712
1.10106
1.47938
1.82852
2.09416
2.2293
2.21146
2.0511
1.78718
1.47146
1.15064
0.859062
0.604157
0.377367
0.167189
-0.0377744
-0.243924
-0.450639
-0.658958
-0.880845
-1.09079
-1.29352
-1.50848
-0.372773
-0.84089
-1.13901
-1.30948
-1.38982
-1.41016
-1.39343
-1.35653
-1.31165
-1.26725
-1.2288
-1.19918
-1.17903
-1.16685
-1.15927
-1.15154
-1.1383
-1.11453
-1.07638
-1.02162
-0.954985
-0.88954
-0.83142
-0.781223
-0.73884
-0.703703
-0.674796
-0.650669
-0.629446
-0.60885
-0.586228
-0.558554
-0.522424
-0.47395
-0.408531
-0.320559
-0.202955
-0.0471502
0.156151
0.414594
0.729595
1.0901
1.46756
1.81608
2.0809
2.21509
2.19609
2.03513
1.77198
1.45823
1.14252
0.862599
0.620623
0.409565
0.218044
0.0347283
-0.14934
-0.341751
-0.539551
-0.736895
-0.947749
-1.14029
-1.3206
-1.51035
-0.354183
-0.806454
-1.08973
-1.24663
-1.31533
-1.32665
-1.30392
-1.26406
-1.21882
-1.17599
-1.14018
-1.11345
-1.09561
-1.08454
-1.07652
-1.06682
-1.0504
-1.02274
-0.980429
-0.921829
-0.856562
-0.797222
-0.745654
-0.702014
-0.66593
-0.63657
-0.612663
-0.592524
-0.574048
-0.554707
-0.531492
-0.500847
-0.458542
-0.399448
-0.317326
-0.204504
-0.0520403
0.149343
0.406854
0.721309
1.08093
1.45647
1.80173
2.06232
2.19152
2.16815
2.00512
1.74345
1.43365
1.12424
0.853714
0.62313
0.424708
0.248392
0.0832349
-0.0798113
-0.250435
-0.433823
-0.623592
-0.810284
-1.00748
-1.18098
-1.33788
-1.50169
-0.330923
-0.764702
-1.03245
-1.17634
-1.23468
-1.23854
-1.21133
-1.16972
-1.12498
-1.08419
-1.05126
-1.02748
-1.01201
-1.00218
-0.994026
-0.982804
-0.963689
-0.932414
-0.885816
-0.825709
-0.764498
-0.710666
-0.664789
-0.626704
-0.59578
-0.570951
-0.550741
-0.533273
-0.516226
-0.496738
-0.471264
-0.43538
-0.3835
-0.308656
-0.202248
-0.0543959
0.1448
0.402462
0.718578
1.08004
1.45599
1.79898
2.0544
2.17661
2.14591
1.97763
1.71392
1.405
1.10098
0.836341
0.613729
0.425481
0.260935
0.110088
-0.0356607
-0.185738
-0.347528
-0.523739
-0.705126
-0.880791
-1.06174
-1.21469
-1.34741
-1.48462
-0.304512
-0.717355
-0.969076
-1.10071
-1.15008
-1.14809
-1.11792
-1.07585
-1.0326
-0.994619
-0.965079
-0.94454
-0.931498
-0.922856
-0.914444
-0.901563
-0.879575
-0.844482
-0.79359
-0.733301
-0.67665
-0.627769
-0.586743
-0.553163
-0.526191
-0.50459
-0.486741
-0.470602
-0.453582
-0.432339
-0.402491
-0.35823
-0.291966
-0.194022
-0.0529856
0.142747
0.401449
0.722951
1.09225
1.4755
1.82225
2.07627
2.19239
2.153
1.97563
1.70422
1.38875
1.08379
0.819504
0.599206
0.416325
0.260264
0.119893
-0.0129732
-0.146477
-0.288229
-0.443438
-0.612935
-0.784984
-0.948965
-1.11163
-1.24307
-1.35123
-1.46135
-0.276825
-0.666505
-0.90187
-1.02216
-1.06411
-1.058
-1.02653
-0.985453
-0.94488
-0.910521
-0.884734
-0.867326
-0.856218
-0.848005
-0.838455
-0.823
-0.797276
-0.757666
-0.703087
-0.643966
-0.591572
-0.546873
-0.50968
-0.479393
-0.455031
-0.435252
-0.418333
-0.402047
-0.383428
-0.358409
-0.321312
-0.264295
-0.176809
-0.0456802
0.143464
0.402103
0.732221
1.11799
1.52095
1.88439
2.1475
2.26413
2.21852
2.03038
1.74478
1.41221
1.09473
0.820472
0.59349
0.407968
0.253822
0.119868
-0.00464228
-0.126529
-0.252799
-0.389088
-0.538913
-0.701565
-0.863051
-1.01477
-1.15796
-1.2676
-1.35138
-1.43409
-0.250198
-0.614769
-0.833625
-0.943615
-0.979833
-0.97149
-0.940515
-0.901948
-0.865081
-0.834733
-0.812407
-0.797254
-0.786818
-0.777595
-0.765454
-0.746086
-0.715467
-0.670395
-0.61364
-0.557257
-0.50819
-0.466538
-0.431875
-0.403443
-0.380164
-0.360634
-0.343025
-0.324859
-0.302609
-0.271106
-0.222782
-0.146817
-0.0286814
0.149085
0.403046
0.741055
1.15056
1.58967
1.99113
2.28306
2.41457
2.3718
2.17705
1.87507
1.51567
1.17026
0.869893
0.621347
0.420274
0.257135
0.12061
-0.000365806
-0.115833
-0.232538
-0.35526
-0.488169
-0.633376
-0.788839
-0.938576
-1.07782
-1.20135
-1.28969
-1.3496
-1.40475
-0.227454
-0.565326
-0.767701
-0.868551
-0.900794
-0.892136
-0.86337
-0.82849
-0.795729
-0.768933
-0.748867
-0.734281
-0.722637
-0.710561
-0.69422
-0.669698
-0.633412
-0.582805
-0.524836
-0.471222
-0.424672
-0.38492
-0.35139
-0.323237
-0.299352
-0.278294
-0.258098
-0.235902
-0.207327
-0.16559
-0.100382
0.00318583
0.164818
0.406491
0.745011
1.17754
1.6654
2.13123
2.48307
2.65467
2.63141
2.44213
2.13174
1.74538
1.35893
1.0135
0.722556
0.486058
0.296513
0.142922
0.0134219
-0.102827
-0.215303
-0.331061
-0.453192
-0.584167
-0.724728
-0.871735
-1.00699
-1.13403
-1.2381
-1.30639
-1.34442
-1.3732
-0.211807
-0.521801
-0.707869
-0.80073
-0.830653
-0.823349
-0.798007
-0.767202
-0.737961
-0.713262
-0.693426
-0.677127
-0.662019
-0.645075
-0.622896
-0.592023
-0.549344
-0.494439
-0.436743
-0.385119
-0.339897
-0.3006
-0.266555
-0.236887
-0.210478
-0.185824
-0.160719
-0.131679
-0.0930327
-0.0356618
0.054491
0.197628
0.419346
0.745343
1.18734
1.7205
2.26736
2.71465
2.96528
2.9897
2.8245
2.52442
2.12835
1.7024
1.30082
0.94754
0.651692
0.411775
0.219694
0.0638053
-0.0681756
-0.187051
-0.301781
-0.418809
-0.540918
-0.669695
-0.805048
-0.943348
-1.06519
-1.17972
-1.26729
-1.31849
-1.33726
-1.34108
-0.20658
-0.4879
-0.65785
-0.743638
-0.772456
-0.767489
-0.745832
-0.718392
-0.691052
-0.66622
-0.644135
-0.623716
-0.603029
-0.579538
-0.550346
-0.512475
-0.463233
-0.405523
-0.348993
-0.298256
-0.252964
-0.212508
-0.176161
-0.143029
-0.111956
-0.0812695
-0.0483021
-0.00856547
0.0454939
0.126127
0.2521
0.449478
0.749055
1.17602
1.72703
2.34168
2.90014
3.27146
3.38787
3.27777
3.01176
2.63728
2.19504
1.74944
1.33121
0.961138
0.648562
0.393041
0.187106
0.0188657
-0.123991
-0.252108
-0.373939
-0.495567
-0.619541
-0.746851
-0.876896
-1.00605
-1.11542
-1.21676
-1.28967
-1.32638
-1.32868
-1.30942
-0.214697
-0.466723
-0.620464
-0.699465
-0.727469
-0.724652
-0.705685
-0.679797
-0.651998
-0.62449
-0.597743
-0.571131
-0.543271
-0.512204
-0.475607
-0.430925
-0.376039
-0.31669
-0.261147
-0.210349
-0.163724
-0.120611
-0.0802525
-0.0417048
-0.0036539
0.035958
0.0806025
0.136227
0.212785
0.326103
0.499467
0.763221
1.1488
1.67214
2.30322
2.94238
3.44558
3.70137
3.69618
3.50035
3.17837
2.75735
2.29796
1.8404
1.40989
1.02455
0.69376
0.418753
0.193569
0.00632916
-0.154248
-0.297168
-0.430105
-0.558998
-0.686253
-0.812549
-0.93714
-1.05676
-1.154
-1.24212
-1.30228
-1.32742
-1.31676
-1.27748
-0.237865
-0.459689
-0.596334
-0.667647
-0.693671
-0.691307
-0.672782
-0.6459
-0.615139
-0.58277
-0.549646
-0.515664
-0.479997
-0.441236
-0.397558
-0.346885
-0.289112
-0.230209
-0.175054
-0.123331
-0.0743579
-0.0274079
0.0183764
0.064139
0.111582
0.163454
0.224349
0.301869
0.408205
0.561762
0.787787
1.11579
1.57022
2.14984
2.79541
3.38559
3.79029
3.94232
3.85495
3.60418
3.23926
2.80776
2.35915
1.91502
1.49273
1.10625
0.765157
0.473661
0.228881
0.0206089
-0.161635
-0.323241
-0.469959
-0.607709
-0.738873
-0.864073
-0.982661
-1.09183
-1.17628
-1.25118
-1.30039
-1.31708
-1.29773
-1.24317
-0.275393
-0.465051
-0.582224
-0.643164
-0.66421
-0.659116
-0.637986
-0.607553
-0.571999
-0.533734
-0.493976
-0.453068
-0.410664
-0.365845
-0.317261
-0.263288
-0.205464
-0.148489
-0.0940632
-0.0415478
0.00981488
0.060888
0.112782
0.167063
0.226072
0.293434
0.3748
0.478831
0.618387
0.811352
1.07983
1.44576
1.92134
2.4847
3.05689
3.51668
3.79615
3.87225
3.75281
3.48948
3.12898
2.73587
2.33736
1.94255
1.55869
1.19404
0.857748
0.557446
0.294817
0.0634493
-0.144158
-0.328009
-0.490843
-0.638667
-0.773921
-0.897329
-1.00856
-1.10556
-1.17592
-1.23729
-1.27697
-1.28832
-1.26543
-1.20267
-0.32247
-0.475938
-0.569087
-0.614878
-0.626334
-0.614569
-0.588004
-0.552514
-0.511969
-0.468778
-0.424307
-0.379142
-0.333245
-0.28607
-0.236682
-0.184048
-0.129891
-0.0768808
-0.0248969
0.0268192
0.0791762
0.133328
0.190838
0.253884
0.325521
0.410027
0.513319
0.643409
0.810881
1.02881
1.31112
1.66787
2.09655
2.53251
2.90857
3.19673
3.35936
3.38032
3.26517
3.05017
2.76954
2.47733
2.18304
1.88511
1.58108
1.27229
0.96535
0.670417
0.394923
0.138914
-0.0988488
-0.30893
-0.490252
-0.648841
-0.787161
-0.906475
-1.00749
-1.08955
-1.14392
-1.19098
-1.22187
-1.23067
-1.21023
-1.14949
-0.366712
-0.476839
-0.539109
-0.56366
-0.560805
-0.539487
-0.506603
-0.467052
-0.42411
-0.379833
-0.335406
-0.291358
-0.247721
-0.204138
-0.159966
-0.114729
-0.0690438
-0.0234694
0.0225731
0.0700152
0.120062
0.174313
0.234885
0.304526
0.386672
0.485435
0.605524
0.75208
0.93056
1.14619
1.40215
1.69563
1.97965
2.21248
2.39448
2.51386
2.55894
2.52916
2.43257
2.29318
2.13415
1.97868
1.82695
1.66963
1.49449
1.29167
1.05819
0.800151
0.528177
0.250277
-0.0238756
-0.265513
-0.467488
-0.635052
-0.772005
-0.881716
-0.967209
-1.03025
-1.06601
-1.09753
-1.11968
-1.12797
-1.11609
-1.07165
