0.26195
0.253745
0.239124
0.21926
0.194963
0.166884
0.135666
0.101978
0.066482
0.0298044
-0.00748761
-0.0449008
-0.0820355
-0.1186
-0.154416
-0.189404
-0.223576
-0.257007
-0.289828
-0.322226
-0.354379
-0.386447
-0.418602
-0.450924
-0.48335
-0.515874
-0.548494
-0.581179
-0.613864
-0.64642
-0.678537
-0.709455
-0.737384
-0.75853
-0.76583
-0.748149
-0.691855
-0.587464
-0.441738
-0.286685
-0.16845
-0.114447
-0.111833
-0.125791
-0.137742
-0.144009
-0.143936
-0.139425
-0.132589
-0.12486
-0.117046
-0.109644
-0.10333
-0.0989197
-0.0963702
-0.0955704
-0.0968085
-0.100321
-0.106423
-0.115492
-0.127571
-0.141075
-0.153827
-0.166714
0.237408
0.221202
0.200796
0.177517
0.151711
0.12329
0.092165
0.0584406
0.0224167
-0.0154787
-0.0547636
-0.0949636
-0.135658
-0.176512
-0.217284
-0.25783
-0.298085
-0.338051
-0.377789
-0.417444
-0.457098
-0.496766
-0.536423
-0.575661
-0.614157
-0.65167
-0.687938
-0.722634
-0.755364
-0.785612
-0.812624
-0.835102
-0.850642
-0.854832
-0.84026
-0.796321
-0.711827
-0.582635
-0.42294
-0.269634
-0.165241
-0.126061
-0.129532
-0.144319
-0.158031
-0.164162
-0.16305
-0.156901
-0.147867
-0.137261
-0.12595
-0.114649
-0.104604
-0.0966393
-0.0907765
-0.0873053
-0.0868339
-0.0898605
-0.0970459
-0.108959
-0.125644
-0.145773
-0.166882
-0.189347
0.201073
0.172387
0.142222
0.112311
0.0826398
0.05234
0.0204799
-0.0135248
-0.0498361
-0.0882929
-0.128549
-0.170195
-0.212838
-0.256149
-0.299883
-0.343869
-0.388004
-0.432232
-0.476559
-0.521104
-0.5658
-0.610426
-0.654471
-0.697094
-0.737714
-0.775841
-0.810951
-0.842476
-0.869811
-0.892266
-0.908936
-0.918385
-0.918068
-0.90345
-0.867167
-0.799375
-0.691359
-0.544371
-0.379936
-0.238137
-0.153936
-0.127701
-0.134811
-0.152981
-0.166944
-0.172085
-0.16944
-0.161514
-0.150429
-0.137467
-0.123461
-0.109766
-0.097811
-0.0880936
-0.0808045
-0.0765629
-0.076192
-0.0804262
-0.0902296
-0.106298
-0.128655
-0.155968
-0.185807
-0.217862
0.155874
0.110641
0.0674337
0.0285054
-0.00654493
-0.0394808
-0.0722314
-0.106217
-0.142182
-0.18031
-0.220443
-0.262263
-0.305426
-0.349628
-0.394624
-0.440218
-0.486252
-0.532596
-0.579183
-0.626102
-0.673047
-0.719405
-0.763886
-0.805493
-0.84346
-0.877111
-0.905807
-0.928978
-0.946117
-0.956738
-0.960177
-0.955216
-0.939347
-0.907871
-0.853163
-0.765665
-0.639465
-0.482466
-0.323253
-0.200041
-0.135482
-0.120266
-0.133776
-0.154044
-0.167803
-0.171746
-0.167552
-0.157878
-0.144811
-0.129526
-0.113042
-0.0979664
-0.0849428
-0.0743882
-0.0666679
-0.0627332
-0.0635628
-0.0701541
-0.0836933
-0.104905
-0.133769
-0.168867
-0.207586
-0.249244
0.104514
0.0396602
-0.018765
-0.0679675
-0.108872
-0.144332
-0.177463
-0.210677
-0.245404
-0.282237
-0.321215
-0.362102
-0.404574
-0.448313
-0.493032
-0.538469
-0.58437
-0.630487
-0.676679
-0.723007
-0.768823
-0.812761
-0.853209
-0.889059
-0.919536
-0.944035
-0.96212
-0.973572
-0.978328
-0.976383
-0.967457
-0.950409
-0.922461
-0.877985
-0.808371
-0.704872
-0.565892
-0.406671
-0.265052
-0.162784
-0.112613
-0.107739
-0.126548
-0.14822
-0.161443
-0.164152
-0.158495
-0.147062
-0.131929
-0.114378
-0.0962618
-0.080408
-0.0668103
-0.056017
-0.0485955
-0.0458037
-0.0487232
-0.0586459
-0.0768578
-0.104038
-0.140104
-0.183432
-0.231156
-0.282451
0.0498608
-0.0362846
-0.110653
-0.170044
-0.216178
-0.253259
-0.28578
-0.317254
-0.349844
-0.384528
-0.421493
-0.460505
-0.50118
-0.54311
-0.58591
-0.629206
-0.672622
-0.71579
-0.758563
-0.801003
-0.841994
-0.879415
-0.91167
-0.937887
-0.957563
-0.970458
-0.976654
-0.976469
-0.970411
-0.958802
-0.941429
-0.91667
-0.880467
-0.825866
-0.743706
-0.627294
-0.490642
-0.344008
-0.212451
-0.123534
-0.0872892
-0.091843
-0.114749
-0.136878
-0.149017
-0.150262
-0.142835
-0.129374
-0.112029
-0.092116
-0.0734398
-0.057215
-0.0434666
-0.0329714
-0.0265475
-0.0256884
-0.0315658
-0.0457513
-0.0694747
-0.103386
-0.147266
-0.199177
-0.256034
-0.316835
-0.00522375
-0.112832
-0.202403
-0.270644
-0.320459
-0.357692
-0.388356
-0.417093
-0.446735
-0.478544
-0.512723
-0.548923
-0.586599
-0.625196
-0.664206
-0.703154
-0.741582
-0.779068
-0.815644
-0.851439
-0.884558
-0.912548
-0.934324
-0.949468
-0.957953
-0.96009
-0.956499
-0.947979
-0.935245
-0.918618
-0.897087
-0.868228
-0.826631
-0.76404
-0.680882
-0.567541
-0.427279
-0.280743
-0.158078
-0.0833451
-0.0604206
-0.0730894
-0.0986866
-0.120282
-0.13078
-0.130011
-0.120426
-0.104591
-0.0847871
-0.063313
-0.0446026
-0.0282831
-0.0148151
-0.00518404
-0.000498059
-0.0023774
-0.0121253
-0.0314744
-0.0615077
-0.102879
-0.155089
-0.215822
-0.281752
-0.351946
-0.0581659
-0.1861
-0.288991
-0.363886
-0.415295
-0.450954
-0.478464
-0.503522
-0.529488
-0.557737
-0.588338
-0.620711
-0.654096
-0.687794
-0.721224
-0.75389
-0.785344
-0.815252
-0.844119
-0.872009
-0.895809
-0.91371
-0.925274
-0.930639
-0.930235
-0.924895
-0.91549
-0.903057
-0.888072
-0.870276
-0.848687
-0.819285
-0.780737
-0.720204
-0.628771
-0.50461
-0.357303
-0.211846
-0.0996254
-0.0401186
-0.030202
-0.0498747
-0.0771069
-0.0975012
-0.105832
-0.10267
-0.0904357
-0.0719195
-0.0495918
-0.0282196
-0.00949232
0.0066704
0.0193696
0.0274769
0.0295945
0.0240986
0.00950587
-0.0158849
-0.0530497
-0.102578
-0.163515
-0.233196
-0.308119
-0.38743
-0.10692
-0.253089
-0.366771
-0.445809
-0.496677
-0.529148
-0.552381
-0.572989
-0.594674
-0.618756
-0.645045
-0.672678
-0.700698
-0.728329
-0.755017
-0.780353
-0.803992
-0.825889
-0.847463
-0.867408
-0.882284
-0.891401
-0.894915
-0.893348
-0.887568
-0.87851
-0.867388
-0.854667
-0.841711
-0.828254
-0.812326
-0.786328
-0.74218
-0.671612
-0.567301
-0.430085
-0.27553
-0.133454
-0.0347689
0.00776694
0.00475667
-0.0210375
-0.0490433
-0.067619
-0.0732626
-0.0671058
-0.0517895
-0.0303224
-0.00685156
0.0141677
0.0327106
0.0482786
0.0595104
0.0652413
0.0637864
0.0536655
0.0331667
0.000835828
-0.0443274
-0.10261
-0.172577
-0.251263
-0.334965
-0.422872
-0.150083
-0.311821
-0.433596
-0.514451
-0.563034
-0.591165
-0.60943
-0.625175
-0.642269
-0.661839
-0.683375
-0.705743
-0.727857
-0.748965
-0.768633
-0.786613
-0.802721
-0.817607
-0.833336
-0.845875
-0.853454
-0.856038
-0.854277
-0.848877
-0.841082
-0.832046
-0.823084
-0.816305
-0.809312
-0.79889
-0.780984
-0.74959
-0.696254
-0.611946
-0.491135
-0.339447
-0.179316
-0.0448625
0.0362633
0.060173
0.0446061
0.0140661
-0.01357
-0.0294846
-0.0316067
-0.0217166
-0.00287061
0.0213728
0.0439937
0.0649171
0.0829095
0.0971669
0.105962
0.1082
0.101981
0.0860603
0.0585372
0.0183065
-0.0357112
-0.103211
-0.182454
-0.270038
-0.362023
-0.457922
-0.186869
-0.361259
-0.488592
-0.569431
-0.614645
-0.637962
-0.651184
-0.662182
-0.674826
-0.689958
-0.706729
-0.723784
-0.739997
-0.754729
-0.76773
-0.778952
-0.788461
-0.798567
-0.808954
-0.815484
-0.817742
-0.816344
-0.811986
-0.806309
-0.800402
-0.796424
-0.792356
-0.78743
-0.780161
-0.767792
-0.745384
-0.705707
-0.63935
-0.537264
-0.397064
-0.23095
-0.0690232
0.0522546
0.111951
0.11645
0.0900737
0.0566833
0.0309813
0.0189772
0.0214375
0.0356614
0.0580846
0.0821707
0.104548
0.125038
0.141716
0.153541
0.15862
0.15596
0.143654
0.120614
0.0849753
0.0358436
-0.0276958
-0.104793
-0.193411
-0.28954
-0.38921
-0.492322
-0.216989
-0.401105
-0.531803
-0.611384
-0.65285
-0.671582
-0.68032
-0.687228
-0.696014
-0.70716
-0.719483
-0.731477
-0.742072
-0.750832
-0.757775
-0.763025
-0.76733
-0.774563
-0.780181
-0.782562
-0.781929
-0.779577
-0.776583
-0.773768
-0.770689
-0.767266
-0.763329
-0.757896
-0.748983
-0.732877
-0.703534
-0.652277
-0.568711
-0.44494
-0.283415
-0.104905
0.0530755
0.155145
0.190507
0.17703
0.142692
0.109057
0.0871449
0.0806044
0.0884478
0.107098
0.13144
0.154167
0.176075
0.195112
0.209102
0.21687
0.21661
0.207412
0.187625
0.156118
0.111393
0.0524483
-0.0210181
-0.107995
-0.20571
-0.309877
-0.416516
-0.525783
-0.240511
-0.431574
-0.56385
-0.641488
-0.679429
-0.694382
-0.699698
-0.703568
-0.709372
-0.717153
-0.725433
-0.732664
-0.737973
-0.741243
-0.742841
-0.743091
-0.745038
-0.749734
-0.752542
-0.753352
-0.752561
-0.750786
-0.74827
-0.745271
-0.742053
-0.738492
-0.734025
-0.727252
-0.715363
-0.693528
-0.654251
-0.587299
-0.481994
-0.33305
-0.150106
0.0361097
0.182733
0.260006
0.270974
0.243068
0.204769
0.173869
0.157953
0.158038
0.171445
0.193301
0.215419
0.237781
0.258078
0.274006
0.283427
0.285171
0.277809
0.260432
0.231906
0.190811
0.136253
0.066961
-0.0166475
-0.113377
-0.219709
-0.331225
-0.443813
-0.558081
-0.257724
-0.453198
-0.585679
-0.661162
-0.696257
-0.708632
-0.711887
-0.713949
-0.717684
-0.722664
-0.727219
-0.72995
-0.730391
-0.728924
-0.726261
-0.723057
-0.725487
-0.728552
-0.729234
-0.728498
-0.72672
-0.724208
-0.72125
-0.718063
-0.714667
-0.710665
-0.705055
-0.695752
-0.678966
-0.648557
-0.595392
-0.508134
-0.376843
-0.201006
0.000262974
0.186479
0.31355
0.363288
0.353217
0.316402
0.278807
0.253838
0.245861
0.25261
0.270308
0.290185
0.311197
0.331578
0.348158
0.358632
0.361223
0.354883
0.338814
0.311958
0.273814
0.222596
0.157735
0.0781203
-0.0156593
-0.121538
-0.235961
-0.353676
-0.471134
-0.588967
-0.269037
-0.466675
-0.598373
-0.671867
-0.705103
-0.716309
-0.718946
-0.720377
-0.722809
-0.725394
-0.726508
-0.725171
-0.721479
-0.716408
-0.710599
-0.706866
-0.707728
-0.708122
-0.707562
-0.705916
-0.703504
-0.700545
-0.697252
-0.69369
-0.689601
-0.684275
-0.676153
-0.662348
-0.63797
-0.595388
-0.524056
-0.412193
-0.252293
-0.0511041
0.161463
0.337727
0.43902
0.462906
0.438288
0.399328
0.367098
0.350974
0.35115
0.363112
0.37979
0.396914
0.415414
0.431088
0.441107
0.443452
0.437044
0.420944
0.395171
0.358368
0.310271
0.249104
0.173864
0.0843911
-0.0190906
-0.13352
-0.254726
-0.377544
-0.498211
-0.617851
-0.274892
-0.472722
-0.602957
-0.67485
-0.707293
-0.718655
-0.721887
-0.723539
-0.725115
-0.725498
-0.723345
-0.718116
-0.710483
-0.702565
-0.694876
-0.693132
-0.693236
-0.692366
-0.690498
-0.687696
-0.684258
-0.680381
-0.676164
-0.671438
-0.665671
-0.657704
-0.645298
-0.62465
-0.589609
-0.531125
-0.437655
-0.298212
-0.109976
0.110883
0.3244
0.481249
0.555218
0.559323
0.528828
0.494153
0.471235
0.464928
0.470903
0.483647
0.494672
0.508502
0.521094
0.528597
0.529044
0.520914
0.504089
0.477645
0.442098
0.39592
0.338213
0.267803
0.182873
0.0836924
-0.0283156
-0.150097
-0.276615
-0.402584
-0.524405
-0.643853
-0.275442
-0.471432
-0.599223
-0.669234
-0.700924
-0.712575
-0.716576
-0.71875
-0.720047
-0.719326
-0.716063
-0.71009
-0.702337
-0.694081
-0.687006
-0.684625
-0.682849
-0.680082
-0.676427
-0.672032
-0.667161
-0.661907
-0.656153
-0.649485
-0.640989
-0.628917
-0.61027
-0.580206
-0.531297
-0.453356
-0.334702
-0.166983
0.0455738
0.276712
0.479883
0.611923
0.662413
0.656019
0.627978
0.602522
0.590381
0.591033
0.597842
0.602208
0.60903
0.615401
0.618001
0.613933
0.602531
0.582782
0.55551
0.519677
0.47538
0.421209
0.354906
0.275406
0.181866
0.0744331
-0.0447083
-0.171697
-0.301216
-0.428163
-0.54905
-0.666131
-0.27167
-0.464484
-0.589737
-0.658625
-0.690804
-0.704246
-0.710694
-0.715232
-0.71827
-0.718444
-0.714932
-0.708063
-0.699184
-0.689777
-0.682652
-0.678389
-0.674239
-0.669235
-0.663527
-0.657303
-0.65071
-0.643649
-0.63578
-0.626346
-0.613911
-0.596082
-0.569011
-0.526749
-0.460797
-0.360404
-0.215168
-0.0215316
0.207786
0.437944
0.622316
0.729937
0.765242
0.758012
0.738221
0.723729
0.719728
0.720584
0.717481
0.714687
0.712085
0.706017
0.694808
0.676832
0.652906
0.622376
0.586244
0.543229
0.4915
0.429928
0.3566
0.269843
0.169284
0.0557666
-0.0679887
-0.19767
-0.327838
-0.453538
-0.57142
-0.683799
-0.264096
-0.452732
-0.575807
-0.644885
-0.679324
-0.696354
-0.706738
-0.714595
-0.719684
-0.720474
-0.716413
-0.70838
-0.698176
-0.687332
-0.679021
-0.672531
-0.665838
-0.658455
-0.650595
-0.642386
-0.633793
-0.624515
-0.613891
-0.600688
-0.582909
-0.557442
-0.519495
-0.462177
-0.376289
-0.251568
-0.0806956
0.133404
0.369705
0.589079
0.751569
0.840626
0.87035
0.869007
0.859366
0.852825
0.849345
0.838913
0.824241
0.809466
0.791662
0.768941
0.741711
0.709763
0.674845
0.636292
0.592854
0.543909
0.487432
0.421009
0.342709
0.251001
0.145815
0.0286224
-0.0972847
-0.227223
-0.35579
-0.478051
-0.59088
-0.696041
-0.25325
-0.436613
-0.557618
-0.627874
-0.665992
-0.688036
-0.703463
-0.715257
-0.722535
-0.723777
-0.718905
-0.70947
-0.697742
-0.685512
-0.675183
-0.666037
-0.656669
-0.646868
-0.636796
-0.626443
-0.615581
-0.603598
-0.589389
-0.571213
-0.546443
-0.511149
-0.459727
-0.384583
-0.276584
-0.127397
0.0656109
0.292537
0.526353
0.729447
0.872769
0.951528
0.982912
0.989418
0.986534
0.980265
0.965246
0.937477
0.908033
0.875013
0.837608
0.79643
0.753759
0.710495
0.666521
0.622077
0.575307
0.524123
0.465633
0.396835
0.315472
0.220488
0.112531
-0.00619075
-0.131905
-0.259721
-0.384416
-0.50114
-0.607236
-0.702201
-0.240023
-0.41714
-0.536164
-0.60844
-0.651413
-0.679571
-0.700767
-0.716733
-0.726024
-0.72733
-0.721289
-0.710285
-0.696981
-0.682672
-0.669958
-0.658064
-0.646056
-0.633847
-0.621506
-0.608858
-0.595362
-0.57999
-0.561163
-0.536554
-0.502812
-0.455296
-0.387754
-0.292438
-0.161422
0.0103394
0.21998
0.451672
0.676558
0.863167
0.993276
1.06836
1.10366
1.11449
1.11043
1.09301
1.05445
1.00941
0.958968
0.903574
0.845374
0.787421
0.731842
0.680429
0.632601
0.587049
0.540661
0.489864
0.430794
0.360279
0.276475
0.179232
0.0700809
-0.0481384
-0.171414
-0.294843
-0.413366
-0.522324
-0.62065
-0.702008
-0.225676
-0.395777
-0.512929
-0.587939
-0.636676
-0.671669
-0.698908
-0.718822
-0.729581
-0.730374
-0.722804
-0.710152
-0.694805
-0.678048
-0.662732
-0.64809
-0.633489
-0.618897
-0.604238
-0.589038
-0.572357
-0.552718
-0.527967
-0.495116
-0.450174
-0.387907
-0.30181
-0.184894
-0.0315193
0.159196
0.379133
0.60938
0.823104
0.996495
1.11846
1.19196
1.22751
1.23483
1.21845
1.17457
1.11502
1.04697
0.972056
0.89415
0.81787
0.747401
0.684983
0.631191
0.584154
0.540536
0.495758
0.445223
0.384866
0.312047
0.225913
0.127389
0.0187358
-0.0968824
-0.215497
-0.332375
-0.442506
-0.541508
-0.629471
-0.695134
-0.211873
-0.374441
-0.489871
-0.568165
-0.623237
-0.665305
-0.698306
-0.721436
-0.732757
-0.732293
-0.722807
-0.708355
-0.690189
-0.671099
-0.653055
-0.635698
-0.618596
-0.601658
-0.584517
-0.566334
-0.545727
-0.520642
-0.488298
-0.445113
-0.386539
-0.307043
-0.200609
-0.0618365
0.111805
0.316865
0.54175
0.767138
0.970588
1.13357
1.24857
1.31661
1.34461
1.33813
1.29542
1.22493
1.14111
1.04761
0.949772
0.854302
0.766447
0.690102
0.626476
0.574125
0.52941
0.487375
0.442612
0.39036
0.32714
0.251366
0.163353
0.0649212
-0.0413179
-0.152192
-0.263918
-0.371992
-0.471572
-0.559268
-0.633226
-0.681643
-0.200617
-0.355424
-0.469313
-0.551217
-0.612751
-0.661533
-0.699375
-0.724444
-0.735095
-0.732564
-0.720948
-0.704634
-0.682998
-0.661353
-0.640611
-0.620667
-0.601159
-0.581775
-0.561822
-0.540028
-0.514421
-0.482336
-0.440416
-0.384534
-0.309823
-0.211061
-0.0833511
0.0763794
0.267207
0.482366
0.708434
0.927756
1.12114
1.27332
1.37689
1.43179
1.44245
1.41145
1.33607
1.24089
1.13204
1.01719
0.90319
0.797372
0.704622
0.627343
0.564955
0.514144
0.470003
0.426842
0.379283
0.323161
0.256053
0.177548
0.0889174
-0.00754145
-0.109287
-0.21337
-0.316185
-0.413368
-0.500209
-0.575173
-0.631738
-0.661818
-0.194102
-0.341205
-0.453723
-0.539259
-0.606826
-0.66126
-0.70233
-0.727576
-0.736157
-0.730834
-0.716891
-0.697398
-0.672912
-0.648568
-0.625227
-0.602803
-0.580843
-0.558775
-0.535488
-0.509107
-0.477049
-0.436073
-0.382265
-0.31116
-0.21808
-0.0985975
0.0504226
0.229302
0.43414
0.655695
0.880296
1.09131
1.27166
1.4074
1.49179
1.5248
1.5084
1.4412
1.3418
1.22414
1.09665
0.96774
0.844934
0.734833
0.640911
0.563826
0.501534
0.44966
0.402867
0.355593
0.303105
0.242192
0.171513
0.0915859
0.00421806
-0.0882581
-0.183607
-0.279108
-0.371208
-0.455649
-0.528665
-0.587721
-0.624992
-0.636257
-0.194464
-0.33416
-0.445404
-0.534196
-0.606715
-0.664982
-0.707038
-0.730364
-0.73543
-0.726695
-0.710394
-0.686636
-0.659549
-0.632588
-0.606748
-0.581833
-0.557257
-0.532071
-0.504557
-0.472229
-0.431912
-0.37977
-0.31152
-0.222785
-0.109473
0.0314675
0.200978
0.396748
0.612128
0.836339
1.05505
1.25245
1.41221
1.52287
1.5803
1.58376
1.53264
1.43762
1.31886
1.18548
1.04644
0.910088
0.783285
0.671234
0.576058
0.497297
0.432253
0.376348
0.324451
0.271578
0.213812
0.148838
0.0761333
-0.00323179
-0.0873312
-0.174115
-0.261659
-0.347323
-0.427436
-0.49756
-0.555854
-0.596132
-0.613161
-0.605831
-0.203507
-0.336249
-0.446141
-0.537314
-0.61299
-0.672557
-0.712876
-0.732072
-0.732379
-0.720051
-0.700952
-0.672483
-0.642767
-0.613258
-0.584908
-0.557391
-0.529833
-0.500714
-0.467704
-0.427704
-0.376895
-0.311022
-0.22579
-0.117249
0.0175767
0.179887
0.368232
0.57759
0.798921
1.01951
1.22472
1.399
1.52887
1.60661
1.63132
1.60281
1.5208
1.40885
1.27731
1.1346
0.989241
0.848674
0.718779
0.603772
0.505236
0.422447
0.352666
0.291511
0.234218
0.176376
0.114732
0.0476086
-0.0250179
-0.101866
-0.181166
-0.261247
-0.340241
-0.415282
-0.482495
-0.53849
-0.579562
-0.599872
-0.596688
-0.571602
-0.222439
-0.3487
-0.456866
-0.548962
-0.625293
-0.683064
-0.718735
-0.731751
-0.72646
-0.710312
-0.686046
-0.654682
-0.622256
-0.590182
-0.559251
-0.52883
-0.497568
-0.463354
-0.423234
-0.373411
-0.309581
-0.22737
-0.12278
0.00720936
0.163931
0.346324
0.550186
0.767599
0.987006
1.19439
1.37497
1.51622
1.6089
1.65077
1.64284
1.58303
1.48622
1.36405
1.22468
1.07592
0.925467
0.78009
0.64545
0.52572
0.422622
0.335477
0.261509
0.196397
0.135556
0.0749372
0.0117287
-0.0553306
-0.125978
-0.198919
-0.272619
-0.345674
-0.415974
-0.480157
-0.534133
-0.575376
-0.597987
-0.598325
-0.575971
-0.534579
-0.251687
-0.371793
-0.477425
-0.568354
-0.642241
-0.694827
-0.723033
-0.728324
-0.717069
-0.697124
-0.666987
-0.632743
-0.59758
-0.562924
-0.529142
-0.49517
-0.459145
-0.418352
-0.369089
-0.307009
-0.227584
-0.126606
-0.000864865
0.151141
0.328536
0.527453
0.74054
0.956918
1.16315
1.34519
1.49094
1.59236
1.64702
1.65667
1.62108
1.54477
1.43819
1.30797
1.16116
1.00517
0.847585
0.695573
0.555396
0.431547
0.325726
0.236882
0.161767
0.0957904
0.0343381
-0.0264131
-0.0889286
-0.154132
-0.22155
-0.289954
-0.357986
-0.424207
-0.485946
-0.53917
-0.580652
-0.605762
-0.609966
-0.591398
-0.551671
-0.49582
-0.290802
-0.404745
-0.506485
-0.593551
-0.661509
-0.705562
-0.724038
-0.720647
-0.703375
-0.678148
-0.643293
-0.606058
-0.568162
-0.530683
-0.493472
-0.45502
-0.412912
-0.363675
-0.303016
-0.226265
-0.128931
-0.00747731
0.139882
0.312451
0.506495
0.71488
0.927136
1.13033
1.31093
1.45733
1.56249
1.62544
1.6493
1.63531
1.58103
1.49322
1.376
1.23507
1.07751
0.911416
0.745392
0.587603
0.444788
0.321104
0.217374
0.131493
0.0593426
-0.00408115
-0.0634113
-0.122187
-0.182468
-0.244802
-0.308503
-0.372381
-0.435093
-0.494777
-0.548102
-0.590822
-0.619086
-0.628119
-0.614884
-0.579289
-0.524476
-0.456203
-0.338477
-0.445735
-0.541614
-0.621652
-0.680119
-0.712737
-0.719874
-0.707506
-0.684661
-0.652513
-0.614133
-0.573934
-0.533099
-0.492287
-0.450846
-0.40677
-0.356924
-0.29724
-0.223045
-0.129586
-0.0129309
0.129123
0.29619
0.484687
0.687601
0.894737
1.09367
1.27145
1.41694
1.52364
1.59119
1.62581
1.6289
1.59453
1.5253
1.42217
1.28916
1.13285
0.961753
0.785589
0.614183
0.456075
0.317285
0.200437
0.104637
0.0263475
-0.0394095
-0.0978643
-0.153427
-0.209151
-0.266554
-0.325738
-0.385792
-0.445475
-0.50326
-0.556554
-0.601245
-0.633297
-0.648057
-0.641777
-0.612846
-0.562635
-0.495223
-0.416529
-0.392641
-0.492058
-0.579538
-0.649136
-0.694852
-0.713867
-0.708877
-0.687983
-0.659447
-0.620551
-0.578791
-0.535415
-0.491193
-0.446364
-0.399715
-0.348582
-0.289289
-0.21736
-0.127971
-0.0168276
0.118778
0.278947
0.460456
0.656538
0.857329
1.05094
1.22515
1.36948
1.47728
1.54836
1.59102
1.60579
1.58757
1.53405
1.44363
1.31855
1.16487
0.991488
0.80901
0.628405
0.459538
0.309714
0.182814
0.0790861
-0.00432258
-0.0721818
-0.129926
-0.182595
-0.234041
-0.286619
-0.341202
-0.397411
-0.454119
-0.509887
-0.562759
-0.609377
-0.645193
-0.665919
-0.667508
-0.647213
-0.604772
-0.542536
-0.464921
-0.377573
-0.450636
-0.540397
-0.616524
-0.672372
-0.70268
-0.706672
-0.689736
-0.661016
-0.624635
-0.581487
-0.536184
-0.489217
-0.441068
-0.391412
-0.338364
-0.278799
-0.208653
-0.123267
-0.0181987
0.109704
0.261214
0.433731
0.62105
0.81387
1.001
1.17103
1.314
1.42337
1.49812
1.54794
1.57141
1.56451
1.52235
1.44158
1.32292
1.17208
0.998247
0.812664
0.627014
0.451866
0.2953
0.161956
0.0528521
-0.0341657
-0.10349
-0.16052
-0.210568
-0.25805
-0.305985
-0.355909
-0.408034
-0.461535
-0.515069
-0.566876
-0.614395
-0.653512
-0.679655
-0.688963
-0.678127
-0.645567
-0.592041
-0.520321
-0.43463
-0.340051
-0.509458
-0.587171
-0.648844
-0.688023
-0.701003
-0.689716
-0.661634
-0.625562
-0.5818
-0.534502
-0.485294
-0.434309
-0.381575
-0.326115
-0.265608
-0.196597
-0.114848
-0.0160326
0.10328
0.244485
0.40586
0.58216
0.765019
0.944188
1.10913
1.25049
1.36166
1.44229
1.49814
1.52861
1.52947
1.49484
1.4205
1.30628
1.15779
0.984558
0.798192
0.610719
0.432973
0.273307
0.136743
0.0247506
-0.0643207
-0.134403
-0.190667
-0.23845
-0.282425
-0.32608
-0.371478
-0.41934
-0.469288
-0.520128
-0.570253
-0.617495
-0.658635
-0.689086
-0.705065
-0.70324
-0.681213
-0.63847
-0.576328
-0.497435
-0.405417
-0.304649
-0.566019
-0.628953
-0.673217
-0.693354
-0.688104
-0.662079
-0.623746
-0.57966
-0.530424
-0.478738
-0.425338
-0.369868
-0.311838
-0.249863
-0.181311
-0.102601
-0.00980299
0.100531
0.230303
0.378763
0.541894
0.712665
0.882122
1.04077
1.17993
1.29314
1.37974
1.44245
1.47928
1.48623
1.45681
1.38667
1.27536
1.12862
0.956383
0.770561
0.583238
0.405248
0.244944
0.107434
-0.00558616
-0.0954528
-0.165727
-0.221249
-0.267201
-0.308296
-0.348237
-0.389461
-0.433104
-0.479184
-0.526842
-0.5746
-0.620549
-0.66215
-0.695464
-0.716474
-0.722188
-0.709949
-0.67839
-0.627732
-0.559329
-0.475244
-0.378238
-0.271962
-0.617443
-0.662765
-0.686988
-0.686664
-0.66334
-0.623521
-0.576509
-0.524678
-0.470244
-0.414121
-0.356247
-0.295851
-0.23218
-0.163547
-0.0872147
0.00010401
0.101589
0.219431
0.353801
0.502094
0.658922
0.816906
0.967883
1.10395
1.21869
1.31121
1.38105
1.42487
1.43788
1.41322
1.3466
1.23759
1.09225
0.921002
0.736061
0.54955
0.372213
0.212333
0.0749919
-0.03806
-0.127995
-0.19813
-0.253022
-0.297608
-0.336495
-0.373426
-0.411002
-0.450661
-0.492757
-0.536783
-0.581514
-0.625264
-0.665822
-0.700275
-0.724536
-0.735824
-0.731681
-0.710334
-0.671284
-0.615037
-0.542511
-0.454848
-0.353819
-0.242431
-0.661297
-0.686269
-0.688521
-0.66725
-0.626508
-0.574826
-0.519357
-0.46105
-0.401708
-0.341143
-0.278674
-0.213446
-0.144503
-0.0700467
0.0124019
0.105511
0.211493
0.331281
0.463707
0.605213
0.750239
0.892092
1.02387
1.1392
1.23715
1.31433
1.366
1.38638
1.36769
1.30558
1.19945
1.05567
0.885194
0.700671
0.514439
0.337314
0.177607
0.0404091
-0.0725377
-0.162377
-0.232319
-0.286742
-0.33037
-0.367637
-0.402216
-0.436742
-0.472764
-0.510899
-0.550941
-0.592023
-0.632668
-0.671039
-0.704817
-0.730637
-0.745495
-0.747326
-0.734368
-0.705736
-0.661448
-0.601833
-0.527006
-0.437
-0.332598
-0.216303
-0.695587
-0.697968
-0.677202
-0.63523
-0.579022
-0.517417
-0.453863
-0.390005
-0.326096
-0.261274
-0.19471
-0.12553
-0.0527051
0.0253951
0.110779
0.205394
0.310665
0.426799
0.552114
0.683021
0.81446
0.940497
1.05523
1.15778
1.24211
1.3025
1.33213
1.32184
1.26668
1.16533
1.02404
0.85424
0.669195
0.481811
0.303363
0.142486
0.00443815
-0.109023
-0.199102
-0.269049
-0.323196
-0.366148
-0.402187
-0.434869
-0.466801
-0.499554
-0.533803
-0.569607
-0.606451
-0.64324
-0.678395
-0.709997
-0.735657
-0.752287
-0.758
-0.751303
-0.731203
-0.697462
-0.650196
-0.589178
-0.513502
-0.422045
-0.314692
-0.193606
-0.718934
-0.697093
-0.652902
-0.591873
-0.522497
-0.451869
-0.381825
-0.313116
-0.245183
-0.176988
-0.107677
-0.0364494
0.0376009
0.115827
0.19986
0.291319
0.391348
0.500006
0.615831
0.735562
0.854423
0.96741
1.07307
1.16376
1.23311
1.27352
1.27474
1.23012
1.13682
1.00015
0.831562
0.645087
0.454658
0.272598
0.108374
-0.0322812
-0.14749
-0.238563
-0.308918
-0.362999
-0.405416
-0.440377
-0.471344
-0.500865
-0.530528
-0.561023
-0.592421
-0.624522
-0.656705
-0.687735
-0.716073
-0.739907
-0.756779
-0.764593
-0.762135
-0.748509
-0.723366
-0.686769
-0.638561
-0.577723
-0.502254
-0.409942
-0.299918
-0.174159
-0.730437
-0.683337
-0.616806
-0.53902
-0.458761
-0.380576
-0.305196
-0.232481
-0.161696
-0.0917579
-0.0219422
0.0483627
0.119964
0.194192
0.27274
0.357425
0.44968
0.549925
0.656742
0.766831
0.876869
0.983081
1.07838
1.15592
1.20777
1.22317
1.19313
1.1124
0.984001
0.818527
0.630499
0.435296
0.247033
0.0767467
-0.0688512
-0.187532
-0.280697
-0.352043
-0.406281
-0.448184
-0.482003
-0.511167
-0.538193
-0.564682
-0.591389
-0.618388
-0.645441
-0.67236
-0.698526
-0.722696
-0.743466
-0.759185
-0.767692
-0.767768
-0.758715
-0.740175
-0.712185
-0.674766
-0.627242
-0.567713
-0.493133
-0.400336
-0.287853
-0.157608
-0.729274
-0.65722
-0.570355
-0.478519
-0.389752
-0.305429
-0.225822
-0.150536
-0.0787034
-0.00941779
0.0578053
0.123534
0.188857
0.255542
0.32587
0.402215
0.486469
0.579068
0.678426
0.782926
0.887406
0.984832
1.06893
1.13186
1.16267
1.15048
1.08734
0.972517
0.814072
0.626095
0.425426
0.228704
0.0494912
-0.103745
-0.228002
-0.324653
-0.397739
-0.452395
-0.493728
-0.526183
-0.553267
-0.577517
-0.600572
-0.623282
-0.645831
-0.667949
-0.689352
-0.710032
-0.729388
-0.746315
-0.759565
-0.767677
-0.768977
-0.762912
-0.749188
-0.727817
-0.698942
-0.6623
-0.616587
-0.559046
-0.485715
-0.39264
-0.277904
-0.143474
-0.715451
-0.619742
-0.51528
-0.41302
-0.317352
-0.228332
-0.146102
-0.0700829
0.000447647
0.0660878
0.127277
0.184998
0.241092
0.298257
0.359544
0.427821
0.50494
0.591082
0.686849
0.786099
0.88272
0.970651
1.04268
1.08834
1.09564
1.05442
0.959389
0.814144
0.630447
0.425738
0.219529
0.0289664
-0.134654
-0.26684
-0.368628
-0.44439
-0.499811
-0.540515
-0.571318
-0.595956
-0.617084
-0.636418
-0.65491
-0.672903
-0.690252
-0.706559
-0.721652
-0.735751
-0.748269
-0.758376
-0.765008
-0.76657
-0.76226
-0.751862
-0.735378
-0.712991
-0.684731
-0.649926
-0.606644
-0.551374
-0.479398
-0.386147
-0.269394
-0.131207
-0.689255
-0.572332
-0.454422
-0.344511
-0.243323
-0.151354
-0.0683624
0.00614645
0.0725975
0.131468
0.183601
0.230896
0.276405
0.3238
0.376621
0.43755
0.508307
0.591393
0.681297
0.772923
0.860743
0.93822
0.996103
1.02218
1.00519
0.935684
0.811366
0.639162
0.435004
0.220652
0.0176047
-0.158701
-0.301196
-0.409984
-0.489578
-0.546285
-0.586411
-0.615339
-0.6372
-0.654908
-0.670331
-0.684537
-0.698
-0.710756
-0.722495
-0.732809
-0.741717
-0.749616
-0.75602
-0.760289
-0.761422
-0.757958
-0.749708
-0.736683
-0.719056
-0.697009
-0.670326
-0.6379
-0.597236
-0.544207
-0.473505
-0.380127
-0.261638
-0.12024
-0.651556
-0.517574
-0.390368
-0.274401
-0.169781
-0.0767549
0.00488214
0.0753837
0.135007
0.184491
0.225613
0.261644
0.296778
0.335193
0.380246
0.434832
0.501423
0.577395
0.658907
0.741278
0.818928
0.884189
0.925601
0.932108
0.891497
0.795603
0.644353
0.448986
0.231332
0.0170629
-0.173033
-0.327867
-0.445613
-0.530469
-0.58927
-0.629125
-0.656169
-0.67511
-0.689257
-0.70075
-0.710809
-0.720019
-0.728522
-0.736171
-0.742577
-0.747378
-0.750785
-0.753293
-0.75473
-0.754615
-0.751301
-0.744301
-0.733594
-0.719332
-0.701741
-0.680878
-0.656229
-0.626285
-0.588086
-0.537035
-0.467416
-0.373908
-0.25398
-0.110005
-0.604724
-0.458389
-0.325015
-0.204945
-0.0988373
-0.0068004
0.0712113
0.135304
0.185836
0.224307
0.253923
0.279302
0.305201
0.335486
0.373573
0.422381
0.480887
0.547166
0.61797
0.689096
0.754759
0.805265
0.830897
0.818622
0.755943
0.635199
0.459761
0.247742
0.0270598
-0.175728
-0.343971
-0.472473
-0.564263
-0.62637
-0.666674
-0.692187
-0.708378
-0.719098
-0.726841
-0.733069
-0.738488
-0.743303
-0.747414
-0.750551
-0.75231
-0.752394
-0.751209
-0.749399
-0.747225
-0.743627
-0.737189
-0.727924
-0.715932
-0.701433
-0.684609
-0.66532
-0.642756
-0.615066
-0.578952
-0.529478
-0.460618
-0.366899
-0.245817
-0.0999566
-0.551454
-0.397823
-0.26008
-0.138155
-0.0326341
0.0562836
0.128526
0.184237
0.224309
0.251525
0.270577
0.286792
0.304489
0.327398
0.35883
0.398869
0.446512
0.500306
0.557818
0.615441
0.666318
0.703075
0.713767
0.684085
0.600297
0.456361
0.262308
0.0442446
-0.166834
-0.347712
-0.488122
-0.588585
-0.655615
-0.697615
-0.722456
-0.736463
-0.744201
-0.748628
-0.751481
-0.753635
-0.755389
-0.756645
-0.757126
-0.756492
-0.754398
-0.750618
-0.745729
-0.740705
-0.736188
-0.7299
-0.721399
-0.710846
-0.698417
-0.684307
-0.668604
-0.650931
-0.630202
-0.604349
-0.570012
-0.521692
-0.453195
-0.359049
-0.236917
-0.0897057
-0.494962
-0.337654
-0.197712
-0.0760543
0.0268192
0.110652
0.175391
0.221545
0.251
0.26799
0.278166
0.286546
0.297057
0.313337
0.33625
0.365149
0.399283
0.437906
0.479508
0.520929
0.557981
0.581601
0.578422
0.531802
0.427478
0.264461
0.0616664
-0.149284
-0.339165
-0.491208
-0.601735
-0.675543
-0.720963
-0.746542
-0.759434
-0.764963
-0.766722
-0.766816
-0.766305
-0.765565
-0.764591
-0.763066
-0.76061
-0.756865
-0.751625
-0.744746
-0.737042
-0.730285
-0.723778
-0.71572
-0.705996
-0.694904
-0.682642
-0.669356
-0.655227
-0.639371
-0.62033
-0.595781
-0.562005
-0.513674
-0.444651
-0.349633
-0.226583
-0.0787559
-0.438902
-0.279418
-0.139633
-0.0203303
0.0780081
0.155148
0.211294
0.2477
0.267482
0.275985
0.278909
0.280742
0.285381
0.294354
0.307205
0.323095
0.341666
0.362784
0.386827
0.41299
0.436506
0.447557
0.430407
0.366338
0.243703
0.0697265
-0.129172
-0.320871
-0.481937
-0.602846
-0.685134
-0.73601
-0.764179
-0.777512
-0.782062
-0.782047
-0.780103
-0.77759
-0.774983
-0.772278
-0.769265
-0.765554
-0.760723
-0.754445
-0.746669
-0.737389
-0.727733
-0.720408
-0.712468
-0.703413
-0.69332
-0.682811
-0.671503
-0.659216
-0.645705
-0.63024
-0.611425
-0.586837
-0.552649
-0.503553
-0.433537
-0.337584
-0.214047
-0.0665345
-0.384028
-0.224655
-0.0871623
0.027912
0.120145
0.189494
0.236718
0.264091
0.275776
0.277562
0.274696
0.27169
0.270721
0.271655
0.273518
0.275482
0.277165
0.281328
0.289268
0.300672
0.310962
0.308851
0.276254
0.194924
0.0594689
-0.114603
-0.29784
-0.462359
-0.592143
-0.6838
-0.742109
-0.775064
-0.79078
-0.796001
-0.795562
-0.792571
-0.78878
-0.784967
-0.781162
-0.777113
-0.772491
-0.767034
-0.760292
-0.751985
-0.742126
-0.731258
-0.721794
-0.714043
-0.705448
-0.69592
-0.685508
-0.674433
-0.662601
-0.64988
-0.635953
-0.620047
-0.600691
-0.575366
-0.540183
-0.489899
-0.418727
-0.322047
-0.198678
-0.0525789
-0.33093
-0.1741
-0.0408652
0.0683618
0.15332
0.214377
0.253117
0.272761
0.278078
0.274713
0.26792
0.260864
0.253996
0.246476
0.236893
0.225242
0.213197
0.202785
0.196264
0.193909
0.190638
0.173541
0.124047
0.0279587
-0.11236
-0.276276
-0.436206
-0.571027
-0.671591
-0.738711
-0.77864
-0.799077
-0.806999
-0.807832
-0.805225
-0.801235
-0.796872
-0.7925
-0.787929
-0.782771
-0.776683
-0.769601
-0.761113
-0.750909
-0.738912
-0.725678
-0.71672
-0.707631
-0.698136
-0.687843
-0.676771
-0.665016
-0.652518
-0.639127
-0.624478
-0.607743
-0.587388
-0.560831
-0.52419
-0.472376
-0.39995
-0.302807
-0.180312
-0.0367559
-0.280046
-0.127935
-0.000684859
0.101394
0.178353
0.231223
0.262424
0.275861
0.276457
0.269861
0.260203
0.249085
0.236211
0.220157
0.201238
0.179777
0.156813
0.134736
0.116084
0.100846
0.0829586
0.0489659
-0.0172087
-0.12332
-0.260619
-0.407599
-0.541715
-0.648786
-0.724872
-0.77309
-0.799866
-0.811991
-0.815048
-0.813164
-0.809055
-0.804019
-0.798609
-0.792939
-0.787005
-0.780307
-0.772478
-0.763677
-0.754077
-0.743376
-0.73174
-0.721074
-0.712217
-0.70272
-0.69242
-0.681203
-0.669141
-0.656318
-0.6427
-0.628124
-0.612179
-0.593988
-0.57196
-0.543495
-0.504789
-0.451013
-0.377198
-0.279863
-0.15896
-0.0190795
-0.231397
-0.0859509
0.0338488
0.127824
0.196565
0.241819
0.26672
0.275595
0.273315
0.26461
0.252229
0.236976
0.21794
0.195854
0.170762
0.14249
0.112032
0.0815809
0.0530809
0.0255088
-0.00788725
-0.0591714
-0.139491
-0.25001
-0.378477
-0.505718
-0.615145
-0.698276
-0.754575
-0.788124
-0.804896
-0.810729
-0.810045
-0.806027
-0.800742
-0.795125
-0.789403
-0.783567
-0.778455
-0.773363
-0.767499
-0.760596
-0.752266
-0.74216
-0.730529
-0.720546
-0.710786
-0.700091
-0.6884
-0.675724
-0.662155
-0.647769
-0.632525
-0.616227
-0.598409
-0.578141
-0.553795
-0.522799
-0.48151
-0.425462
-0.350265
-0.253145
-0.134658
0.000369658
-0.184834
-0.0477879
0.0633716
0.148723
0.209453
0.248008
0.268164
0.274135
0.270052
0.259574
0.244519
0.22492
0.201621
0.175781
0.146929
0.11483
0.0800731
0.044016
0.00736548
-0.0320191
-0.080594
-0.147261
-0.237382
-0.34708
-0.463325
-0.57079
-0.658367
-0.721783
-0.762631
-0.785362
-0.795319
-0.797453
-0.795299
-0.791202
-0.787158
-0.784596
-0.782623
-0.780685
-0.778572
-0.775448
-0.77074
-0.764189
-0.755535
-0.744681
-0.732753
-0.721816
-0.710471
-0.698046
-0.684536
-0.670001
-0.654535
-0.638189
-0.620893
-0.602405
-0.582204
-0.559314
-0.532104
-0.498089
-0.453867
-0.395434
-0.319067
-0.222743
-0.107608
0.0213456
-0.140279
-0.013157
0.0885078
0.165058
0.218394
0.251659
0.268423
0.272421
0.267046
0.255046
0.237444
0.214082
0.188323
0.160387
0.129915
0.0964316
0.0597307
0.0199049
-0.0236885
-0.0738029
-0.135478
-0.213618
-0.308462
-0.413258
-0.516067
-0.605685
-0.675526
-0.724222
-0.754552
-0.770976
-0.778003
-0.780697
-0.782059
-0.78273
-0.783516
-0.784684
-0.785639
-0.7859
-0.785085
-0.782482
-0.777617
-0.770271
-0.760342
-0.748012
-0.735263
-0.722716
-0.709405
-0.694927
-0.679311
-0.662635
-0.644975
-0.626347
-0.60664
-0.585564
-0.562552
-0.536608
-0.506137
-0.468803
-0.421524
-0.360835
-0.28374
-0.18898
-0.0782436
0.0433966
-0.0981839
0.0177376
0.109362
0.177499
0.224493
0.253369
0.267465
0.270017
0.263641
0.250217
0.229933
0.204846
0.177767
0.149161
0.118717
0.0855187
0.0483324
0.00591365
-0.0433843
-0.102192
-0.173427
-0.258238
-0.353267
-0.450836
-0.541074
-0.616392
-0.673548
-0.712962
-0.738984
-0.756168
-0.766678
-0.773556
-0.778701
-0.782967
-0.786901
-0.790482
-0.793164
-0.794417
-0.793771
-0.790635
-0.78465
-0.775726
-0.763969
-0.750059
-0.735846
-0.721303
-0.705791
-0.689059
-0.671151
-0.652135
-0.632061
-0.610901
-0.588506
-0.564546
-0.538429
-0.509168
-0.475254
-0.434553
-0.384372
-0.321839
-0.244708
-0.152461
-0.0472543
0.0658503
-0.0590326
0.0447496
0.126415
0.186702
0.227939
0.253069
0.265085
0.266599
0.25947
0.244887
0.222411
0.196438
0.169042
0.140891
0.1116
0.0797229
0.0430243
-0.000872774
-0.0541055
-0.118651
-0.195256
-0.282296
-0.374459
-0.46439
-0.544573
-0.61059
-0.66335
-0.701948
-0.72915
-0.748148
-0.761446
-0.771479
-0.779696
-0.786759
-0.792927
-0.797982
-0.801375
-0.802569
-0.80112
-0.796588
-0.788776
-0.77776
-0.76386
-0.74827
-0.732181
-0.715445
-0.697624
-0.678552
-0.658266
-0.636813
-0.614206
-0.590382
-0.565159
-0.538188
-0.508875
-0.476281
-0.439022
-0.395221
-0.342613
-0.278949
-0.20272
-0.114088
-0.0155877
0.0878269
-0.0237825
0.0674872
0.139356
0.19219
0.228241
0.250181
0.260488
0.261113
0.253279
0.237568
0.214223
0.188233
0.161495
0.134753
0.10748
0.0777826
0.0426579
-0.00111758
-0.0558235
-0.122691
-0.200796
-0.28692
-0.375141
-0.461001
-0.537981
-0.602209
-0.653318
-0.691843
-0.720321
-0.74146
-0.757514
-0.770381
-0.781126
-0.790179
-0.797594
-0.803062
-0.80608
-0.806194
-0.803073
-0.796469
-0.786372
-0.773036
-0.757008
-0.739661
-0.721569
-0.702648
-0.68258
-0.661241
-0.638649
-0.614819
-0.589734
-0.563303
-0.535331
-0.505468
-0.473153
-0.437524
-0.39736
-0.35107
-0.296847
-0.233051
-0.158869
-0.0750535
0.0155861
0.108292
0.0076302
0.0863241
0.148746
0.194787
0.226387
0.245747
0.254748
0.25475
0.246534
0.230237
0.207334
0.182466
0.157533
0.13322
0.108837
0.0822203
0.0499343
0.00811259
-0.0456139
-0.111977
-0.189575
-0.275559
-0.363893
-0.448662
-0.524305
-0.587822
-0.638895
-0.678534
-0.708988
-0.732559
-0.75115
-0.76624
-0.778615
-0.788551
-0.796015
-0.800725
-0.802306
-0.800461
-0.795034
-0.785984
-0.773478
-0.757918
-0.740045
-0.721038
-0.701125
-0.680287
-0.658271
-0.634966
-0.610364
-0.584452
-0.557191
-0.528478
-0.498122
-0.465802
-0.431008
-0.392987
-0.350703
-0.302872
-0.248135
-0.185432
-0.114566
-0.0367774
0.0449599
0.126158
0.0356545
0.102177
0.155994
0.196308
0.224511
0.24219
0.250616
0.250685
0.242908
0.22718
0.206001
0.183467
0.161351
0.140167
0.119081
0.0958827
0.0670937
0.0283518
-0.0229875
-0.0884275
-0.166474
-0.252936
-0.341524
-0.42611
-0.501756
-0.565863
-0.618123
-0.659574
-0.692145
-0.717785
-0.738097
-0.754276
-0.766963
-0.776405
-0.782615
-0.785452
-0.784738
-0.780383
-0.772426
-0.761007
-0.746413
-0.729125
-0.709928
-0.689673
-0.668451
-0.64625
-0.622853
-0.598148
-0.572103
-0.544684
-0.515841
-0.485477
-0.453422
-0.419398
-0.382971
-0.34351
-0.300178
-0.251997
-0.198034
-0.137748
-0.0714636
-0.000794124
0.0712218
0.14042
0.058824
0.113957
0.160279
0.196095
0.222049
0.239027
0.247741
0.24873
0.242354
0.228429
0.210022
0.190608
0.171724
0.153676
0.135542
0.11527
0.089704
0.0542333
0.00505969
-0.0591079
-0.136324
-0.22216
-0.310438
-0.39501
-0.471129
-0.536235
-0.589858
-0.63284
-0.666783
-0.693351
-0.713949
-0.729649
-0.741097
-0.748642
-0.752462
-0.752624
-0.749177
-0.742235
-0.731992
-0.718705
-0.702734
-0.684553
-0.664837
-0.644094
-0.622371
-0.599633
-0.575684
-0.55041
-0.523758
-0.495687
-0.466143
-0.435046
-0.402255
-0.367544
-0.330563
-0.290813
-0.247658
-0.200411
-0.148526
-0.0919121
-0.0313114
0.0314036
0.0932163
0.150317
0.0730916
0.117859
0.157851
0.19033
0.215086
0.232309
0.242216
0.24506
0.241089
0.23015
0.215337
0.199506
0.183931
0.168751
0.153017
0.134881
0.111763
0.0789899
0.0325327
-0.0287559
-0.103338
-0.187002
-0.273786
-0.357588
-0.433614
-0.499094
-0.553227
-0.596542
-0.630347
-0.656124
-0.675223
-0.688755
-0.697513
-0.702053
-0.702775
-0.69997
-0.69389
-0.684793
-0.672961
-0.65869
-0.642325
-0.62423
-0.604946
-0.584689
-0.563465
-0.541206
-0.517732
-0.492928
-0.466727
-0.43908
-0.409937
-0.379228
-0.346843
-0.312606
-0.276247
-0.2374
-0.195623
-0.150504
-0.10184
-0.0499107
0.00422196
0.0585304
0.110091
0.155454
0.075028
0.110689
0.145495
0.175695
0.200257
0.218752
0.23096
0.236861
0.236542
0.229913
0.219626
0.207948
0.195869
0.183378
0.169459
0.152463
0.130551
0.100105
0.0569424
-0.000349868
-0.0707422
-0.150558
-0.234258
-0.31587
-0.390452
-0.454874
-0.507908
-0.549747
-0.581485
-0.604562
-0.620419
-0.630345
-0.635372
-0.636299
-0.633749
-0.628193
-0.620013
-0.609538
-0.597061
-0.582838
-0.56714
-0.550175
-0.532322
-0.513597
-0.493951
-0.473285
-0.451429
-0.428261
-0.403701
-0.377687
-0.35016
-0.321051
-0.290265
-0.257665
-0.223056
-0.186195
-0.146829
-0.104794
-0.0601867
-0.01359
0.0337099
0.0796213
0.12137
0.155852
0.0618353
0.0897865
0.120466
0.149402
0.174897
0.195991
0.212033
0.222648
0.227636
0.226887
0.222272
0.215466
0.207206
0.19738
0.185001
0.168573
0.146692
0.117478
0.0773266
0.0244013
-0.0407662
-0.115239
-0.194127
-0.271736
-0.343
-0.404408
-0.454315
-0.492639
-0.520383
-0.539071
-0.550348
-0.555753
-0.556571
-0.553822
-0.54829
-0.540552
-0.531037
-0.520067
-0.507886
-0.494683
-0.480619
-0.465768
-0.450296
-0.434105
-0.417096
-0.399138
-0.38006
-0.359726
-0.33803
-0.314879
-0.290189
-0.26387
-0.235825
-0.205937
-0.174074
-0.140103
-0.103941
-0.0656511
-0.0255845
0.0154411
0.0559949
0.0939989
0.126873
0.151845
0.0275356
0.0487988
0.0760965
0.104735
0.132557
0.158134
0.180324
0.198235
0.211174
0.218785
0.221929
0.221558
0.218112
0.21151
0.20097
0.185067
0.162359
0.132328
0.0940703
0.0450949
-0.0144376
-0.082423
-0.154822
-0.226432
-0.292216
-0.348409
-0.393081
-0.426002
-0.448195
-0.461346
-0.467334
-0.467931
-0.464626
-0.458585
-0.450673
-0.441493
-0.431456
-0.420825
-0.409769
-0.398384
-0.386722
-0.374772
-0.362483
-0.349699
-0.336276
-0.322052
-0.306843
-0.290485
-0.272828
-0.253733
-0.233066
-0.210697
-0.186499
-0.160355
-0.132168
-0.101891
-0.0695773
-0.035474
-0.00013599
0.0354475
0.0697707
0.10083
0.126272
0.143648
