0.435026
0.405491
0.365712
0.321185
0.274433
0.226537
0.178104
0.12967
0.0817986
0.0350678
-0.0100012
-0.0530146
-0.0937479
-0.132146
-0.168292
-0.202364
-0.234596
-0.265241
-0.29455
-0.322763
-0.350096
-0.376742
-0.402871
-0.428637
-0.454167
-0.479377
-0.504
-0.528147
-0.552093
-0.576125
-0.600545
-0.625678
-0.651904
-0.679688
-0.709581
-0.74214
-0.777658
-0.815527
-0.853074
-0.883821
-0.895645
-0.870208
-0.786477
-0.630695
-0.410985
-0.165725
0.0494953
0.192845
0.257583
0.275366
0.263447
0.242392
0.22437
0.21152
0.20125
0.191843
0.181135
0.164248
0.140861
0.110727
0.0734356
0.0288984
-0.0226329
-0.0851264
0.395849
0.338117
0.280729
0.228052
0.179842
0.134223
0.0894679
0.0445976
-0.000642057
-0.0460016
-0.0909805
-0.135044
-0.17777
-0.21891
-0.258397
-0.296302
-0.332798
-0.368108
-0.402479
-0.436154
-0.469362
-0.502298
-0.535122
-0.567963
-0.600857
-0.633087
-0.664166
-0.694363
-0.7241
-0.753756
-0.78366
-0.814101
-0.845344
-0.877645
-0.911213
-0.946075
-0.981732
-1.01647
-1.04626
-1.06326
-1.0547
-1.00346
-0.892625
-0.714597
-0.482495
-0.233326
-0.0160013
0.130408
0.199246
0.215795
0.208363
0.196391
0.190933
0.192944
0.200052
0.209466
0.216459
0.214306
0.201633
0.176751
0.13763
0.0824678
0.00961047
-0.0869387
0.322365
0.22524
0.142162
0.0763405
0.0244857
-0.0187226
-0.0578879
-0.0959726
-0.134413
-0.173576
-0.213229
-0.252915
-0.292201
-0.330802
-0.368613
-0.405683
-0.442171
-0.478297
-0.514301
-0.55042
-0.586875
-0.623814
-0.661338
-0.699478
-0.737961
-0.775089
-0.810628
-0.845084
-0.878969
-0.912714
-0.946645
-0.980988
-1.01587
-1.05131
-1.08712
-1.12277
-1.15689
-1.1867
-1.20694
-1.20884
-1.17976
-1.10461
-0.970519
-0.77506
-0.534127
-0.282544
-0.0656757
0.0831544
0.156642
0.176849
0.173057
0.167406
0.170379
0.183058
0.202461
0.224672
0.242632
0.248611
0.240406
0.215159
0.169461
0.0999008
0.00314443
-0.128907
0.224366
0.079724
-0.0340448
-0.115371
-0.1711
-0.210494
-0.241519
-0.26955
-0.297546
-0.326737
-0.357336
-0.389095
-0.421666
-0.454788
-0.488357
-0.522407
-0.557076
-0.592547
-0.629011
-0.666644
-0.705607
-0.745919
-0.787528
-0.830237
-0.872645
-0.913042
-0.951473
-0.988525
-1.02474
-1.06057
-1.09631
-1.13212
-1.16801
-1.20376
-1.23884
-1.27216
-1.30165
-1.32361
-1.33193
-1.31745
-1.26811
-1.17068
-1.01598
-0.805313
-0.556543
-0.305971
-0.0931068
0.0531222
0.129121
0.152711
0.152671
0.15237
0.162052
0.182945
0.211021
0.241667
0.265257
0.274219
0.26563
0.235631
0.179463
0.0922755
-0.0305795
-0.199199
0.111936
-0.084522
-0.230805
-0.327788
-0.38648
-0.420446
-0.441296
-0.457092
-0.472544
-0.489899
-0.509899
-0.532531
-0.557522
-0.584615
-0.613671
-0.644671
-0.677679
-0.71278
-0.750044
-0.789519
-0.831244
-0.875
-0.920455
-0.966918
-1.01147
-1.05316
-1.09235
-1.12958
-1.16538
-1.20019
-1.23434
-1.26796
-1.301
-1.33313
-1.36354
-1.39078
-1.41224
-1.4236
-1.41822
-1.38672
-1.31715
-1.19834
-1.02332
-0.797118
-0.54323
-0.296179
-0.0922816
0.0462659
0.119393
0.143856
0.147754
0.152381
0.168014
0.194774
0.228761
0.263214
0.287396
0.294653
0.281439
0.242822
0.172755
0.0652928
-0.0851856
-0.290516
-0.00512341
-0.253704
-0.431351
-0.542544
-0.603058
-0.630847
-0.641076
-0.644455
-0.64747
-0.653417
-0.663551
-0.678044
-0.69663
-0.718977
-0.744838
-0.774076
-0.806609
-0.842353
-0.881179
-0.922942
-0.967541
-1.01439
-1.06271
-1.11028
-1.15435
-1.19452
-1.23121
-1.265
-1.29647
-1.32616
-1.35454
-1.38185
-1.40813
-1.43303
-1.45563
-1.47423
-1.48575
-1.48543
-1.46576
-1.41662
-1.32637
-1.18433
-0.985995
-0.745502
-0.485848
-0.244486
-0.0546767
0.0708281
0.135335
0.158457
0.164724
0.17367
0.193546
0.223825
0.260398
0.293448
0.313411
0.314735
0.293065
0.242337
0.155432
0.0255805
-0.153422
-0.395167
-0.118629
-0.416222
-0.621823
-0.744829
-0.806271
-0.828285
-0.829148
-0.821859
-0.814491
-0.811292
-0.813967
-0.822782
-0.83737
-0.857214
-0.88186
-0.910958
-0.944202
-0.981264
-1.02175
-1.06531
-1.1117
-1.15983
-1.20826
-1.25291
-1.2924
-1.32679
-1.35662
-1.38258
-1.40549
-1.42621
-1.44547
-1.46375
-1.48126
-1.49766
-1.51186
-1.52185
-1.52396
-1.51237
-1.47794
-1.41045
-1.29522
-1.12516
-0.901301
-0.641777
-0.378948
-0.150038
0.0207015
0.125746
0.177288
0.195622
0.202787
0.21483
0.237021
0.268569
0.304229
0.331113
0.343214
0.335418
0.30239
0.237006
0.131148
-0.0223912
-0.230345
-0.5076
-0.22279
-0.563907
-0.792717
-0.924702
-0.986378
-1.00365
-0.997295
-0.982072
-0.967313
-0.958054
-0.956333
-0.9624
-0.97565
-0.995233
-1.02036
-1.05034
-1.08459
-1.12247
-1.16331
-1.20659
-1.252
-1.29786
-1.34096
-1.37803
-1.40848
-1.43278
-1.45181
-1.46669
-1.47864
-1.48893
-1.49863
-1.50837
-1.51841
-1.52818
-1.53621
-1.53991
-1.53404
-1.51146
-1.46155
-1.37047
-1.2237
-1.02225
-0.769219
-0.492494
-0.234822
-0.0276826
0.112681
0.191831
0.228
0.240996
0.249751
0.264403
0.288318
0.319224
0.349031
0.367475
0.370229
0.351904
0.306212
0.224856
0.0990643
-0.0787078
-0.315785
-0.625864
-0.31425
-0.692142
-0.938925
-1.07696
-1.13812
-1.15156
-1.13992
-1.11926
-1.09982
-1.08723
-1.08373
-1.08941
-1.10326
-1.12396
-1.15021
-1.18093
-1.21516
-1.25198
-1.2905
-1.33016
-1.37069
-1.40971
-1.44264
-1.46798
-1.48606
-1.49789
-1.5049
-1.50867
-1.51084
-1.51295
-1.51615
-1.52093
-1.52731
-1.53413
-1.53933
-1.53855
-1.52539
-1.49128
-1.41924
-1.29851
-1.11743
-0.872748
-0.589058
-0.308487
-0.0693965
0.102526
0.205828
0.258574
0.280667
0.291356
0.302477
0.319759
0.344115
0.372155
0.392261
0.400763
0.39316
0.363511
0.304199
0.206029
0.0593889
-0.143887
-0.408104
-0.747422
-0.391608
-0.799187
-1.05884
-1.20011
-1.25984
-1.26977
-1.25394
-1.2293
-1.20678
-1.19242
-1.18852
-1.1949
-1.21003
-1.23195
-1.25878
-1.28897
-1.32125
-1.35449
-1.38765
-1.42041
-1.4526
-1.48052
-1.50088
-1.51342
-1.51924
-1.51995
-1.51747
-1.51369
-1.5103
-1.50893
-1.51039
-1.51458
-1.5212
-1.52817
-1.53194
-1.52721
-1.50546
-1.45192
-1.35136
-1.18955
-0.957968
-0.671388
-0.369881
-0.0977127
0.107194
0.23337
0.299234
0.327737
0.340397
0.350532
0.36361
0.38185
0.403755
0.422819
0.431962
0.429972
0.411814
0.370343
0.296834
0.180551
0.0109068
-0.216612
-0.504931
-0.869198
-0.454774
-0.885228
-1.15311
-1.29509
-1.35235
-1.35864
-1.33892
-1.31078
-1.28566
-1.26991
-1.2658
-1.27281
-1.28881
-1.31116
-1.3374
-1.36556
-1.39411
-1.42177
-1.44756
-1.4716
-1.49385
-1.50999
-1.51851
-1.5203
-1.51703
-1.51068
-1.50342
-1.49698
-1.49285
-1.49247
-1.49587
-1.50254
-1.51175
-1.51919
-1.52128
-1.50897
-1.46764
-1.38403
-1.24214
-1.02665
-0.742941
-0.422299
-0.113131
0.132302
0.286794
0.364921
0.394915
0.404246
0.410938
0.420098
0.433173
0.449072
0.464972
0.469965
0.467922
0.455484
0.426555
0.372831
0.283385
0.146111
-0.0462453
-0.295578
-0.6045
-0.98847
-0.504411
-0.951498
-1.22361
-1.36408
-1.41788
-1.42023
-1.39667
-1.36518
-1.33757
-1.32038
-1.31585
-1.32307
-1.33934
-1.36138
-1.38619
-1.41139
-1.43527
-1.45653
-1.47434
-1.48969
-1.50232
-1.50847
-1.50837
-1.50342
-1.49551
-1.48675
-1.4791
-1.47396
-1.47243
-1.4757
-1.48312
-1.49358
-1.50361
-1.50816
-1.49981
-1.46724
-1.3982
-1.27559
-1.0797
-0.805949
-0.472946
-0.125521
0.170836
0.367846
0.46654
0.496993
0.496673
0.492721
0.493203
0.499123
0.50827
0.516852
0.516555
0.510202
0.498078
0.475907
0.436396
0.368691
0.260225
0.101566
-0.111631
-0.379354
-0.704907
-1.10294
-0.54155
-0.999682
-1.27263
-1.40974
-1.45921
-1.45747
-1.43034
-1.39596
-1.36633
-1.34812
-1.34344
-1.35102
-1.36758
-1.38921
-1.41238
-1.43441
-1.45346
-1.46838
-1.47862
-1.48652
-1.4915
-1.49076
-1.48576
-1.47806
-1.4694
-1.46165
-1.45662
-1.45526
-1.4581
-1.46467
-1.47337
-1.48116
-1.48456
-1.47817
-1.45196
-1.39506
-1.29068
-1.11671
-0.860737
-0.526981
-0.14894
0.203492
0.460947
0.599811
0.64105
0.630249
0.608694
0.592502
0.585266
0.58425
0.583495
0.575095
0.560357
0.543655
0.522433
0.490914
0.439018
0.354127
0.225643
0.0467455
-0.184286
-0.466332
-0.80399
-1.20918
-0.567356
-1.03158
-1.30254
-1.43478
-1.47928
-1.47348
-1.44343
-1.40721
-1.37683
-1.35888
-1.35524
-1.36416
-1.38171
-1.40332
-1.425
-1.44384
-1.45809
-1.46689
-1.47026
-1.47313
-1.47286
-1.46862
-1.46247
-1.45536
-1.44869
-1.44264
-1.43858
-1.43724
-1.43877
-1.44271
-1.44723
-1.44919
-1.44399
-1.4232
-1.37647
-1.28857
-1.13709
-0.904774
-0.583807
-0.19136
0.209335
0.537695
0.740612
0.815637
0.806694
0.767738
0.728501
0.699805
0.681659
0.666651
0.646274
0.620129
0.594642
0.56924
0.53964
0.497173
0.4299
0.326569
0.178579
-0.0181477
-0.263212
-0.555264
-0.900246
-1.30419
-0.582985
-1.04892
-1.31563
-1.4419
-1.48107
-1.47154
-1.43957
-1.40317
-1.37406
-1.35849
-1.35781
-1.36953
-1.38893
-1.41086
-1.43101
-1.44663
-1.45612
-1.45933
-1.45717
-1.45952
-1.45804
-1.44892
-1.43654
-1.42355
-1.41181
-1.40264
-1.39686
-1.39497
-1.39665
-1.40011
-1.40243
-1.39933
-1.38333
-1.34503
-1.2711
-1.14071
-0.934596
-0.637404
-0.250276
0.17932
0.572257
0.854442
0.98985
1.00766
0.964813
0.904439
0.849245
0.806217
0.770081
0.731117
0.689741
0.652312
0.618456
0.58534
0.546118
0.490276
0.406423
0.284636
0.118896
-0.0922808
-0.347219
-0.645084
-0.992124
-1.38481
-0.589492
-1.05328
-1.314
-1.43365
-1.46752
-1.45493
-1.42243
-1.38788
-1.36251
-1.35172
-1.35582
-1.37125
-1.39247
-1.41384
-1.43104
-1.44126
-1.44264
-1.43384
-1.42354
-1.41354
-1.40122
-1.38805
-1.37488
-1.36312
-1.35389
-1.34793
-1.34553
-1.34659
-1.34951
-1.35156
-1.34929
-1.33617
-1.3036
-1.2405
-1.12829
-0.947703
-0.680226
-0.315018
0.119261
0.556099
0.914164
1.12819
1.19994
1.17789
1.11047
1.03215
0.960706
0.896728
0.832213
0.770122
0.716878
0.671273
0.630216
0.588814
0.538368
0.468064
0.367171
0.228048
0.0474536
-0.174109
-0.434655
-0.734582
-1.07794
-1.44699
-0.587695
-1.04578
-1.29894
-1.41121
-1.439
-1.42209
-1.38714
-1.35186
-1.32715
-1.31789
-1.32369
-1.34025
-1.3614
-1.38122
-1.39541
-1.4013
-1.39831
-1.38753
-1.37637
-1.36437
-1.35061
-1.33666
-1.32367
-1.31274
-1.30459
-1.29971
-1.29804
-1.29838
-1.29831
-1.29496
-1.28276
-1.25366
-1.19849
-1.1012
-0.943366
-0.70666
-0.373274
0.0448704
0.498325
0.913122
1.20694
1.35176
1.37613
1.32428
1.23675
1.14098
1.04681
0.950925
0.86287
0.788924
0.727997
0.675852
0.627926
0.577459
0.514821
0.429179
0.31169
0.157572
-0.0340281
-0.261535
-0.523397
-0.820957
-1.15401
-1.491
-0.57812
-1.02711
-1.27151
-1.37642
-1.39878
-1.37864
-1.34269
-1.30852
-1.28676
-1.28177
-1.29238
-1.3133
-1.33739
-1.35808
-1.37073
-1.37303
-1.36477
-1.34894
-1.33376
-1.31826
-1.30207
-1.28667
-1.273
-1.26176
-1.25343
-1.24814
-1.24488
-1.24167
-1.23615
-1.22348
-1.19624
-1.14677
-1.06133
-0.922664
-0.714301
-0.416043
-0.0272579
0.418517
0.863039
1.22249
1.44472
1.53417
1.52049
1.4437
1.3363
1.21621
1.08772
0.969177
0.8703
0.789353
0.723237
0.665657
0.610733
0.550291
0.474183
0.37298
0.240593
0.0749403
-0.123336
-0.352511
-0.611825
-0.902296
-1.21644
-1.51525
-0.560748
-0.997249
-1.23171
-1.32938
-1.34736
-1.32579
-1.29125
-1.261
-1.24504
-1.24682
-1.26401
-1.29007
-1.31688
-1.3374
-1.34694
-1.34371
-1.32824
-1.30631
-1.28668
-1.26729
-1.24837
-1.2311
-1.21614
-1.20396
-1.19464
-1.18747
-1.18076
-1.17258
-1.15871
-1.13233
-1.08699
-1.01085
-0.887831
-0.703806
-0.43905
-0.0853082
0.336567
0.785142
1.18728
1.4776
1.63864
1.68062
1.63409
1.53243
1.39768
1.24114
1.09052
0.962534
0.857836
0.773638
0.703564
0.640842
0.577968
0.505938
0.415561
0.299875
0.155605
-0.0174766
-0.218284
-0.445678
-0.699665
-0.976477
-1.26037
-1.51784
-0.53553
-0.955962
-1.17907
-1.26944
-1.28387
-1.2624
-1.23136
-1.20738
-1.1995
-1.2099
-1.2347
-1.26592
-1.2945
-1.31315
-1.31753
-1.3068
-1.28263
-1.25446
-1.23014
-1.20689
-1.18513
-1.16582
-1.14944
-1.13604
-1.12498
-1.11492
-1.10415
-1.08886
-1.06294
-1.0208
-0.952022
-0.841651
-0.677776
-0.44245
-0.123513
0.266529
0.700634
1.12162
1.46203
1.68972
1.79598
1.79546
1.71643
1.58183
1.40807
1.22745
1.06852
0.936808
0.830338
0.743655
0.669831
0.600727
0.527979
0.443163
0.339129
0.211612
0.0594864
-0.116684
-0.316147
-0.538432
-0.783233
-1.04033
-1.28497
-1.49889
-0.502604
-0.903305
-1.11356
-1.19654
-1.20825
-1.18837
-1.16275
-1.14712
-1.14918
-1.16937
-1.20196
-1.23741
-1.2659
-1.28013
-1.27686
-1.25653
-1.2234
-1.19028
-1.16143
-1.13457
-1.1103
-1.0894
-1.07189
-1.0572
-1.04419
-1.03125
-1.01476
-0.989344
-0.949998
-0.887118
-0.787061
-0.639707
-0.428975
-0.141503
0.21548
0.624556
1.04553
1.41579
1.69694
1.86704
1.92186
1.87968
1.76003
1.5823
1.37913
1.1904
1.02991
0.897287
0.789392
0.699889
0.620671
0.543058
0.459081
0.361846
0.24651
0.110983
-0.0447049
-0.220138
-0.415269
-0.629696
-0.860013
-1.08941
-1.28962
-1.45932
-0.462506
-0.839876
-1.03585
-1.11144
-1.1214
-1.10469
-1.08635
-1.08089
-1.09423
-1.12463
-1.16421
-1.20197
-1.22786
-1.23505
-1.22226
-1.19163
-1.15005
-1.11285
-1.08024
-1.05076
-1.02508
-1.00342
-0.985324
-0.969845
-0.955222
-0.937941
-0.913298
-0.876575
-0.818519
-0.726983
-0.593244
-0.402543
-0.142
0.184248
0.565181
0.973157
1.35618
1.67404
1.90011
2.01266
2.01666
1.92568
1.75766
1.54193
1.32987
1.13991
0.97854
0.844881
0.73454
0.640196
0.553444
0.466107
0.371348
0.263989
0.141071
0.00182273
-0.153522
-0.3253
-0.513942
-0.718384
-0.926865
-1.11779
-1.27268
-1.40015
-0.416416
-0.767103
-0.947579
-1.01608
-1.0255
-1.01367
-1.00444
-1.01064
-1.03593
-1.07603
-1.1208
-1.15822
-1.17833
-1.17629
-1.15247
-1.11101
-1.06498
-1.02466
-0.989666
-0.959155
-0.933327
-0.911969
-0.894315
-0.878392
-0.860641
-0.837015
-0.802765
-0.748661
-0.66422
-0.541802
-0.367158
-0.128856
0.170419
0.524059
0.913279
1.29535
1.63578
1.9037
2.07061
2.12423
2.07221
1.92741
1.71052
1.4836
1.26856
1.07722
0.914399
0.778061
0.663022
0.561927
0.4669
0.370692
0.2676
0.15378
0.0274666
-0.111604
-0.263613
-0.429722
-0.609724
-0.79961
-0.979451
-1.12628
-1.23585
-1.32419
-0.36641
-0.68754
-0.851687
-0.913768
-0.924213
-0.91916
-0.920775
-0.939697
-0.976856
-1.02511
-1.07236
-1.10629
-1.11776
-1.1049
-1.07009
-1.01988
-0.971688
-0.930158
-0.894844
-0.864942
-0.840389
-0.820643
-0.80353
-0.78545
-0.762876
-0.730781
-0.679854
-0.60131
-0.488246
-0.326416
-0.106166
0.170162
0.49946
0.868725
1.24281
1.59298
1.89083
2.10111
2.20362
2.19362
2.08076
1.87729
1.64528
1.41236
1.19449
1.00095
0.8348
0.693686
0.572641
0.464885
0.36319
0.260986
0.153284
0.0370265
-0.0889654
-0.225046
-0.372121
-0.53175
-0.701982
-0.868784
-1.01056
-1.11283
-1.18014
-1.23409
-0.31564
-0.605071
-0.752618
-0.80944
-0.822841
-0.826615
-0.840623
-0.872747
-0.920749
-0.974645
-1.02108
-1.04795
-1.04897
-1.02445
-0.978625
-0.924516
-0.876168
-0.835353
-0.80135
-0.773578
-0.75161
-0.733147
-0.714653
-0.692924
-0.662453
-0.613988
-0.540278
-0.43473
-0.283078
-0.0774218
0.179653
0.488298
0.838873
1.20206
1.55435
1.87032
2.11443
2.25885
2.2916
2.21354
2.03477
1.80746
1.56509
1.32667
1.10487
0.907095
0.735987
0.589829
0.464177
0.352554
0.247845
0.143635
0.035222
-0.0800287
-0.203067
-0.334617
-0.476157
-0.628297
-0.783867
-0.921045
-1.02049
-1.0792
-1.10864
-1.13332
-0.26833
-0.524889
-0.656264
-0.709499
-0.728096
-0.742753
-0.770305
-0.815271
-0.871963
-0.928004
-0.969654
-0.986079
-0.974924
-0.938875
-0.884302
-0.830157
-0.783491
-0.744844
-0.713644
-0.689132
-0.668939
-0.64975
-0.628431
-0.598898
-0.552244
-0.482393
-0.382548
-0.238906
-0.0450497
0.196143
0.48763
0.821891
1.17349
1.52385
1.84995
2.11724
2.29618
2.36733
2.32562
2.17655
1.96196
1.71822
1.46607
1.22072
0.993095
0.790405
0.615794
0.467999
0.342329
0.231733
0.128589
0.0262999
-0.0796837
-0.191646
-0.310447
-0.437244
-0.5735
-0.717175
-0.849409
-0.949579
-1.00742
-1.02679
-1.02439
-1.02513
-0.229467
-0.453117
-0.569518
-0.621297
-0.647474
-0.674808
-0.716321
-0.772611
-0.834554
-0.888345
-0.92066
-0.924219
-0.900131
-0.85225
-0.793798
-0.741406
-0.697458
-0.662073
-0.634363
-0.611797
-0.591399
-0.569812
-0.540419
-0.494972
-0.428039
-0.332134
-0.194606
-0.0103037
0.218293
0.495706
0.816121
1.15679
1.50303
1.83407
2.11648
2.32051
2.42414
2.41579
2.29723
2.10047
1.86158
1.60183
1.33822
1.08462
0.852133
0.648456
0.476522
0.334091
0.214967
0.110812
0.0132937
-0.0842684
-0.186062
-0.293878
-0.408481
-0.531233
-0.662297
-0.790935
-0.893329
-0.954735
-0.973468
-0.959243
-0.931444
-0.912861
-0.204179
-0.396068
-0.499427
-0.552182
-0.588166
-0.629307
-0.684004
-0.748533
-0.810973
-0.857121
-0.875536
-0.864132
-0.826458
-0.768248
-0.710289
-0.660564
-0.620009
-0.587995
-0.5621
-0.53968
-0.516852
-0.486678
-0.441817
-0.376786
-0.283176
-0.150035
0.0266808
0.245795
0.512042
0.820708
1.15156
1.49254
1.8247
2.11577
2.33677
2.46447
2.48423
2.39282
2.21498
1.98398
1.72077
1.44351
1.16858
0.910451
0.680505
0.485461
0.326046
0.197426
0.0911756
-0.00233213
-0.0917414
-0.183326
-0.280496
-0.384323
-0.49541
-0.614564
-0.738652
-0.844242
-0.912148
-0.936637
-0.921521
-0.880797
-0.833974
-0.799697
-0.196941
-0.359318
-0.452141
-0.508311
-0.555744
-0.610667
-0.676148
-0.744164
-0.801183
-0.833698
-0.834995
-0.80726
-0.754722
-0.691622
-0.635541
-0.588725
-0.550939
-0.520323
-0.494644
-0.469222
-0.43714
-0.392072
-0.327727
-0.234875
-0.104544
0.0664501
0.279015
0.536809
0.835472
1.15761
1.49249
1.82251
2.11641
2.34687
2.4906
2.53045
2.46004
2.29829
2.07474
1.80959
1.52199
1.23038
0.951997
0.701104
0.487102
0.313213
0.176256
0.0682115
-0.0212571
-0.102334
-0.183222
-0.269199
-0.362548
-0.463551
-0.572591
-0.688499
-0.79618
-0.872473
-0.906663
-0.898338
-0.85632
-0.796593
-0.73638
-0.688766
-0.21086
-0.346861
-0.431947
-0.493556
-0.553005
-0.620012
-0.691877
-0.757246
-0.801978
-0.815412
-0.797752
-0.752589
-0.686597
-0.623746
-0.569541
-0.524422
-0.487418
-0.456802
-0.42705
-0.391628
-0.345241
-0.280056
-0.186505
-0.057584
0.10965
0.31816
0.570028
0.859926
1.1742
1.50214
1.82675
2.11835
2.3511
2.50255
2.55412
2.49592
2.34494
2.12595
1.85849
1.56269
1.25878
0.966031
0.700648
0.473701
0.289893
0.147433
0.0390672
-0.0456712
-0.117921
-0.1874
-0.261119
-0.342895
-0.433694
-0.532995
-0.640252
-0.748
-0.832445
-0.877675
-0.880576
-0.845312
-0.784095
-0.712417
-0.643213
-0.583227
-0.247261
-0.360594
-0.440614
-0.508794
-0.579229
-0.654521
-0.726618
-0.781962
-0.807496
-0.79945
-0.760267
-0.696242
-0.626181
-0.563572
-0.509681
-0.464655
-0.427194
-0.391121
-0.350605
-0.301399
-0.233555
-0.137858
-0.00915769
0.156317
0.362758
0.610573
0.892646
1.19921
1.51935
1.83519
2.11997
2.34903
2.50033
2.55508
2.49977
2.35307
2.13494
1.86433
1.56217
1.25017
0.948816
0.675339
0.441566
0.252889
0.108306
0.001412
-0.0778785
-0.14102
-0.198697
-0.259304
-0.328178
-0.407502
-0.497005
-0.595315
-0.69962
-0.78989
-0.846533
-0.862605
-0.839012
-0.784176
-0.711618
-0.634106
-0.558899
-0.486206
-0.305682
-0.400184
-0.477218
-0.551767
-0.630127
-0.707809
-0.772711
-0.810189
-0.811907
-0.780674
-0.71956
-0.642505
-0.570997
-0.507479
-0.453209
-0.407121
-0.362707
-0.315186
-0.261391
-0.188994
-0.0897904
0.0397028
0.205284
0.410938
0.655622
0.930599
1.22917
1.54018
1.84443
2.11836
2.33924
2.48402
2.53521
2.4745
2.32626
2.10594
1.8319
1.52556
1.20944
0.904613
0.62843
0.392816
0.203309
0.0593143
-0.0449057
-0.118728
-0.173339
-0.219783
-0.267373
-0.322721
-0.389379
-0.468005
-0.557297
-0.65446
-0.747514
-0.814082
-0.843206
-0.83327
-0.789384
-0.722762
-0.64599
-0.567334
-0.487609
-0.400728
-0.384136
-0.463301
-0.538435
-0.617389
-0.698459
-0.771171
-0.820036
-0.833268
-0.809566
-0.752074
-0.672688
-0.591459
-0.517768
-0.453631
-0.397576
-0.343179
-0.287009
-0.226948
-0.14851
-0.0446361
0.0864019
0.253471
0.459043
0.70036
0.968652
1.25874
1.55939
1.84963
2.11018
2.32032
2.45399
2.49337
2.42568
2.27269
2.04874
1.77198
1.46391
1.14716
0.842759
0.567728
0.333561
0.145679
0.00367283
-0.0976476
-0.1669
-0.214595
-0.251562
-0.28748
-0.329821
-0.383304
-0.449803
-0.528681
-0.617485
-0.709931
-0.784262
-0.824805
-0.828373
-0.797212
-0.740077
-0.669048
-0.593842
-0.517076
-0.43291
-0.329488
-0.479556
-0.546122
-0.619035
-0.698459
-0.775319
-0.834188
-0.859343
-0.844695
-0.792807
-0.712941
-0.622145
-0.538222
-0.464482
-0.398058
-0.33294
-0.267289
-0.199864
-0.114712
-0.00559293
0.127298
0.296491
0.501593
0.738603
1.00057
1.2813
1.5703
1.84662
2.09345
2.29123
2.41382
2.43922
2.36377
2.20474
1.97681
1.6983
1.39045
1.07541
0.773669
0.501723
0.270551
0.0852462
-0.0545221
-0.153534
-0.219703
-0.262748
-0.292895
-0.319676
-0.350941
-0.392223
-0.446503
-0.514275
-0.593909
-0.681263
-0.759927
-0.810854
-0.826995
-0.808788
-0.762507
-0.699264
-0.630121
-0.560557
-0.487066
-0.397391
-0.274552
-0.588314
-0.643906
-0.71254
-0.786708
-0.851179
-0.887172
-0.882872
-0.839369
-0.760777
-0.661551
-0.5671
-0.483911
-0.407386
-0.331813
-0.256786
-0.18163
-0.089846
0.0244052
0.158641
0.329446
0.533348
0.763953
1.01991
1.29142
1.56743
1.83186
2.06755
2.25554
2.36978
2.38357
2.30141
2.13677
1.9051
1.62509
1.31781
1.00479
0.705833
0.436906
0.20858
0.0256247
-0.112397
-0.210027
-0.27466
-0.315297
-0.341453
-0.362182
-0.385264
-0.416621
-0.459982
-0.516848
-0.586598
-0.666497
-0.74659
-0.805993
-0.833409
-0.827468
-0.792235
-0.737198
-0.674097
-0.611427
-0.54971
-0.479402
-0.382345
-0.237069
-0.70663
-0.751354
-0.811939
-0.873937
-0.916524
-0.922701
-0.886953
-0.811974
-0.708738
-0.602642
-0.509343
-0.423198
-0.33829
-0.254808
-0.172229
-0.0747595
0.0434259
0.177593
0.347633
0.549055
0.771819
1.02059
1.28377
1.54716
1.80183
2.03097
2.2136
2.3257
2.33386
2.24866
2.08054
1.84574
1.56371
1.25561
0.942724
0.644536
0.376731
0.14967
-0.0321141
-0.16929
-0.266448
-0.330734
-0.370658
-0.395104
-0.412549
-0.430415
-0.454603
-0.489219
-0.536432
-0.596544
-0.667975
-0.746206
-0.81239
-0.850317
-0.856175
-0.831987
-0.785293
-0.727497
-0.669384
-0.61591
-0.56256
-0.494242
-0.387541
-0.217037
-0.83068
-0.862999
-0.910286
-0.951506
-0.964425
-0.936099
-0.866779
-0.760985
-0.643
-0.538497
-0.442902
-0.350042
-0.259458
-0.170211
-0.0683864
0.0514792
0.183647
0.349184
0.545895
0.760359
1.00007
1.25487
1.50774
1.75485
1.98237
2.16442
2.27895
2.29252
2.21053
2.04302
1.80671
1.52186
1.2103
0.893846
0.592477
0.322262
0.0936797
-0.0888932
-0.226473
-0.323987
-0.388692
-0.428908
-0.453101
-0.469241
-0.484317
-0.503971
-0.53233
-0.571969
-0.623848
-0.687358
-0.759776
-0.829664
-0.877698
-0.895352
-0.882672
-0.844978
-0.792441
-0.736892
-0.686961
-0.643707
-0.597953
-0.529781
-0.411187
-0.213222
-0.956692
-0.973463
-1.00068
-1.01255
-0.989929
-0.926341
-0.820299
-0.691294
-0.572807
-0.466172
-0.365518
-0.268692
-0.173775
-0.0690943
0.049887
0.17767
0.335298
0.523946
0.728383
0.958371
1.20324
1.44791
1.69086
1.91952
2.1085
2.23474
2.26202
2.19035
2.02827
1.79255
1.50405
1.1857
0.860777
0.550876
0.273391
0.0394723
-0.146544
-0.286165
-0.384937
-0.450584
-0.491583
-0.516252
-0.532213
-0.546057
-0.563111
-0.58728
-0.621146
-0.666097
-0.722159
-0.787778
-0.858135
-0.914755
-0.943713
-0.942911
-0.915283
-0.86896
-0.815499
-0.765812
-0.725669
-0.692327
-0.652591
-0.582516
-0.450127
-0.223271
-1.08088
-1.07754
-1.07675
-1.05315
-0.992864
-0.888453
-0.747953
-0.613133
-0.493078
-0.38336
-0.280262
-0.180483
-0.0743035
0.0418334
0.163737
0.310768
0.487854
0.67849
0.896214
1.1305
1.3671
1.608
1.8404
2.04077
2.18758
2.23787
2.18526
2.03544
1.804
1.51205
1.18386
0.845204
0.520637
0.230091
-0.0138606
-0.206671
-0.350456
-0.451664
-0.518817
-0.560882
-0.586309
-0.602574
-0.615973
-0.631531
-0.65293
-0.682517
-0.721692
-0.771097
-0.830086
-0.896017
-0.957457
-0.997195
-1.00847
-0.992098
-0.953763
-0.903578
-0.853215
-0.811714
-0.781755
-0.757206
-0.721598
-0.647733
-0.500237
-0.244007
-1.19934
-1.1695
-1.13363
-1.07042
-0.967617
-0.821472
-0.665002
-0.527517
-0.405183
-0.293772
-0.188771
-0.0816404
0.0308277
0.146538
0.280741
0.442472
0.615806
0.816152
1.03844
1.26672
1.50461
1.7409
1.95457
2.12822
2.21005
2.18645
2.05833
1.83794
1.54518
1.20565
0.848571
0.50309
0.193183
-0.066161
-0.269786
-0.420441
-0.525707
-0.595203
-0.638681
-0.664996
-0.681693
-0.694911
-0.709424
-0.728698
-0.754927
-0.789168
-0.832062
-0.88388
-0.94324
-1.0052
-1.05308
-1.07514
-1.07015
-1.04132
-0.996458
-0.94652
-0.902189
-0.870074
-0.849879
-0.832631
-0.799317
-0.720181
-0.556973
-0.271869
-1.308
-1.245
-1.16916
-1.06499
-0.915696
-0.734543
-0.57333
-0.433834
-0.310285
-0.198103
-0.0893121
0.0199352
0.130138
0.25106
0.394483
0.547616
0.725505
0.931064
1.1483
1.3803
1.6175
1.84341
2.04683
2.16585
2.18036
2.08519
1.88645
1.59982
1.25073
0.872419
0.500416
0.16476
-0.115785
-0.334831
-0.495655
-0.607123
-0.680188
-0.725642
-0.752991
-0.770066
-0.783008
-0.796436
-0.813618
-0.836624
-0.866421
-0.903128
-0.947133
-0.998635
-1.05534
-1.10675
-1.13786
-1.14351
-1.12496
-1.08753
-1.04032
-0.994086
-0.957782
-0.935447
-0.924152
-0.912675
-0.880104
-0.794729
-0.615913
-0.303351
-1.40253
-1.30037
-1.1815
-1.02733
-0.837012
-0.639879
-0.475037
-0.333767
-0.210242
-0.0970043
0.0111868
0.117334
0.226663
0.351054
0.482636
0.63443
0.81739
1.01755
1.23706
1.47069
1.7061
1.93624
2.09392
2.15226
2.10055
1.93674
1.66816
1.31641
0.917676
0.515364
0.14807
-0.159639
-0.39913
-0.573911
-0.694187
-0.772412
-0.820621
-0.849193
-0.866462
-0.878767
-0.8907
-0.905409
-0.924851
-0.94997
-0.980836
-1.017
-1.05904
-1.10706
-1.1568
-1.19369
-1.20789
-1.19906
-1.1703
-1.12829
-1.08247
-1.04253
-1.01537
-1.00259
-0.999097
-0.99198
-0.958958
-0.866883
-0.673177
-0.335343
-1.47917
-1.3337
-1.16845
-0.968291
-0.735735
-0.535686
-0.369343
-0.228911
-0.106426
0.0047235
0.109306
0.210071
0.317386
0.428521
0.553633
0.708613
0.884207
1.0825
1.30549
1.5478
1.79274
1.98611
2.08947
2.08812
1.97217
1.73736
1.39593
0.983118
0.550196
0.146896
-0.193617
-0.458734
-0.651552
-0.783526
-0.868723
-0.920584
-0.950542
-0.967654
-0.97868
-0.98838
-0.999897
-1.01514
-1.03505
-1.05977
-1.08882
-1.12154
-1.15899
-1.20105
-1.23899
-1.25971
-1.2594
-1.23961
-1.20476
-1.16217
-1.12079
-1.08883
-1.0711
-1.06717
-1.07026
-1.06625
-1.03193
-0.933107
-0.725702
-0.365362
-1.5345
-1.34226
-1.12472
-0.884676
-0.628803
-0.425859
-0.260149
-0.121536
-0.00160145
0.10563
0.20203
0.296269
0.390702
0.491034
0.615231
0.760146
0.929043
1.13113
1.3705
1.62233
1.84225
1.9853
2.03487
1.9752
1.79002
1.4769
1.06328
0.605008
0.164408
-0.213374
-0.509063
-0.724047
-0.870693
-0.96473
-1.02114
-1.05258
-1.06902
-1.07789
-1.08436
-1.09177
-1.10208
-1.11628
-1.1346
-1.15667
-1.18169
-1.20899
-1.24017
-1.27412
-1.29859
-1.30486
-1.29326
-1.26642
-1.2294
-1.18942
-1.15447
-1.1311
-1.12233
-1.12611
-1.13448
-1.13247
-1.09624
-0.990921
-0.771305
-0.391596
-1.5659
-1.32481
-1.0602
-0.772219
-0.513552
-0.312062
-0.148421
-0.0121304
0.103487
0.201121
0.287627
0.370209
0.450387
0.545487
0.657295
0.79073
0.96214
1.1848
1.43064
1.66533
1.83874
1.93344
1.93126
1.80699
1.54154
1.14674
0.675669
0.201597
-0.215395
-0.545708
-0.786762
-0.950994
-1.0557
-1.11754
-1.15056
-1.16582
-1.17162
-1.1738
-1.17616
-1.1809
-1.18907
-1.20101
-1.21648
-1.23475
-1.25479
-1.27604
-1.30075
-1.32465
-1.33602
-1.33152
-1.31264
-1.28262
-1.24662
-1.21134
-1.18361
-1.1685
-1.16757
-1.17762
-1.18987
-1.1888
-1.15021
-1.03878
-0.808578
-0.412833
-1.57139
-1.27762
-0.971879
-0.649093
-0.394846
-0.195322
-0.0333867
0.0981507
0.203891
0.289784
0.365661
0.432382
0.5034
0.584423
0.68119
0.81783
1.00621
1.23064
1.46378
1.65439
1.78334
1.83228
1.77225
1.57
1.21662
0.75252
0.255708
-0.198157
-0.565236
-0.83563
-1.02021
-1.13741
-1.20566
-1.24056
-1.25444
-1.25661
-1.25375
-1.25037
-1.24912
-1.25127
-1.25721
-1.26675
-1.27928
-1.29372
-1.30886
-1.32424
-1.34264
-1.35682
-1.35781
-1.34594
-1.32312
-1.29272
-1.25966
-1.22988
-1.20907
-1.20107
-1.20638
-1.22101
-1.23564
-1.23447
-1.19308
-1.07595
-0.836764
-0.42835
-1.54938
-1.20313
-0.856639
-0.524906
-0.273101
-0.074483
0.0825034
0.204402
0.297729
0.373326
0.433245
0.487779
0.544234
0.608163
0.70365
0.848902
1.0371
1.25142
1.44267
1.59072
1.67829
1.67697
1.54513
1.25323
0.820327
0.318941
-0.163377
-0.565995
-0.867664
-1.07503
-1.20665
-1.28256
-1.32009
-1.33298
-1.33164
-1.3237
-1.31445
-1.3072
-1.30363
-1.30423
-1.30879
-1.31666
-1.32693
-1.33813
-1.34894
-1.35921
-1.37106
-1.37628
-1.37042
-1.35436
-1.33016
-1.30116
-1.27183
-1.24732
-1.2323
-1.22969
-1.23925
-1.25652
-1.27192
-1.26951
-1.22479
-1.10224
-0.85555
-0.437743
-1.49794
-1.10713
-0.714367
-0.394562
-0.145527
0.0473405
0.195066
0.304677
0.387363
0.447506
0.493205
0.533826
0.572465
0.628662
0.724655
0.867297
1.04556
1.2193
1.36792
1.47706
1.52158
1.45725
1.239
0.860856
0.378643
-0.116755
-0.548783
-0.881274
-1.11314
-1.26113
-1.34638
-1.38791
-1.40094
-1.39709
-1.38494
-1.37053
-1.35786
-1.3492
-1.34534
-1.34602
-1.35047
-1.35765
-1.36649
-1.37522
-1.38225
-1.38798
-1.39418
-1.39279
-1.38246
-1.36414
-1.34007
-1.3133
-1.28762
-1.26731
-1.25625
-1.25672
-1.26809
-1.2857
-1.29994
-1.29487
-1.246
-1.118
-0.864982
-0.440859
-1.41351
-0.989959
-0.57769
-0.261551
-0.0189347
0.16581
0.301787
0.400258
0.468157
0.512968
0.545553
0.567968
0.593607
0.642695
0.734934
0.867195
1.00636
1.136
1.24629
1.31752
1.30779
1.16402
0.857645
0.419597
-0.0676414
-0.517147
-0.876492
-1.13315
-1.29935
-1.39599
-1.4435
-1.45864
-1.45419
-1.43966
-1.42191
-1.40544
-1.393
-1.38584
-1.38396
-1.3864
-1.39206
-1.39961
-1.40827
-1.41604
-1.42118
-1.42371
-1.42539
-1.41684
-1.4002
-1.37744
-1.35089
-1.32339
-1.29851
-1.28003
-1.27122
-1.27375
-1.28643
-1.30419
-1.31715
-1.30927
-1.25615
-1.12296
-0.864839
-0.437432
-1.30517
-0.847496
-0.43729
-0.129445
0.10526
0.278869
0.403222
0.487958
0.539414
0.571105
0.586204
0.593126
0.604352
0.647949
0.730775
0.826646
0.922547
1.01384
1.08836
1.11161
1.03063
0.8015
0.427879
-0.0274903
-0.477253
-0.85516
-1.1347
-1.32031
-1.43065
-1.48671
-1.50666
-1.50456
-1.49079
-1.47291
-1.45594
-1.44261
-1.4342
-1.43067
-1.43122
-1.43419
-1.43802
-1.44095
-1.44014
-1.43618
-1.42955
-1.42599
-1.41848
-1.40475
-1.38536
-1.36187
-1.33631
-1.31125
-1.28985
-1.2754
-1.27058
-1.27643
-1.29127
-1.30966
-1.32156
-1.31093
-1.25368
-1.11577
-0.854
-0.426607
-1.17809
-0.690636
-0.297792
0.000743601
0.224517
0.385687
0.497698
0.565034
0.602091
0.617827
0.615935
0.605435
0.607078
0.64375
0.697046
0.754459
0.81268
0.867823
0.89737
0.85667
0.696139
0.396421
-0.00650744
-0.436635
-0.820741
-1.11841
-1.32334
-1.44926
-1.51618
-1.54281
-1.54407
-1.53095
-1.51118
-1.49023
-1.47142
-1.45638
-1.44566
-1.43894
-1.43536
-1.43452
-1.43515
-1.4361
-1.43605
-1.433
-1.4263
-1.41921
-1.40742
-1.39047
-1.36928
-1.34536
-1.32061
-1.29737
-1.27838
-1.26645
-1.26375
-1.27092
-1.28599
-1.30341
-1.31307
-1.29897
-1.23737
-1.09522
-0.831438
-0.40761
-1.03107
-0.542116
-0.161659
0.12528
0.33565
0.485735
0.580229
0.63125
0.654287
0.651648
0.634199
0.607483
0.604726
0.621128
0.644464
0.667256
0.689898
0.702597
0.674781
0.561662
0.330557
-0.00896575
-0.401745
-0.777473
-1.08556
-1.30764
-1.44965
-1.52836
-1.56191
-1.56563
-1.55147
-1.52813
-1.50196
-1.47748
-1.45764
-1.44374
-1.43573
-1.43277
-1.43367
-1.43623
-1.43897
-1.44025
-1.43849
-1.43223
-1.42181
-1.40956
-1.39315
-1.37281
-1.34958
-1.32488
-1.30041
-1.27817
-1.26048
-1.24966
-1.24749
-1.25432
-1.26807
-1.28318
-1.2896
-1.27148
-1.20549
-1.05982
-0.795977
-0.379602
-0.862487
-0.39551
-0.0302217
0.241737
0.440686
0.573757
0.650137
0.687705
0.691474
0.672574
0.636569
0.605117
0.589937
0.587033
0.582171
0.573258
0.558369
0.521387
0.429668
0.249076
-0.0295262
-0.374857
-0.728982
-1.03809
-1.27317
-1.4306
-1.52181
-1.56326
-1.57067
-1.55703
-1.53261
-1.50542
-1.48031
-1.46006
-1.44611
-1.43813
-1.43527
-1.43632
-1.43963
-1.44309
-1.44496
-1.44336
-1.43714
-1.42512
-1.4091
-1.39112
-1.36997
-1.34621
-1.32085
-1.29517
-1.27058
-1.24875
-1.23157
-1.22093
-1.21825
-1.22365
-1.23499
-1.24679
-1.24915
-1.22654
-1.15627
-1.00803
-0.74644
-0.341769
-0.703357
-0.253478
0.0933732
0.351105
0.533852
0.647204
0.708302
0.727983
0.714054
0.680221
0.631587
0.591459
0.567752
0.545649
0.515656
0.476345
0.421163
0.330725
0.178081
-0.0534128
-0.351841
-0.676457
-0.977884
-1.22073
-1.39199
-1.49656
-1.54787
-1.56171
-1.55261
-1.53218
-1.50768
-1.48439
-1.46489
-1.45061
-1.44205
-1.43845
-1.43869
-1.44116
-1.44396
-1.4452
-1.44295
-1.43558
-1.42242
-1.40316
-1.38077
-1.357
-1.3313
-1.30431
-1.27698
-1.25036
-1.2256
-1.204
-1.18705
-1.17623
-1.17258
-1.17599
-1.18426
-1.19203
-1.18972
-1.16227
-1.08795
-0.938383
-0.681754
-0.293421
-0.545963
-0.118901
0.208163
0.448713
0.609606
0.703961
0.749425
0.751528
0.72351
0.671679
0.615371
0.572609
0.539874
0.500677
0.448165
0.378346
0.281157
0.139298
-0.0625581
-0.323231
-0.617639
-0.905849
-1.15135
-1.33436
-1.4526
-1.51633
-1.54102
-1.54091
-1.52693
-1.50715
-1.48621
-1.46757
-1.45291
-1.44294
-1.43751
-1.43558
-1.43573
-1.43617
-1.43516
-1.43085
-1.42154
-1.4064
-1.38474
-1.35799
-1.32941
-1.30044
-1.27086
-1.24131
-1.21257
-1.18547
-1.16087
-1.13975
-1.12318
-1.11221
-1.10749
-1.10867
-1.11348
-1.11675
-1.10932
-1.07687
-0.998955
-0.849627
-0.60114
-0.234153
-0.394472
0.0047097
0.308332
0.525297
0.663001
0.740726
0.771005
0.754881
0.708189
0.648726
0.590348
0.548664
0.507941
0.454259
0.380462
0.279691
0.14186
-0.043431
-0.277945
-0.546882
-0.820149
-1.0645
-1.2564
-1.38877
-1.46844
-1.50753
-1.51914
-1.51383
-1.49927
-1.48125
-1.4633
-1.44774
-1.43558
-1.42695
-1.42126
-1.41739
-1.41377
-1.40874
-1.40093
-1.38862
-1.37066
-1.34684
-1.31699
-1.28419
-1.25081
-1.21809
-1.186
-1.15505
-1.12585
-1.099
-1.07508
-1.05474
-1.03865
-1.02746
-1.02145
-1.02004
-1.02095
-1.01925
-1.00633
-0.968883
-0.888161
-0.741097
-0.504409
-0.164063
-0.254784
0.111023
0.385625
0.574874
0.691875
0.753835
0.760144
0.724817
0.670304
0.609633
0.558658
0.518427
0.471595
0.405768
0.312037
0.182243
0.00994053
-0.20565
-0.454174
-0.713016
-0.953736
-1.1533
-1.30175
-1.39995
-1.45693
-1.48278
-1.48744
-1.47925
-1.46432
-1.44701
-1.42995
-1.41469
-1.40176
-1.39094
-1.38155
-1.37245
-1.36227
-1.3498
-1.3338
-1.31307
-1.28725
-1.25589
-1.2202
-1.18369
-1.14775
-1.1133
-1.08038
-1.04934
-1.02061
-0.994528
-0.971439
-0.951675
-0.93559
-0.923474
-0.915319
-0.910384
-0.90647
-0.89902
-0.88019
-0.837911
-0.75552
-0.613228
-0.392408
-0.0840744
-0.13273
0.193926
0.434719
0.595243
0.685552
0.723077
0.713885
0.673451
0.619857
0.56435
0.522113
0.483965
0.433769
0.359141
0.249669
0.0979056
-0.0966959
-0.325486
-0.570437
-0.80821
-1.0175
-1.18416
-1.30491
-1.38257
-1.42519
-1.442
-1.44149
-1.43051
-1.41403
-1.39543
-1.37674
-1.35904
-1.34258
-1.32708
-1.31195
-1.29621
-1.27888
-1.25917
-1.236
-1.20862
-1.17703
-1.14097
-1.1031
-1.06561
-1.02943
-0.995154
-0.962788
-0.932544
-0.904619
-0.879164
-0.85629
-0.836097
-0.81869
-0.804113
-0.792176
-0.782101
-0.771904
-0.757579
-0.732268
-0.685464
-0.602891
-0.468272
-0.267572
0.00368374
-0.0293751
0.252362
0.453955
0.581226
0.648554
0.671024
0.656281
0.619043
0.571607
0.525693
0.492539
0.459086
0.409961
0.332081
0.214535
0.0515391
-0.151952
-0.381756
-0.618042
-0.839112
-1.02783
-1.17383
-1.27591
-1.33895
-1.37103
-1.38065
-1.37531
-1.36088
-1.34158
-1.32021
-1.29841
-1.27699
-1.2561
-1.23557
-1.21495
-1.19353
-1.1707
-1.14585
-1.11812
-1.08717
-1.05285
-1.01536
-0.978041
-0.941703
-0.906887
-0.873891
-0.842674
-0.813281
-0.785729
-0.759994
-0.736022
-0.713754
-0.693141
-0.674101
-0.656387
-0.639315
-0.621256
-0.598932
-0.566702
-0.515902
-0.434897
-0.31099
-0.134412
0.0955715
0.0542244
0.286068
0.447909
0.54671
0.597857
0.614097
0.602295
0.574075
0.537261
0.50524
0.48355
0.45895
0.415744
0.339842
0.220938
0.0548103
-0.151361
-0.3807
-0.611669
-0.822315
-0.996787
-1.1279
-1.21647
-1.26846
-1.29198
-1.29519
-1.28505
-1.26694
-1.24459
-1.22042
-1.19578
-1.1713
-1.14713
-1.12317
-1.09907
-1.07438
-1.04875
-1.02153
-0.992087
-0.960305
-0.925732
-0.889919
-0.85478
-0.820676
-0.787835
-0.756333
-0.726054
-0.696905
-0.668765
-0.641486
-0.61491
-0.588896
-0.563336
-0.538127
-0.513077
-0.487703
-0.460832
-0.430023
-0.391002
-0.337135
-0.259576
-0.149124
0.000220535
0.186317
0.109142
0.289774
0.414481
0.491114
0.53348
0.551516
0.549908
0.536115
0.515394
0.500357
0.493096
0.480986
0.447426
0.377357
0.26167
0.0971533
-0.108573
-0.336557
-0.562954
-0.765822
-0.930353
-1.05078
-1.12903
-1.17181
-1.18766
-1.18489
-1.17036
-1.14918
-1.12472
-1.09903
-1.07317
-1.04757
-1.02235
-0.997402
-0.972421
-0.947115
-0.92127
-0.89414
-0.865341
-0.834757
-0.802014
-0.769158
-0.736888
-0.705293
-0.674391
-0.644107
-0.614259
-0.584661
-0.555105
-0.525377
-0.495275
-0.464639
-0.433375
-0.401434
-0.368744
-0.335071
-0.29972
-0.261093
-0.216291
-0.160737
-0.0883625
0.00673999
0.127346
0.269246
0.126834
0.257692
0.3499
0.41087
0.451096
0.477134
0.491417
0.497565
0.498041
0.503211
0.513421
0.516932
0.496545
0.435726
0.326178
0.167178
-0.033996
-0.257978
-0.480289
-0.678137
-0.836125
-0.948519
-1.01793
-1.05207
-1.06047
-1.052
-1.03369
-1.0104
-0.985115
-0.959482
-0.934212
-0.909512
-0.885366
-0.86158
-0.837878
-0.814055
-0.789762
-0.764486
-0.738035
-0.709935
-0.680546
-0.651228
-0.622096
-0.59309
-0.564106
-0.534987
-0.505517
-0.475466
-0.444592
-0.412663
-0.379475
-0.344884
-0.30883
-0.271328
-0.23242
-0.192089
-0.150046
-0.105436
-0.0566141
-0.000924995
0.0650887
0.144335
0.236883
0.337102
0.101712
0.186745
0.252001
0.303027
0.346251
0.384918
0.419532
0.450148
0.47653
0.505962
0.537044
0.559731
0.556686
0.509465
0.408796
0.257471
0.0637922
-0.15508
-0.374502
-0.569642
-0.723048
-0.828285
-0.888784
-0.913832
-0.914353
-0.900031
-0.878053
-0.853046
-0.827586
-0.802872
-0.779244
-0.756657
-0.734905
-0.713655
-0.692627
-0.671603
-0.650196
-0.628067
-0.605069
-0.580831
-0.555885
-0.530757
-0.505379
-0.479622
-0.453335
-0.426336
-0.398406
-0.369314
-0.338818
-0.306686
-0.272714
-0.236748
-0.19872
-0.158636
-0.11656
-0.0725741
-0.0266608
0.0214554
0.0723659
0.12704
0.186602
0.251306
0.318962
0.383008
0.0258264
0.0702617
0.113787
0.159337
0.209275
0.263824
0.32184
0.380367
0.436651
0.494702
0.5513
0.598229
0.619365
0.594704
0.510311
0.366192
0.179088
-0.0360802
-0.254227
-0.447674
-0.596347
-0.693382
-0.743694
-0.758578
-0.750457
-0.729728
-0.703672
-0.676648
-0.650843
-0.627045
-0.60525
-0.585151
-0.566336
-0.548348
-0.530847
-0.513578
-0.49619
-0.478453
-0.460259
-0.441407
-0.422165
-0.402579
-0.382523
-0.361852
-0.340409
-0.318018
-0.294473
-0.26955
-0.243004
-0.214577
-0.184015
-0.151081
-0.115583
-0.0773893
-0.0364283
0.0072858
0.0536829
0.102668
0.154035
0.207391
0.261896
0.315527
0.364131
0.400424
